next
-8.75 -12.5 800
8.75 12.5 800
0 0 0
0 5 0
0 10 0
0 0 0
1 1 300
5.9 1 300
1 6.33333 300
5.9 6.33333 300
1 11.6667 300
5.9 11.6667 300
-1 1 500
-5.9 1 500
-1 6.33333 500
-5.9 6.33333 500
-1 11.6667 500
-5.9 11.6667 500
8.75 -12.5 800
26.25 12.5 800
20 0 0
10 0 0
10.8 1 300
15.7 1 300
20.6 1 300
25.5 1 300
10.8 6.33333 300
15.7 6.33333 300
20.6 6.33333 300
25.5 6.33333 300
10.8 11.6667 300
15.7 11.6667 300
20.6 11.6667 300
25.5 11.6667 300
10.8 -1 500
15.7 -1 500
20.6 -1 500
25.5 -1 500
10.8 -6.33333 500
15.7 -6.33333 500
20.6 -6.33333 500
25.5 -6.33333 500
10.8 -11.6667 500
15.7 -11.6667 500
20.6 -11.6667 500
25.5 -11.6667 500
26.25 -12.5 800
43.75 12.5 800
40 0 0
30 0 0
30.4 1 300
35.3 1 300
40.2 1 300
30.4 6.33333 300
35.3 6.33333 300
40.2 6.33333 300
30.4 11.6667 300
35.3 11.6667 300
40.2 11.6667 300
30.4 -1 500
35.3 -1 500
40.2 -1 500
30.4 -6.33333 500
35.3 -6.33333 500
40.2 -6.33333 500
30.4 -11.6667 500
35.3 -11.6667 500
40.2 -11.6667 500
43.75 -12.5 800
61.25 12.5 800
58 6 0
54 3 0
50 0 0
50 0 0
45.1 1 300
45.1 6.33333 300
45.1 11.6667 300
49.588 -4.984 500
54.708 -6.47733 500
59.828 -7.97067 500
61.25 -12.5 800
78.75 12.5 800
66 12 0
62 9 0
78.75 -12.5 800
96.25 12.5 800
96.25 -12.5 800
113.75 12.5 800
113.75 -12.5 800
131.25 12.5 800
131.25 -12.5 800
148.75 12.5 800
-8.75 12.5 800
8.75 37.5 800
0 15 0
0 20 0
0 25 0
0 30 0
0 35 0
1 17 300
5.9 17 300
1 22.3333 300
5.9 22.3333 300
1 27.6667 300
5.9 27.6667 300
1 33 300
5.9 33 300
-1 17 500
-5.9 17 500
-1 22.3333 500
-5.9 22.3333 500
-1 27.6667 500
-5.9 27.6667 500
-1 33 500
-5.9 33 500
8.75 12.5 800
26.25 37.5 800
10.8 17 300
15.7 17 300
20.6 17 300
25.5 17 300
10.8 22.3333 300
15.7 22.3333 300
20.6 22.3333 300
25.5 22.3333 300
10.8 27.6667 300
15.7 27.6667 300
20.6 27.6667 300
25.5 27.6667 300
10.8 33 300
15.7 33 300
20.6 33 300
25.5 33 300
26.25 12.5 800
43.75 37.5 800
30.4 17 300
35.3 17 300
40.2 17 300
30.4 22.3333 300
35.3 22.3333 300
40.2 22.3333 300
30.4 27.6667 300
35.3 27.6667 300
40.2 27.6667 300
30.4 33 300
35.3 33 300
40.2 33 300
43.75 12.5 800
61.25 37.5 800
45.1 17 300
45.1 22.3333 300
45.1 27.6667 300
45.1 33 300
61.25 12.5 800
78.75 37.5 800
70 35 0
70 35 0
70 15 0
70 15 0
78.75 12.5 800
96.25 37.5 800
84 35 0
84 15 0
96.25 12.5 800
113.75 37.5 800
98 35 0
112 35 0
112 15 0
98 15 0
113.75 12.5 800
131.25 37.5 800
126 35 0
126 15 0
131.25 12.5 800
148.75 37.5 800
140 35 0
140 35 0
140 31 0
140 27 0
140 23 0
140 19 0
140 15 0
140 15 0
-8.75 37.5 800
8.75 62.5 800
0 40 0
0 45 0
0 50 0
0 50 0
1 38.3333 300
5.9 38.3333 300
1 43.6667 300
5.9 43.6667 300
1 49 300
5.9 49 300
-1 38.3333 500
-5.9 38.3333 500
-1 43.6667 500
-5.9 43.6667 500
-1 49 500
-5.9 49 500
8.75 37.5 800
26.25 62.5 800
10 50 0
20 50 0
10.8 38.3333 300
15.7 38.3333 300
20.6 38.3333 300
25.5 38.3333 300
10.8 43.6667 300
15.7 43.6667 300
20.6 43.6667 300
25.5 43.6667 300
10.8 49 300
15.7 49 300
20.6 49 300
25.5 49 300
10.8 61.6667 500
15.7 61.6667 500
20.6 61.6667 500
25.5 61.6667 500
10.8 56.3333 500
15.7 56.3333 500
20.6 56.3333 500
25.5 56.3333 500
10.8 51 500
15.7 51 500
20.6 51 500
25.5 51 500
26.25 37.5 800
43.75 62.5 800
30 50 0
40 50 0
30.4 38.3333 300
35.3 38.3333 300
40.2 38.3333 300
30.4 43.6667 300
35.3 43.6667 300
40.2 43.6667 300
30.4 49 300
35.3 49 300
40.2 49 300
30.4 61.6667 500
35.3 61.6667 500
40.2 61.6667 500
30.4 56.3333 500
35.3 56.3333 500
40.2 56.3333 500
30.4 51 500
35.3 51 500
40.2 51 500
43.75 37.5 800
61.25 62.5 800
50 50 0
50 50 0
54 47 0
58 44 0
45.1 38.3333 300
45.1 43.6667 300
45.1 49 300
54.9 61.6667 500
54.9 56.3333 500
54.9 51 500
61.25 37.5 800
78.75 62.5 800
62 41 0
66 38 0
78.75 37.5 800
96.25 62.5 800
96.25 37.5 800
113.75 62.5 800
113.75 37.5 800
131.25 62.5 800
131.25 37.5 800
148.75 62.5 800
