begin.
295.584 280.516 1
296.103 280.516 1
296.623 280.516 1
297.142 280.516 1
297.662 280.516 1
298.182 280.516 1
298.701 280.516 1
299.221 280.516 1
299.74 280.516 1
300.26 280.516 1
300.779 280.516 1
301.299 280.516 1
301.818 280.516 1
302.338 280.516 1
302.858 280.516 1
303.377 280.516 1
303.897 280.516 1
304.416 280.516 1
294.025 281.036 1
294.545 281.036 1
295.064 281.036 1
295.584 281.036 1
296.103 281.036 1
296.623 281.036 1
297.142 281.036 1
297.662 281.036 1
298.182 281.036 1
298.701 281.036 1
299.221 281.036 1
299.74 281.036 1
300.26 281.036 1
300.779 281.036 1
301.299 281.036 1
301.818 281.036 1
302.338 281.036 1
302.858 281.036 1
303.377 281.036 1
303.897 281.036 1
304.416 281.036 1
304.936 281.036 1
305.455 281.036 1
305.975 281.036 1
292.466 281.555 1
292.986 281.555 1
293.505 281.555 1
294.025 281.555 1
294.545 281.555 1
295.064 281.555 1
295.584 281.555 1
296.103 281.555 1
296.623 281.555 1
297.142 281.555 1
297.662 281.555 1
298.182 281.555 1
298.701 281.555 1
299.221 281.556 1
299.74 281.556 1
300.26 281.556 1
300.779 281.556 1
301.299 281.555 1
301.818 281.555 1
302.338 281.555 1
302.858 281.555 1
303.377 281.555 1
303.897 281.555 1
304.416 281.555 1
304.936 281.555 1
305.455 281.555 1
305.975 281.555 1
306.495 281.555 1
307.014 281.555 1
307.534 281.555 1
291.427 282.075 1
291.947 282.075 1
292.466 282.075 1
292.986 282.075 1
293.505 282.075 1
294.025 282.075 1
294.545 282.075 1
295.064 282.075 1
295.584 282.075 1
296.103 282.075 1
296.623 282.075 1
297.143 282.075 1
297.662 282.075 1
298.182 282.075 1
298.701 282.075 1
299.221 282.075 1
299.74 282.075 1
300.26 282.075 1
300.779 282.075 1
301.299 282.075 1
301.818 282.075 1
302.338 282.075 1
302.857 282.075 1
303.377 282.075 1
303.897 282.075 1
304.416 282.075 1
304.936 282.075 1
305.455 282.075 1
305.975 282.075 1
306.495 282.075 1
307.014 282.075 1
307.534 282.075 1
308.053 282.075 1
308.573 282.075 1
290.388 282.595 1
290.908 282.595 1
291.427 282.595 1
291.947 282.595 1
292.466 282.595 1
292.986 282.595 1
293.505 282.595 1
294.025 282.595 1
294.545 282.595 1
295.064 282.595 1
295.584 282.595 1
296.103 282.595 1
296.623 282.595 1
297.143 282.595 1
297.662 282.595 1
298.182 282.595 1
298.701 282.595 1
299.221 282.595 1
299.74 282.595 1
300.26 282.595 1
300.779 282.595 1
301.299 282.595 1
301.818 282.595 1
302.338 282.595 1
302.857 282.595 1
303.377 282.595 1
303.897 282.595 1
304.416 282.595 1
304.936 282.595 1
305.455 282.595 1
305.975 282.595 1
306.495 282.595 1
307.014 282.595 1
307.534 282.595 1
308.053 282.595 1
308.573 282.595 1
309.092 282.595 1
309.612 282.595 1
289.349 283.114 1
289.868 283.114 1
290.388 283.114 1
290.908 283.114 1
291.427 283.114 1
291.947 283.114 1
292.466 283.114 1
292.986 283.114 1
293.506 283.114 1
294.025 283.114 1
294.545 283.114 1
295.064 283.115 1
295.584 283.115 1
296.103 283.115 1
296.623 283.115 1
297.143 283.115 1
297.662 283.115 1
298.182 283.115 1
298.701 283.115 1
299.221 283.115 1
299.74 283.115 1
300.26 283.115 1
300.779 283.115 1
301.299 283.115 1
301.818 283.115 1
302.338 283.115 1
302.857 283.115 1
303.377 283.115 1
303.897 283.115 1
304.416 283.115 1
304.936 283.115 1
305.455 283.114 1
305.975 283.114 1
306.494 283.114 1
307.014 283.114 1
307.534 283.114 1
308.053 283.114 1
308.573 283.114 1
309.092 283.114 1
309.612 283.114 1
310.132 283.114 1
310.651 283.114 1
288.829 283.634 1
289.349 283.634 1
289.868 283.634 1
290.388 283.634 1
290.908 283.634 1
291.427 283.634 1
291.947 283.634 1
292.466 283.634 1
292.986 283.634 1
293.506 283.634 1
294.025 283.634 1
294.545 283.634 1
295.064 283.634 1
295.584 283.634 1
296.104 283.635 1
296.623 283.635 1
297.143 283.635 1
297.662 283.635 1
298.182 283.635 1
298.701 283.635 1
299.221 283.635 1
299.74 283.635 1
300.26 283.635 1
300.779 283.635 1
301.299 283.635 1
301.818 283.635 1
302.338 283.635 1
302.857 283.635 1
303.377 283.635 1
303.896 283.635 1
304.416 283.634 1
304.936 283.634 1
305.455 283.634 1
305.975 283.634 1
306.494 283.634 1
307.014 283.634 1
307.534 283.634 1
308.053 283.634 1
308.573 283.634 1
309.092 283.634 1
309.612 283.634 1
310.132 283.634 1
310.651 283.634 1
311.171 283.634 1
288.31 284.153 1
288.829 284.153 1
289.349 284.153 1
289.869 284.153 1
290.388 284.153 1
290.908 284.153 1
291.427 284.154 1
291.947 284.154 1
292.467 284.154 1
292.986 284.154 1
293.506 284.154 1
294.025 284.154 1
294.545 284.154 1
295.064 284.154 1
295.584 284.154 1
296.104 284.154 1
296.623 284.154 1
297.143 284.155 1
297.662 284.155 1
298.182 284.155 1
298.701 284.155 1
299.221 284.155 1
299.74 284.155 1
300.26 284.155 1
300.779 284.155 1
301.299 284.155 1
301.818 284.155 1
302.338 284.155 1
302.857 284.155 1
303.377 284.154 1
303.896 284.154 1
304.416 284.154 1
304.936 284.154 1
305.455 284.154 1
305.975 284.154 1
306.494 284.154 1
307.014 284.154 1
307.533 284.154 1
308.053 284.154 1
308.573 284.154 1
309.092 284.153 1
309.612 284.153 1
310.131 284.153 1
310.651 284.153 1
311.171 284.153 1
311.69 284.153 1
287.271 284.673 1
287.79 284.673 1
288.31 284.673 1
288.829 284.673 1
289.349 284.673 1
289.869 284.673 1
290.388 284.673 1
290.908 284.673 1
291.427 284.673 1
291.947 284.673 1
292.467 284.674 1
292.986 284.674 1
293.506 284.674 1
294.025 284.674 1
294.545 284.674 1
295.065 284.674 1
295.584 284.674 1
296.104 284.674 1
296.623 284.674 1
297.143 284.674 1
297.662 284.674 1
298.182 284.675 1
298.701 284.675 1
299.221 284.675 1
299.74 284.675 1
300.26 284.675 1
300.779 284.675 1
301.299 284.675 1
301.818 284.675 1
302.338 284.674 1
302.857 284.674 1
303.377 284.674 1
303.896 284.674 1
304.416 284.674 1
304.935 284.674 1
305.455 284.674 1
305.975 284.674 1
306.494 284.674 1
307.014 284.674 1
307.533 284.674 1
308.053 284.673 1
308.573 284.673 1
309.092 284.673 1
309.612 284.673 1
310.131 284.673 1
310.651 284.673 1
311.171 284.673 1
311.69 284.673 1
312.21 284.673 1
312.729 284.673 1
286.751 285.192 1
287.271 285.192 1
287.79 285.192 1
288.31 285.192 1
288.829 285.192 1
289.349 285.193 1
289.869 285.193 1
290.388 285.193 1
290.908 285.193 1
291.428 285.193 1
291.947 285.193 1
292.467 285.193 1
292.986 285.193 1
293.506 285.194 1
294.026 285.194 1
294.545 285.194 1
295.065 285.194 1
295.584 285.194 1
296.104 285.194 1
296.623 285.194 1
297.143 285.194 1
297.662 285.194 1
298.182 285.194 1
298.701 285.194 1
299.221 285.194 1
299.74 285.194 1
300.26 285.194 1
300.779 285.194 1
301.299 285.194 1
301.818 285.194 1
302.338 285.194 1
302.857 285.194 1
303.377 285.194 1
303.896 285.194 1
304.416 285.194 1
304.935 285.194 1
305.455 285.194 1
305.974 285.194 1
306.494 285.194 1
307.014 285.193 1
307.533 285.193 1
308.053 285.193 1
308.572 285.193 1
309.092 285.193 1
309.612 285.193 1
310.131 285.193 1
310.651 285.193 1
311.171 285.192 1
311.69 285.192 1
312.21 285.192 1
312.729 285.192 1
313.249 285.192 1
286.232 285.712 1
286.751 285.712 1
287.271 285.712 1
287.79 285.712 1
288.31 285.712 1
288.829 285.712 1
289.349 285.712 1
289.869 285.712 1
290.388 285.713 1
290.908 285.713 1
291.428 285.713 1
291.947 285.713 1
292.467 285.713 1
292.987 285.713 1
293.506 285.713 1
294.026 285.714 1
294.545 285.714 1
295.065 285.714 1
295.584 285.714 1
296.104 285.714 1
296.623 285.714 1
297.143 285.714 1
297.662 285.714 1
298.182 285.714 1
298.701 285.714 1
299.221 285.714 1
299.74 285.714 1
300.26 285.714 1
300.779 285.714 1
301.299 285.714 1
301.818 285.714 1
302.338 285.714 1
302.857 285.714 1
303.377 285.714 1
303.896 285.714 1
304.416 285.714 1
304.935 285.714 1
305.455 285.714 1
305.974 285.714 1
306.494 285.713 1
307.013 285.713 1
307.533 285.713 1
308.053 285.713 1
308.572 285.713 1
309.092 285.713 1
309.612 285.713 1
310.131 285.712 1
310.651 285.712 1
311.171 285.712 1
311.69 285.712 1
312.21 285.712 1
312.729 285.712 1
313.249 285.712 1
313.768 285.712 1
285.712 286.232 1
286.232 286.232 1
286.751 286.232 1
287.271 286.232 1
287.79 286.232 1
288.31 286.232 1
288.83 286.232 1
289.349 286.232 1
289.869 286.232 1
290.389 286.232 1
290.908 286.232 1
291.428 286.233 1
291.947 286.233 1
292.467 286.233 1
292.987 286.233 1
293.506 286.233 1
294.026 286.233 1
294.545 286.233 1
295.065 286.234 1
295.584 286.234 1
296.104 286.234 1
296.623 286.234 1
297.143 286.234 1
297.662 286.234 1
298.182 286.234 1
298.701 286.234 1
299.221 286.234 1
299.74 286.234 1
300.26 286.234 1
300.779 286.234 1
301.299 286.234 1
301.818 286.234 1
302.338 286.234 1
302.857 286.234 1
303.377 286.234 1
303.896 286.234 1
304.416 286.234 1
304.935 286.234 1
305.455 286.233 1
305.974 286.233 1
306.494 286.233 1
307.013 286.233 1
307.533 286.233 1
308.053 286.233 1
308.572 286.233 1
309.092 286.232 1
309.611 286.232 1
310.131 286.232 1
310.651 286.232 1
311.17 286.232 1
311.69 286.232 1
312.21 286.232 1
312.729 286.232 1
313.249 286.232 1
313.768 286.232 1
314.288 286.232 1
285.192 286.751 1
285.712 286.751 1
286.232 286.751 1
286.751 286.751 1
287.271 286.751 1
287.79 286.751 1
288.31 286.751 1
288.83 286.752 1
289.349 286.752 1
289.869 286.752 1
290.389 286.752 1
290.908 286.752 1
291.428 286.752 1
291.948 286.753 1
292.467 286.753 1
292.987 286.753 1
293.506 286.753 1
294.026 286.753 1
294.545 286.753 1
295.065 286.753 1
295.584 286.753 1
296.104 286.753 1
296.623 286.753 1
297.143 286.753 1
297.662 286.753 1
298.182 286.753 1
298.701 286.753 1
299.221 286.753 1
299.74 286.753 1
300.26 286.753 1
300.779 286.753 1
301.299 286.753 1
301.818 286.753 1
302.338 286.753 1
302.857 286.753 1
303.377 286.753 1
303.896 286.753 1
304.416 286.753 1
304.935 286.753 1
305.455 286.753 1
305.974 286.753 1
306.494 286.753 1
307.013 286.753 1
307.533 286.753 1
308.052 286.753 1
308.572 286.752 1
309.092 286.752 1
309.611 286.752 1
310.131 286.752 1
310.651 286.752 1
311.17 286.752 1
311.69 286.751 1
312.21 286.751 1
312.729 286.751 1
313.249 286.751 1
313.768 286.751 1
314.288 286.751 1
314.808 286.751 1
284.673 287.271 1
285.192 287.271 1
285.712 287.271 1
286.232 287.271 1
286.751 287.271 1
287.271 287.271 1
287.791 287.271 1
288.31 287.271 1
288.83 287.271 1
289.35 287.271 1
289.869 287.272 1
290.389 287.272 1
290.909 287.272 1
291.428 287.272 1
291.948 287.272 1
292.467 287.272 1
292.987 287.273 1
293.506 287.273 1
294.026 287.273 1
294.545 287.273 1
295.065 287.273 1
295.584 287.273 1
296.104 287.273 1
296.623 287.273 1
297.143 287.273 1
297.662 287.273 1
298.182 287.273 1
298.701 287.273 1
299.221 287.273 1
299.74 287.273 1
300.26 287.273 1
300.779 287.273 1
301.299 287.273 1
301.818 287.273 1
302.338 287.273 1
302.857 287.273 1
303.377 287.273 1
303.896 287.273 1
304.416 287.273 1
304.935 287.273 1
305.455 287.273 1
305.974 287.273 1
306.494 287.273 1
307.013 287.273 1
307.533 287.272 1
308.052 287.272 1
308.572 287.272 1
309.091 287.272 1
309.611 287.272 1
310.131 287.272 1
310.65 287.271 1
311.17 287.271 1
311.69 287.271 1
312.209 287.271 1
312.729 287.271 1
313.249 287.271 1
313.768 287.271 1
314.288 287.271 1
314.808 287.271 1
315.327 287.271 1
284.673 287.79 1
285.192 287.79 1
285.712 287.79 1
286.232 287.79 1
286.751 287.79 1
287.271 287.791 1
287.791 287.791 1
288.31 287.791 1
288.83 287.791 1
289.35 287.791 1
289.869 287.791 1
290.389 287.792 1
290.909 287.792 1
291.428 287.792 1
291.948 287.792 1
292.467 287.792 1
292.987 287.792 1
293.506 287.792 1
294.026 287.792 1
294.545 287.792 1
295.065 287.792 1
295.584 287.792 1
296.104 287.792 1
296.623 287.792 1
297.143 287.792 1
297.662 287.792 1
298.182 287.792 1
298.701 287.792 1
299.221 287.792 1
299.74 287.792 1
300.26 287.792 1
300.779 287.792 1
301.299 287.792 1
301.818 287.792 1
302.338 287.792 1
302.857 287.792 1
303.377 287.792 1
303.896 287.792 1
304.416 287.792 1
304.935 287.792 1
305.455 287.792 1
305.974 287.792 1
306.494 287.792 1
307.013 287.792 1
307.533 287.792 1
308.052 287.792 1
308.572 287.792 1
309.091 287.792 1
309.611 287.792 1
310.131 287.791 1
310.65 287.791 1
311.17 287.791 1
311.69 287.791 1
312.209 287.791 1
312.729 287.791 1
313.249 287.79 1
313.768 287.79 1
314.288 287.79 1
314.808 287.79 1
315.327 287.79 1
284.153 288.31 1
284.673 288.31 1
285.192 288.31 1
285.712 288.31 1
286.232 288.31 1
286.751 288.31 1
287.271 288.31 1
287.791 288.31 1
288.311 288.311 1
288.83 288.311 1
289.35 288.311 1
289.87 288.311 1
290.389 288.311 1
290.909 288.311 1
291.428 288.312 1
291.948 288.312 1
292.468 288.312 1
292.987 288.312 1
293.506 288.312 1
294.026 288.312 1
294.545 288.312 1
295.065 288.312 1
295.584 288.312 1
296.104 288.312 1
296.623 288.312 1
297.143 288.312 1
297.662 288.312 1
298.182 288.312 1
298.701 288.312 1
299.221 288.312 1
299.74 288.312 1
300.26 288.312 1
300.779 288.312 1
301.299 288.312 1
301.818 288.312 1
302.338 288.312 1
302.857 288.312 1
303.377 288.312 1
303.896 288.312 1
304.416 288.312 1
304.935 288.312 1
305.455 288.312 1
305.974 288.312 1
306.494 288.312 1
307.013 288.312 1
307.532 288.312 1
308.052 288.312 1
308.572 288.312 1
309.091 288.311 1
309.611 288.311 1
310.13 288.311 1
310.65 288.311 1
311.17 288.311 1
311.689 288.311 1
312.209 288.31 1
312.729 288.31 1
313.249 288.31 1
313.768 288.31 1
314.288 288.31 1
314.808 288.31 1
315.327 288.31 1
315.847 288.31 1
283.634 288.829 1
284.153 288.829 1
284.673 288.829 1
285.192 288.829 1
285.712 288.829 1
286.232 288.83 1
286.752 288.83 1
287.271 288.83 1
287.791 288.83 1
288.311 288.83 1
288.83 288.83 1
289.35 288.831 1
289.87 288.831 1
290.389 288.831 1
290.909 288.831 1
291.429 288.831 1
291.948 288.831 1
292.468 288.831 1
292.987 288.831 1
293.506 288.831 1
294.026 288.831 1
294.545 288.831 1
295.065 288.831 1
295.584 288.831 1
296.104 288.831 1
296.623 288.831 1
297.143 288.831 1
297.662 288.831 1
298.182 288.831 1
298.701 288.831 1
299.221 288.831 1
299.74 288.831 1
300.26 288.831 1
300.779 288.831 1
301.299 288.831 1
301.818 288.831 1
302.338 288.831 1
302.857 288.831 1
303.377 288.831 1
303.896 288.831 1
304.416 288.831 1
304.935 288.831 1
305.455 288.831 1
305.974 288.831 1
306.494 288.831 1
307.013 288.831 1
307.532 288.831 1
308.052 288.831 1
308.571 288.831 1
309.091 288.831 1
309.611 288.831 1
310.13 288.831 1
310.65 288.831 1
311.17 288.83 1
311.689 288.83 1
312.209 288.83 1
312.729 288.83 1
313.248 288.83 1
313.768 288.83 1
314.288 288.829 1
314.808 288.829 1
315.327 288.829 1
315.847 288.829 1
316.366 288.829 1
283.114 289.349 1
283.634 289.349 1
284.153 289.349 1
284.673 289.349 1
285.193 289.349 1
285.712 289.349 1
286.232 289.349 1
286.752 289.349 1
287.271 289.35 1
287.791 289.35 1
288.311 289.35 1
288.831 289.35 1
289.35 289.35 1
289.87 289.35 1
290.39 289.351 1
290.909 289.351 1
291.429 289.351 1
291.948 289.351 1
292.468 289.351 1
292.987 289.351 1
293.506 289.351 1
294.026 289.351 1
294.545 289.351 1
295.065 289.351 1
295.584 289.351 1
296.104 289.351 1
296.623 289.351 1
297.143 289.351 1
297.662 289.351 1
298.182 289.351 1
298.701 289.351 1
299.221 289.351 1
299.74 289.351 1
300.26 289.351 1
300.779 289.351 1
301.299 289.351 1
301.818 289.351 1
302.338 289.351 1
302.857 289.351 1
303.377 289.351 1
303.896 289.351 1
304.416 289.351 1
304.935 289.351 1
305.455 289.351 1
305.974 289.351 1
306.494 289.351 1
307.013 289.351 1
307.532 289.351 1
308.052 289.351 1
308.571 289.351 1
309.091 289.351 1
309.61 289.351 1
310.13 289.35 1
310.65 289.35 1
311.169 289.35 1
311.689 289.35 1
312.209 289.35 1
312.729 289.35 1
313.248 289.349 1
313.768 289.349 1
314.288 289.349 1
314.807 289.349 1
315.327 289.349 1
315.847 289.349 1
316.366 289.349 1
316.886 289.349 1
283.114 289.868 1
283.634 289.868 1
284.153 289.869 1
284.673 289.869 1
285.193 289.869 1
285.712 289.869 1
286.232 289.869 1
286.752 289.869 1
287.272 289.869 1
287.791 289.869 1
288.311 289.87 1
288.831 289.87 1
289.35 289.87 1
289.87 289.87 1
290.39 289.87 1
290.909 289.87 1
291.429 289.87 1
291.948 289.87 1
292.468 289.87 1
292.987 289.87 1
293.506 289.87 1
294.026 289.87 1
294.545 289.87 1
295.065 289.87 1
295.584 289.87 1
296.104 289.87 1
296.623 289.87 1
297.143 289.87 1
297.662 289.87 1
298.182 289.87 1
298.701 289.87 1
299.221 289.87 1
299.74 289.87 1
300.26 289.87 1
300.779 289.87 1
301.299 289.87 1
301.818 289.87 1
302.338 289.87 1
302.857 289.87 1
303.377 289.87 1
303.896 289.87 1
304.416 289.87 1
304.935 289.87 1
305.455 289.87 1
305.974 289.87 1
306.494 289.87 1
307.013 289.87 1
307.532 289.87 1
308.052 289.87 1
308.571 289.87 1
309.091 289.87 1
309.61 289.87 1
310.13 289.87 1
310.65 289.87 1
311.169 289.87 1
311.689 289.87 1
312.209 289.869 1
312.728 289.869 1
313.248 289.869 1
313.768 289.869 1
314.288 289.869 1
314.807 289.869 1
315.327 289.869 1
315.847 289.869 1
316.366 289.868 1
316.886 289.868 1
282.595 290.388 1
283.114 290.388 1
283.634 290.388 1
284.153 290.388 1
284.673 290.388 1
285.193 290.388 1
285.713 290.388 1
286.232 290.389 1
286.752 290.389 1
287.272 290.389 1
287.792 290.389 1
288.311 290.389 1
288.831 290.389 1
289.351 290.39 1
289.87 290.39 1
290.39 290.39 1
290.909 290.39 1
291.429 290.39 1
291.948 290.39 1
292.468 290.39 1
292.987 290.39 1
293.506 290.39 1
294.026 290.39 1
294.545 290.39 1
295.065 290.39 1
295.584 290.39 1
296.104 290.39 1
296.623 290.39 1
297.143 290.39 1
297.662 290.39 1
298.182 290.39 1
298.701 290.39 1
299.221 290.39 1
299.74 290.39 1
300.26 290.39 1
300.779 290.39 1
301.299 290.39 1
301.818 290.39 1
302.338 290.39 1
302.857 290.39 1
303.377 290.39 1
303.896 290.39 1
304.416 290.39 1
304.935 290.39 1
305.455 290.39 1
305.974 290.39 1
306.494 290.39 1
307.013 290.39 1
307.532 290.39 1
308.052 290.39 1
308.571 290.39 1
309.091 290.39 1
309.61 290.39 1
310.13 290.39 1
310.649 290.39 1
311.169 290.389 1
311.689 290.389 1
312.208 290.389 1
312.728 290.389 1
313.248 290.389 1
313.768 290.389 1
314.287 290.388 1
314.807 290.388 1
315.327 290.388 1
315.847 290.388 1
316.366 290.388 1
316.886 290.388 1
317.405 290.388 1
282.595 290.908 1
283.114 290.908 1
283.634 290.908 1
284.153 290.908 1
284.673 290.908 1
285.193 290.908 1
285.713 290.908 1
286.232 290.908 1
286.752 290.908 1
287.272 290.909 1
287.792 290.909 1
288.311 290.909 1
288.831 290.909 1
289.351 290.909 1
289.87 290.909 1
290.39 290.909 1
290.909 290.909 1
291.429 290.909 1
291.948 290.909 1
292.468 290.909 1
292.987 290.909 1
293.506 290.909 1
294.026 290.909 1
294.545 290.909 1
295.065 290.909 1
295.584 290.909 1
296.104 290.909 1
296.623 290.909 1
297.143 290.909 1
297.662 290.909 1
298.182 290.909 1
298.701 290.909 1
299.221 290.909 1
299.74 290.909 1
300.26 290.909 1
300.779 290.909 1
301.299 290.909 1
301.818 290.909 1
302.338 290.909 1
302.857 290.909 1
303.377 290.909 1
303.896 290.909 1
304.416 290.909 1
304.935 290.909 1
305.455 290.909 1
305.974 290.909 1
306.494 290.909 1
307.013 290.909 1
307.532 290.909 1
308.052 290.909 1
308.571 290.909 1
309.091 290.909 1
309.61 290.909 1
310.13 290.909 1
310.649 290.909 1
311.169 290.909 1
311.689 290.909 1
312.208 290.909 1
312.728 290.909 1
313.248 290.908 1
313.768 290.908 1
314.287 290.908 1
314.807 290.908 1
315.327 290.908 1
315.847 290.908 1
316.366 290.908 1
316.886 290.908 1
317.405 290.908 1
282.075 291.427 1
282.595 291.427 1
283.114 291.427 1
283.634 291.427 1
284.154 291.427 1
284.673 291.427 1
285.193 291.428 1
285.713 291.428 1
286.233 291.428 1
286.752 291.428 1
287.272 291.428 1
287.792 291.428 1
288.312 291.428 1
288.831 291.429 1
289.351 291.429 1
289.87 291.429 1
290.39 291.429 1
290.909 291.429 1
291.429 291.429 1
291.948 291.429 1
292.468 291.429 1
292.987 291.429 1
293.506 291.429 1
294.026 291.429 1
294.545 291.429 1
295.065 291.429 1
295.584 291.429 1
296.104 291.429 1
296.623 291.429 1
297.143 291.429 1
297.662 291.429 1
298.182 291.429 1
298.701 291.429 1
299.221 291.429 1
299.74 291.429 1
300.26 291.429 1
300.779 291.429 1
301.299 291.429 1
301.818 291.429 1
302.338 291.429 1
302.857 291.429 1
303.377 291.429 1
303.896 291.429 1
304.416 291.429 1
304.935 291.429 1
305.455 291.429 1
305.974 291.429 1
306.494 291.429 1
307.013 291.429 1
307.532 291.429 1
308.052 291.429 1
308.571 291.429 1
309.091 291.429 1
309.61 291.429 1
310.13 291.429 1
310.649 291.429 1
311.169 291.429 1
311.688 291.428 1
312.208 291.428 1
312.728 291.428 1
313.248 291.428 1
313.767 291.428 1
314.287 291.428 1
314.807 291.428 1
315.327 291.427 1
315.846 291.427 1
316.366 291.427 1
316.886 291.427 1
317.405 291.427 1
317.925 291.427 1
282.075 291.947 1
282.595 291.947 1
283.114 291.947 1
283.634 291.947 1
284.154 291.947 1
284.673 291.947 1
285.193 291.947 1
285.713 291.947 1
286.233 291.947 1
286.753 291.948 1
287.272 291.948 1
287.792 291.948 1
288.312 291.948 1
288.831 291.948 1
289.351 291.948 1
289.87 291.948 1
290.39 291.948 1
290.909 291.948 1
291.429 291.948 1
291.948 291.948 1
292.468 291.948 1
292.987 291.948 1
293.506 291.948 1
294.026 291.948 1
294.545 291.948 1
295.065 291.948 1
295.584 291.948 1
296.104 291.948 1
296.623 291.948 1
297.143 291.948 1
297.662 291.948 1
298.182 291.948 1
298.701 291.948 1
299.221 291.948 1
299.74 291.948 1
300.26 291.948 1
300.779 291.948 1
301.299 291.948 1
301.818 291.948 1
302.338 291.948 1
302.857 291.948 1
303.377 291.948 1
303.896 291.948 1
304.416 291.948 1
304.935 291.948 1
305.455 291.948 1
305.974 291.948 1
306.494 291.948 1
307.013 291.948 1
307.532 291.948 1
308.052 291.948 1
308.571 291.948 1
309.091 291.948 1
309.61 291.948 1
310.13 291.948 1
310.649 291.948 1
311.169 291.948 1
311.688 291.948 1
312.208 291.948 1
312.728 291.948 1
313.247 291.948 1
313.767 291.947 1
314.287 291.947 1
314.807 291.947 1
315.327 291.947 1
315.846 291.947 1
316.366 291.947 1
316.886 291.947 1
317.405 291.947 1
317.925 291.947 1
281.555 292.466 1
282.075 292.466 1
282.595 292.466 1
283.114 292.466 1
283.634 292.466 1
284.154 292.467 1
284.674 292.467 1
285.193 292.467 1
285.713 292.467 1
286.233 292.467 1
286.753 292.467 1
287.272 292.467 1
287.792 292.467 1
288.312 292.468 1
288.831 292.468 1
289.351 292.468 1
289.87 292.468 1
290.39 292.468 1
290.909 292.468 1
291.429 292.468 1
291.948 292.468 1
292.468 292.468 1
292.987 292.468 1
293.506 292.468 1
294.026 292.468 1
294.545 292.468 1
295.065 292.468 1
295.584 292.468 1
296.104 292.468 1
296.623 292.468 1
297.143 292.468 1
297.662 292.468 1
298.182 292.468 1
298.701 292.468 1
299.221 292.468 1
299.74 292.468 1
300.26 292.468 1
300.779 292.468 1
301.299 292.468 1
301.818 292.468 1
302.338 292.468 1
302.857 292.468 1
303.377 292.468 1
303.896 292.468 1
304.416 292.468 1
304.935 292.468 1
305.455 292.468 1
305.974 292.468 1
306.494 292.468 1
307.013 292.468 1
307.532 292.468 1
308.052 292.468 1
308.571 292.468 1
309.091 292.468 1
309.61 292.468 1
310.13 292.468 1
310.649 292.468 1
311.169 292.468 1
311.688 292.468 1
312.208 292.467 1
312.728 292.467 1
313.247 292.467 1
313.767 292.467 1
314.287 292.467 1
314.807 292.467 1
315.326 292.467 1
315.846 292.467 1
316.366 292.466 1
316.886 292.466 1
317.405 292.466 1
317.925 292.466 1
318.445 292.466 1
281.555 292.986 1
282.075 292.986 1
282.595 292.986 1
283.114 292.986 1
283.634 292.986 1
284.154 292.986 1
284.674 292.986 1
285.193 292.986 1
285.713 292.987 1
286.233 292.987 1
286.753 292.987 1
287.273 292.987 1
287.792 292.987 1
288.312 292.987 1
288.831 292.987 1
289.351 292.987 1
289.87 292.987 1
290.39 292.987 1
290.909 292.987 1
291.429 292.987 1
291.948 292.987 1
292.468 292.987 1
292.987 292.987 1
293.506 292.987 1
294.026 292.987 1
294.545 292.987 1
295.065 292.987 1
295.584 292.987 1
296.104 292.987 1
296.623 292.987 1
297.143 292.987 1
297.662 292.987 1
298.182 292.987 1
298.701 292.987 1
299.221 292.987 1
299.74 292.987 1
300.26 292.987 1
300.779 292.987 1
301.299 292.987 1
301.818 292.987 1
302.338 292.987 1
302.857 292.987 1
303.377 292.987 1
303.896 292.987 1
304.416 292.987 1
304.935 292.987 1
305.455 292.987 1
305.974 292.987 1
306.494 292.987 1
307.013 292.987 1
307.532 292.987 1
308.052 292.987 1
308.571 292.987 1
309.091 292.987 1
309.61 292.987 1
310.13 292.987 1
310.649 292.987 1
311.169 292.987 1
311.688 292.987 1
312.208 292.987 1
312.727 292.987 1
313.247 292.987 1
313.767 292.987 1
314.287 292.987 1
314.807 292.986 1
315.326 292.986 1
315.846 292.986 1
316.366 292.986 1
316.886 292.986 1
317.405 292.986 1
317.925 292.986 1
318.445 292.986 1
281.555 293.505 1
282.075 293.505 1
282.595 293.505 1
283.114 293.506 1
283.634 293.506 1
284.154 293.506 1
284.674 293.506 1
285.194 293.506 1
285.713 293.506 1
286.233 293.506 1
286.753 293.506 1
287.273 293.506 1
287.792 293.506 1
288.312 293.506 1
288.831 293.506 1
289.351 293.506 1
289.87 293.506 1
290.39 293.506 1
290.909 293.506 1
291.429 293.506 1
291.948 293.506 1
292.468 293.506 1
292.987 293.506 1
293.506 293.506 1
294.026 293.506 1
294.545 293.506 1
295.065 293.506 1
295.584 293.506 1
296.104 293.506 1
296.623 293.506 1
297.143 293.506 1
297.662 293.506 1
298.182 293.506 1
298.701 293.506 1
299.221 293.506 1
299.74 293.506 1
300.26 293.506 1
300.779 293.506 1
301.299 293.506 1
301.818 293.506 1
302.338 293.506 1
302.857 293.506 1
303.377 293.506 1
303.896 293.506 1
304.416 293.506 1
304.935 293.506 1
305.455 293.506 1
305.974 293.506 1
306.494 293.506 1
307.013 293.506 1
307.532 293.506 1
308.052 293.506 1
308.571 293.506 1
309.091 293.506 1
309.61 293.506 1
310.13 293.506 1
310.649 293.506 1
311.169 293.506 1
311.688 293.506 1
312.208 293.506 1
312.727 293.506 1
313.247 293.506 1
313.767 293.506 1
314.287 293.506 1
314.806 293.506 1
315.326 293.506 1
315.846 293.506 1
316.366 293.506 1
316.886 293.506 1
317.405 293.505 1
317.925 293.505 1
318.445 293.505 1
281.036 294.025 1
281.555 294.025 1
282.075 294.025 1
282.595 294.025 1
283.114 294.025 1
283.634 294.025 1
284.154 294.025 1
284.674 294.025 1
285.194 294.026 1
285.714 294.026 1
286.233 294.026 1
286.753 294.026 1
287.273 294.026 1
287.792 294.026 1
288.312 294.026 1
288.831 294.026 1
289.351 294.026 1
289.87 294.026 1
290.39 294.026 1
290.909 294.026 1
291.429 294.026 1
291.948 294.026 1
292.468 294.026 1
292.987 294.026 1
293.506 294.026 1
294.026 294.026 1
294.545 294.026 1
295.065 294.026 1
295.584 294.026 1
296.104 294.026 1
296.623 294.026 1
297.143 294.026 1
297.662 294.026 1
298.182 294.026 1
298.701 294.026 1
299.221 294.026 1
299.74 294.026 1
300.26 294.026 1
300.779 294.026 1
301.299 294.026 1
301.818 294.026 1
302.338 294.026 1
302.857 294.026 1
303.377 294.026 1
303.896 294.026 1
304.416 294.026 1
304.935 294.026 1
305.455 294.026 1
305.974 294.026 1
306.494 294.026 1
307.013 294.026 1
307.532 294.026 1
308.052 294.026 1
308.571 294.026 1
309.091 294.026 1
309.61 294.026 1
310.13 294.026 1
310.649 294.026 1
311.169 294.026 1
311.688 294.026 1
312.208 294.026 1
312.727 294.026 1
313.247 294.026 1
313.767 294.026 1
314.286 294.026 1
314.806 294.026 1
315.326 294.025 1
315.846 294.025 1
316.366 294.025 1
316.886 294.025 1
317.405 294.025 1
317.925 294.025 1
318.445 294.025 1
318.964 294.025 1
281.036 294.545 1
281.555 294.545 1
282.075 294.545 1
282.595 294.545 1
283.114 294.545 1
283.634 294.545 1
284.154 294.545 1
284.674 294.545 1
285.194 294.545 1
285.714 294.545 1
286.233 294.545 1
286.753 294.545 1
287.273 294.545 1
287.792 294.545 1
288.312 294.545 1
288.831 294.545 1
289.351 294.545 1
289.87 294.545 1
290.39 294.545 1
290.909 294.545 1
291.429 294.545 1
291.948 294.545 1
292.468 294.545 1
292.987 294.545 1
293.506 294.545 1
294.026 294.545 1
294.545 294.545 1
295.065 294.545 1
295.584 294.545 1
296.104 294.545 1
296.623 294.545 1
297.143 294.545 1
297.662 294.545 1
298.182 294.545 1
298.701 294.545 1
299.221 294.545 1
299.74 294.545 1
300.26 294.545 1
300.779 294.545 1
301.299 294.545 1
301.818 294.545 1
302.338 294.545 1
302.857 294.545 1
303.377 294.545 1
303.896 294.545 1
304.416 294.545 1
304.935 294.545 1
305.455 294.545 1
305.974 294.545 1
306.494 294.545 1
307.013 294.545 1
307.532 294.545 1
308.052 294.545 1
308.571 294.545 1
309.091 294.545 1
309.61 294.545 1
310.13 294.545 1
310.649 294.545 1
311.169 294.545 1
311.688 294.545 1
312.208 294.545 1
312.727 294.545 1
313.247 294.545 1
313.767 294.545 1
314.286 294.545 1
314.806 294.545 1
315.326 294.545 1
315.846 294.545 1
316.366 294.545 1
316.886 294.545 1
317.405 294.545 1
317.925 294.545 1
318.445 294.545 1
318.964 294.545 1
281.036 295.064 1
281.555 295.064 1
282.075 295.064 1
282.595 295.064 1
283.115 295.064 1
283.634 295.064 1
284.154 295.064 1
284.674 295.065 1
285.194 295.065 1
285.714 295.065 1
286.234 295.065 1
286.753 295.065 1
287.273 295.065 1
287.792 295.065 1
288.312 295.065 1
288.831 295.065 1
289.351 295.065 1
289.87 295.065 1
290.39 295.065 1
290.909 295.065 1
291.429 295.065 1
291.948 295.065 1
292.468 295.065 1
292.987 295.065 1
293.506 295.065 1
294.026 295.065 1
294.545 295.065 1
295.065 295.065 1
295.584 295.065 1
296.104 295.065 1
296.623 295.065 1
297.143 295.065 1
297.662 295.065 1
298.182 295.065 1
298.701 295.065 1
299.221 295.065 1
299.74 295.065 1
300.26 295.065 1
300.779 295.065 1
301.299 295.065 1
301.818 295.065 1
302.338 295.065 1
302.857 295.065 1
303.377 295.065 1
303.896 295.065 1
304.416 295.065 1
304.935 295.065 1
305.455 295.065 1
305.974 295.065 1
306.494 295.065 1
307.013 295.065 1
307.532 295.065 1
308.052 295.065 1
308.571 295.065 1
309.091 295.065 1
309.61 295.065 1
310.13 295.065 1
310.649 295.065 1
311.169 295.065 1
311.688 295.065 1
312.208 295.065 1
312.727 295.065 1
313.247 295.065 1
313.766 295.065 1
314.286 295.065 1
314.806 295.065 1
315.326 295.065 1
315.846 295.064 1
316.366 295.064 1
316.885 295.064 1
317.405 295.064 1
317.925 295.064 1
318.445 295.064 1
318.964 295.064 1
280.516 295.584 1
281.036 295.584 1
281.555 295.584 1
282.075 295.584 1
282.595 295.584 1
283.115 295.584 1
283.634 295.584 1
284.154 295.584 1
284.674 295.584 1
285.194 295.584 1
285.714 295.584 1
286.234 295.584 1
286.753 295.584 1
287.273 295.584 1
287.792 295.584 1
288.312 295.584 1
288.831 295.584 1
289.351 295.584 1
289.87 295.584 1
290.39 295.584 1
290.909 295.584 1
291.429 295.584 1
291.948 295.584 1
292.468 295.584 1
292.987 295.584 1
293.506 295.584 1
294.026 295.584 1
294.545 295.584 1
295.065 295.584 1
295.584 295.584 1
296.104 295.584 1
296.623 295.584 1
297.143 295.584 1
297.662 295.584 1
298.182 295.584 1
298.701 295.584 1
299.221 295.584 1
299.74 295.584 1
300.26 295.584 1
300.779 295.584 1
301.299 295.584 1
301.818 295.584 1
302.338 295.584 1
302.857 295.584 1
303.377 295.584 1
303.896 295.584 1
304.416 295.584 1
304.935 295.584 1
305.455 295.584 1
305.974 295.584 1
306.494 295.584 1
307.013 295.584 1
307.532 295.584 1
308.052 295.584 1
308.571 295.584 1
309.091 295.584 1
309.61 295.584 1
310.13 295.584 1
310.649 295.584 1
311.169 295.584 1
311.688 295.584 1
312.208 295.584 1
312.727 295.584 1
313.247 295.584 1
313.766 295.584 1
314.286 295.584 1
314.806 295.584 1
315.326 295.584 1
315.846 295.584 1
316.366 295.584 1
316.885 295.584 1
317.405 295.584 1
317.925 295.584 1
318.445 295.584 1
318.964 295.584 1
319.484 295.584 1
280.516 296.103 1
281.036 296.103 1
281.555 296.103 1
282.075 296.103 1
282.595 296.103 1
283.115 296.103 1
283.635 296.104 1
284.154 296.104 1
284.674 296.104 1
285.194 296.104 1
285.714 296.104 1
286.234 296.104 1
286.753 296.104 1
287.273 296.104 1
287.792 296.104 1
288.312 296.104 1
288.831 296.104 1
289.351 296.104 1
289.87 296.104 1
290.39 296.104 1
290.909 296.104 1
291.429 296.104 1
291.948 296.104 1
292.468 296.104 1
292.987 296.104 1
293.506 296.104 1
294.026 296.104 1
294.545 296.104 1
295.065 296.104 1
295.584 296.104 1
296.104 296.104 1
296.623 296.104 1
297.143 296.104 1
297.662 296.104 1
298.182 296.104 1
298.701 296.104 1
299.221 296.104 1
299.74 296.104 1
300.26 296.104 1
300.779 296.104 1
301.299 296.104 1
301.818 296.104 1
302.338 296.104 1
302.857 296.104 1
303.377 296.104 1
303.896 296.104 1
304.416 296.104 1
304.935 296.104 1
305.455 296.104 1
305.974 296.104 1
306.494 296.104 1
307.013 296.104 1
307.532 296.104 1
308.052 296.104 1
308.571 296.104 1
309.091 296.104 1
309.61 296.104 1
310.13 296.104 1
310.649 296.104 1
311.169 296.104 1
311.688 296.104 1
312.208 296.104 1
312.727 296.104 1
313.247 296.104 1
313.766 296.104 1
314.286 296.104 1
314.806 296.104 1
315.326 296.104 1
315.846 296.104 1
316.365 296.104 1
316.885 296.103 1
317.405 296.103 1
317.925 296.103 1
318.445 296.103 1
318.964 296.103 1
319.484 296.103 1
280.516 296.623 1
281.036 296.623 1
281.555 296.623 1
282.075 296.623 1
282.595 296.623 1
283.115 296.623 1
283.635 296.623 1
284.154 296.623 1
284.674 296.623 1
285.194 296.623 1
285.714 296.623 1
286.234 296.623 1
286.753 296.623 1
287.273 296.623 1
287.792 296.623 1
288.312 296.623 1
288.831 296.623 1
289.351 296.623 1
289.87 296.623 1
290.39 296.623 1
290.909 296.623 1
291.429 296.623 1
291.948 296.623 1
292.468 296.623 1
292.987 296.623 1
293.506 296.623 1
294.026 296.623 1
294.545 296.623 1
295.065 296.623 1
295.584 296.623 1
296.104 296.623 1
296.623 296.623 1
297.143 296.623 1
297.662 296.623 1
298.182 296.623 1
298.701 296.623 1
299.221 296.623 1
299.74 296.623 1
300.26 296.623 1
300.779 296.623 1
301.299 296.623 1
301.818 296.623 1
302.338 296.623 1
302.857 296.623 1
303.377 296.623 1
303.896 296.623 1
304.416 296.623 1
304.935 296.623 1
305.455 296.623 1
305.974 296.623 1
306.494 296.623 1
307.013 296.623 1
307.532 296.623 1
308.052 296.623 1
308.571 296.623 1
309.091 296.623 1
309.61 296.623 1
310.13 296.623 1
310.649 296.623 1
311.169 296.623 1
311.688 296.623 1
312.208 296.623 1
312.727 296.623 1
313.247 296.623 1
313.766 296.623 1
314.286 296.623 1
314.806 296.623 1
315.326 296.623 1
315.846 296.623 1
316.365 296.623 1
316.885 296.623 1
317.405 296.623 1
317.925 296.623 1
318.445 296.623 1
318.964 296.623 1
319.484 296.623 1
280.516 297.142 1
281.036 297.142 1
281.555 297.142 1
282.075 297.143 1
282.595 297.143 1
283.115 297.143 1
283.635 297.143 1
284.155 297.143 1
284.674 297.143 1
285.194 297.143 1
285.714 297.143 1
286.234 297.143 1
286.753 297.143 1
287.273 297.143 1
287.792 297.143 1
288.312 297.143 1
288.831 297.143 1
289.351 297.143 1
289.87 297.143 1
290.39 297.143 1
290.909 297.143 1
291.429 297.143 1
291.948 297.143 1
292.468 297.143 1
292.987 297.143 1
293.506 297.143 1
294.026 297.143 1
294.545 297.143 1
295.065 297.143 1
295.584 297.143 1
296.104 297.143 1
296.623 297.143 1
297.143 297.143 1
297.662 297.143 1
298.182 297.143 1
298.701 297.143 1
299.221 297.143 1
299.74 297.143 1
300.26 297.143 1
300.779 297.143 1
301.299 297.143 1
301.818 297.143 1
302.338 297.143 1
302.857 297.143 1
303.377 297.143 1
303.896 297.143 1
304.416 297.143 1
304.935 297.143 1
305.455 297.143 1
305.974 297.143 1
306.494 297.143 1
307.013 297.143 1
307.532 297.143 1
308.052 297.143 1
308.571 297.143 1
309.091 297.143 1
309.61 297.143 1
310.13 297.143 1
310.649 297.143 1
311.169 297.143 1
311.688 297.143 1
312.208 297.143 1
312.727 297.143 1
313.247 297.143 1
313.766 297.143 1
314.286 297.143 1
314.806 297.143 1
315.326 297.143 1
315.845 297.143 1
316.365 297.143 1
316.885 297.143 1
317.405 297.143 1
317.925 297.143 1
318.445 297.142 1
318.964 297.142 1
319.484 297.142 1
280.516 297.662 1
281.036 297.662 1
281.555 297.662 1
282.075 297.662 1
282.595 297.662 1
283.115 297.662 1
283.635 297.662 1
284.155 297.662 1
284.674 297.662 1
285.194 297.662 1
285.714 297.662 1
286.234 297.662 1
286.753 297.662 1
287.273 297.662 1
287.792 297.662 1
288.312 297.662 1
288.831 297.662 1
289.351 297.662 1
289.87 297.662 1
290.39 297.662 1
290.909 297.662 1
291.429 297.662 1
291.948 297.662 1
292.468 297.662 1
292.987 297.662 1
293.506 297.662 1
294.026 297.662 1
294.545 297.662 1
295.065 297.662 1
295.584 297.662 1
296.104 297.662 1
296.623 297.662 1
297.143 297.662 1
297.662 297.662 1
298.182 297.662 1
298.701 297.662 1
299.221 297.662 1
299.74 297.662 1
300.26 297.662 1
300.779 297.662 1
301.299 297.662 1
301.818 297.662 1
302.338 297.662 1
302.857 297.662 1
303.377 297.662 1
303.896 297.662 1
304.416 297.662 1
304.935 297.662 1
305.455 297.662 1
305.974 297.662 1
306.494 297.662 1
307.013 297.662 1
307.532 297.662 1
308.052 297.662 1
308.571 297.662 1
309.091 297.662 1
309.61 297.662 1
310.13 297.662 1
310.649 297.662 1
311.169 297.662 1
311.688 297.662 1
312.208 297.662 1
312.727 297.662 1
313.247 297.662 1
313.766 297.662 1
314.286 297.662 1
314.806 297.662 1
315.326 297.662 1
315.845 297.662 1
316.365 297.662 1
316.885 297.662 1
317.405 297.662 1
317.925 297.662 1
318.445 297.662 1
318.964 297.662 1
319.484 297.662 1
280.516 298.182 1
281.036 298.182 1
281.555 298.182 1
282.075 298.182 1
282.595 298.182 1
283.115 298.182 1
283.635 298.182 1
284.155 298.182 1
284.675 298.182 1
285.194 298.182 1
285.714 298.182 1
286.234 298.182 1
286.753 298.182 1
287.273 298.182 1
287.792 298.182 1
288.312 298.182 1
288.831 298.182 1
289.351 298.182 1
289.87 298.182 1
290.39 298.182 1
290.909 298.182 1
291.429 298.182 1
291.948 298.182 1
292.468 298.182 1
292.987 298.182 1
293.506 298.182 1
294.026 298.182 1
294.545 298.182 1
295.065 298.182 1
295.584 298.182 1
296.104 298.182 1
296.623 298.182 1
297.143 298.182 1
297.662 298.182 1
298.182 298.182 1
298.701 298.182 1
299.221 298.182 1
299.74 298.182 1
300.26 298.182 1
300.779 298.182 1
301.299 298.182 1
301.818 298.182 1
302.338 298.182 1
302.857 298.182 1
303.377 298.182 1
303.896 298.182 1
304.416 298.182 1
304.935 298.182 1
305.455 298.182 1
305.974 298.182 1
306.494 298.182 1
307.013 298.182 1
307.532 298.182 1
308.052 298.182 1
308.571 298.182 1
309.091 298.182 1
309.61 298.182 1
310.13 298.182 1
310.649 298.182 1
311.169 298.182 1
311.688 298.182 1
312.208 298.182 1
312.727 298.182 1
313.247 298.182 1
313.766 298.182 1
314.286 298.182 1
314.806 298.182 1
315.325 298.182 1
315.845 298.182 1
316.365 298.182 1
316.885 298.182 1
317.405 298.182 1
317.925 298.182 1
318.445 298.182 1
318.964 298.182 1
319.484 298.182 1
280.516 298.701 1
281.036 298.701 1
281.555 298.701 1
282.075 298.701 1
282.595 298.701 1
283.115 298.701 1
283.635 298.701 1
284.155 298.701 1
284.675 298.701 1
285.194 298.701 1
285.714 298.701 1
286.234 298.701 1
286.753 298.701 1
287.273 298.701 1
287.792 298.701 1
288.312 298.701 1
288.831 298.701 1
289.351 298.701 1
289.87 298.701 1
290.39 298.701 1
290.909 298.701 1
291.429 298.701 1
291.948 298.701 1
292.468 298.701 1
292.987 298.701 1
293.506 298.701 1
294.026 298.701 1
294.545 298.701 1
295.065 298.701 1
295.584 298.701 1
296.104 298.701 1
296.623 298.701 1
297.143 298.701 1
297.662 298.701 1
298.182 298.701 1
298.701 298.701 1
299.221 298.701 1
299.74 298.701 1
300.26 298.701 1
300.779 298.701 1
301.299 298.701 1
301.818 298.701 1
302.338 298.701 1
302.857 298.701 1
303.377 298.701 1
303.896 298.701 1
304.416 298.701 1
304.935 298.701 1
305.455 298.701 1
305.974 298.701 1
306.494 298.701 1
307.013 298.701 1
307.532 298.701 1
308.052 298.701 1
308.571 298.701 1
309.091 298.701 1
309.61 298.701 1
310.13 298.701 1
310.649 298.701 1
311.169 298.701 1
311.688 298.701 1
312.208 298.701 1
312.727 298.701 1
313.247 298.701 1
313.766 298.701 1
314.286 298.701 1
314.806 298.701 1
315.325 298.701 1
315.845 298.701 1
316.365 298.701 1
316.885 298.701 1
317.405 298.701 1
317.925 298.701 1
318.445 298.701 1
318.964 298.701 1
319.484 298.701 1
280.516 299.221 1
281.036 299.221 1
281.556 299.221 1
282.075 299.221 1
282.595 299.221 1
283.115 299.221 1
283.635 299.221 1
284.155 299.221 1
284.675 299.221 1
285.194 299.221 1
285.714 299.221 1
286.234 299.221 1
286.753 299.221 1
287.273 299.221 1
287.792 299.221 1
288.312 299.221 1
288.831 299.221 1
289.351 299.221 1
289.87 299.221 1
290.39 299.221 1
290.909 299.221 1
291.429 299.221 1
291.948 299.221 1
292.468 299.221 1
292.987 299.221 1
293.506 299.221 1
294.026 299.221 1
294.545 299.221 1
295.065 299.221 1
295.584 299.221 1
296.104 299.221 1
296.623 299.221 1
297.143 299.221 1
297.662 299.221 1
298.182 299.221 1
298.701 299.221 1
299.221 299.221 1
299.74 299.221 1
300.26 299.221 1
300.779 299.221 1
301.299 299.221 1
301.818 299.221 1
302.338 299.221 1
302.857 299.221 1
303.377 299.221 1
303.896 299.221 1
304.416 299.221 1
304.935 299.221 1
305.455 299.221 1
305.974 299.221 1
306.494 299.221 1
307.013 299.221 1
307.532 299.221 1
308.052 299.221 1
308.571 299.221 1
309.091 299.221 1
309.61 299.221 1
310.13 299.221 1
310.649 299.221 1
311.169 299.221 1
311.688 299.221 1
312.208 299.221 1
312.727 299.221 1
313.247 299.221 1
313.766 299.221 1
314.286 299.221 1
314.806 299.221 1
315.325 299.221 1
315.845 299.221 1
316.365 299.221 1
316.885 299.221 1
317.405 299.221 1
317.925 299.221 1
318.444 299.221 1
318.964 299.221 1
319.484 299.221 1
280.516 299.74 1
281.036 299.74 1
281.556 299.74 1
282.075 299.74 1
282.595 299.74 1
283.115 299.74 1
283.635 299.74 1
284.155 299.74 1
284.675 299.74 1
285.194 299.74 1
285.714 299.74 1
286.234 299.74 1
286.753 299.74 1
287.273 299.74 1
287.792 299.74 1
288.312 299.74 1
288.831 299.74 1
289.351 299.74 1
289.87 299.74 1
290.39 299.74 1
290.909 299.74 1
291.429 299.74 1
291.948 299.74 1
292.468 299.74 1
292.987 299.74 1
293.506 299.74 1
294.026 299.74 1
294.545 299.74 1
295.065 299.74 1
295.584 299.74 1
296.104 299.74 1
296.623 299.74 1
297.143 299.74 1
297.662 299.74 1
298.182 299.74 1
298.701 299.74 1
299.221 299.74 1
299.74 299.74 1
300.26 299.74 1
300.779 299.74 1
301.299 299.74 1
301.818 299.74 1
302.338 299.74 1
302.857 299.74 1
303.377 299.74 1
303.896 299.74 1
304.416 299.74 1
304.935 299.74 1
305.455 299.74 1
305.974 299.74 1
306.494 299.74 1
307.013 299.74 1
307.532 299.74 1
308.052 299.74 1
308.571 299.74 1
309.091 299.74 1
309.61 299.74 1
310.13 299.74 1
310.649 299.74 1
311.169 299.74 1
311.688 299.74 1
312.208 299.74 1
312.727 299.74 1
313.247 299.74 1
313.766 299.74 1
314.286 299.74 1
314.806 299.74 1
315.325 299.74 1
315.845 299.74 1
316.365 299.74 1
316.885 299.74 1
317.405 299.74 1
317.925 299.74 1
318.444 299.74 1
318.964 299.74 1
319.484 299.74 1
280.516 300.26 1
281.036 300.26 1
281.556 300.26 1
282.075 300.26 1
282.595 300.26 1
283.115 300.26 1
283.635 300.26 1
284.155 300.26 1
284.675 300.26 1
285.194 300.26 1
285.714 300.26 1
286.234 300.26 1
286.753 300.26 1
287.273 300.26 1
287.792 300.26 1
288.312 300.26 1
288.831 300.26 1
289.351 300.26 1
289.87 300.26 1
290.39 300.26 1
290.909 300.26 1
291.429 300.26 1
291.948 300.26 1
292.468 300.26 1
292.987 300.26 1
293.506 300.26 1
294.026 300.26 1
294.545 300.26 1
295.065 300.26 1
295.584 300.26 1
296.104 300.26 1
296.623 300.26 1
297.143 300.26 1
297.662 300.26 1
298.182 300.26 1
298.701 300.26 1
299.221 300.26 1
299.74 300.26 1
300.26 300.26 1
300.779 300.26 1
301.299 300.26 1
301.818 300.26 1
302.338 300.26 1
302.857 300.26 1
303.377 300.26 1
303.896 300.26 1
304.416 300.26 1
304.935 300.26 1
305.455 300.26 1
305.974 300.26 1
306.494 300.26 1
307.013 300.26 1
307.532 300.26 1
308.052 300.26 1
308.571 300.26 1
309.091 300.26 1
309.61 300.26 1
310.13 300.26 1
310.649 300.26 1
311.169 300.26 1
311.688 300.26 1
312.208 300.26 1
312.727 300.26 1
313.247 300.26 1
313.766 300.26 1
314.286 300.26 1
314.806 300.26 1
315.325 300.26 1
315.845 300.26 1
316.365 300.26 1
316.885 300.26 1
317.405 300.26 1
317.925 300.26 1
318.444 300.26 1
318.964 300.26 1
319.484 300.26 1
280.516 300.779 1
281.036 300.779 1
281.556 300.779 1
282.075 300.779 1
282.595 300.779 1
283.115 300.779 1
283.635 300.779 1
284.155 300.779 1
284.675 300.779 1
285.194 300.779 1
285.714 300.779 1
286.234 300.779 1
286.753 300.779 1
287.273 300.779 1
287.792 300.779 1
288.312 300.779 1
288.831 300.779 1
289.351 300.779 1
289.87 300.779 1
290.39 300.779 1
290.909 300.779 1
291.429 300.779 1
291.948 300.779 1
292.468 300.779 1
292.987 300.779 1
293.506 300.779 1
294.026 300.779 1
294.545 300.779 1
295.065 300.779 1
295.584 300.779 1
296.104 300.779 1
296.623 300.779 1
297.143 300.779 1
297.662 300.779 1
298.182 300.779 1
298.701 300.779 1
299.221 300.779 1
299.74 300.779 1
300.26 300.779 1
300.779 300.779 1
301.299 300.779 1
301.818 300.779 1
302.338 300.779 1
302.857 300.779 1
303.377 300.779 1
303.896 300.779 1
304.416 300.779 1
304.935 300.779 1
305.455 300.779 1
305.974 300.779 1
306.494 300.779 1
307.013 300.779 1
307.532 300.779 1
308.052 300.779 1
308.571 300.779 1
309.091 300.779 1
309.61 300.779 1
310.13 300.779 1
310.649 300.779 1
311.169 300.779 1
311.688 300.779 1
312.208 300.779 1
312.727 300.779 1
313.247 300.779 1
313.766 300.779 1
314.286 300.779 1
314.806 300.779 1
315.325 300.779 1
315.845 300.779 1
316.365 300.779 1
316.885 300.779 1
317.405 300.779 1
317.925 300.779 1
318.444 300.779 1
318.964 300.779 1
319.484 300.779 1
280.516 301.299 1
281.036 301.299 1
281.555 301.299 1
282.075 301.299 1
282.595 301.299 1
283.115 301.299 1
283.635 301.299 1
284.155 301.299 1
284.675 301.299 1
285.194 301.299 1
285.714 301.299 1
286.234 301.299 1
286.753 301.299 1
287.273 301.299 1
287.792 301.299 1
288.312 301.299 1
288.831 301.299 1
289.351 301.299 1
289.87 301.299 1
290.39 301.299 1
290.909 301.299 1
291.429 301.299 1
291.948 301.299 1
292.468 301.299 1
292.987 301.299 1
293.506 301.299 1
294.026 301.299 1
294.545 301.299 1
295.065 301.299 1
295.584 301.299 1
296.104 301.299 1
296.623 301.299 1
297.143 301.299 1
297.662 301.299 1
298.182 301.299 1
298.701 301.299 1
299.221 301.299 1
299.74 301.299 1
300.26 301.299 1
300.779 301.299 1
301.299 301.299 1
301.818 301.299 1
302.338 301.299 1
302.857 301.299 1
303.377 301.299 1
303.896 301.299 1
304.416 301.299 1
304.935 301.299 1
305.455 301.299 1
305.974 301.299 1
306.494 301.299 1
307.013 301.299 1
307.532 301.299 1
308.052 301.299 1
308.571 301.299 1
309.091 301.299 1
309.61 301.299 1
310.13 301.299 1
310.649 301.299 1
311.169 301.299 1
311.688 301.299 1
312.208 301.299 1
312.727 301.299 1
313.247 301.299 1
313.766 301.299 1
314.286 301.299 1
314.806 301.299 1
315.325 301.299 1
315.845 301.299 1
316.365 301.299 1
316.885 301.299 1
317.405 301.299 1
317.925 301.299 1
318.445 301.299 1
318.964 301.299 1
319.484 301.299 1
280.516 301.818 1
281.036 301.818 1
281.555 301.818 1
282.075 301.818 1
282.595 301.818 1
283.115 301.818 1
283.635 301.818 1
284.155 301.818 1
284.675 301.818 1
285.194 301.818 1
285.714 301.818 1
286.234 301.818 1
286.753 301.818 1
287.273 301.818 1
287.792 301.818 1
288.312 301.818 1
288.831 301.818 1
289.351 301.818 1
289.87 301.818 1
290.39 301.818 1
290.909 301.818 1
291.429 301.818 1
291.948 301.818 1
292.468 301.818 1
292.987 301.818 1
293.506 301.818 1
294.026 301.818 1
294.545 301.818 1
295.065 301.818 1
295.584 301.818 1
296.104 301.818 1
296.623 301.818 1
297.143 301.818 1
297.662 301.818 1
298.182 301.818 1
298.701 301.818 1
299.221 301.818 1
299.74 301.818 1
300.26 301.818 1
300.779 301.818 1
301.299 301.818 1
301.818 301.818 1
302.338 301.818 1
302.857 301.818 1
303.377 301.818 1
303.896 301.818 1
304.416 301.818 1
304.935 301.818 1
305.455 301.818 1
305.974 301.818 1
306.494 301.818 1
307.013 301.818 1
307.532 301.818 1
308.052 301.818 1
308.571 301.818 1
309.091 301.818 1
309.61 301.818 1
310.13 301.818 1
310.649 301.818 1
311.169 301.818 1
311.688 301.818 1
312.208 301.818 1
312.727 301.818 1
313.247 301.818 1
313.766 301.818 1
314.286 301.818 1
314.806 301.818 1
315.325 301.818 1
315.845 301.818 1
316.365 301.818 1
316.885 301.818 1
317.405 301.818 1
317.925 301.818 1
318.445 301.818 1
318.964 301.818 1
319.484 301.818 1
280.516 302.338 1
281.036 302.338 1
281.555 302.338 1
282.075 302.338 1
282.595 302.338 1
283.115 302.338 1
283.635 302.338 1
284.155 302.338 1
284.674 302.338 1
285.194 302.338 1
285.714 302.338 1
286.234 302.338 1
286.753 302.338 1
287.273 302.338 1
287.792 302.338 1
288.312 302.338 1
288.831 302.338 1
289.351 302.338 1
289.87 302.338 1
290.39 302.338 1
290.909 302.338 1
291.429 302.338 1
291.948 302.338 1
292.468 302.338 1
292.987 302.338 1
293.506 302.338 1
294.026 302.338 1
294.545 302.338 1
295.065 302.338 1
295.584 302.338 1
296.104 302.338 1
296.623 302.338 1
297.143 302.338 1
297.662 302.338 1
298.182 302.338 1
298.701 302.338 1
299.221 302.338 1
299.74 302.338 1
300.26 302.338 1
300.779 302.338 1
301.299 302.338 1
301.818 302.338 1
302.338 302.338 1
302.857 302.338 1
303.377 302.338 1
303.896 302.338 1
304.416 302.338 1
304.935 302.338 1
305.455 302.338 1
305.974 302.338 1
306.494 302.338 1
307.013 302.338 1
307.532 302.338 1
308.052 302.338 1
308.571 302.338 1
309.091 302.338 1
309.61 302.338 1
310.13 302.338 1
310.649 302.338 1
311.169 302.338 1
311.688 302.338 1
312.208 302.338 1
312.727 302.338 1
313.247 302.338 1
313.766 302.338 1
314.286 302.338 1
314.806 302.338 1
315.326 302.338 1
315.845 302.338 1
316.365 302.338 1
316.885 302.338 1
317.405 302.338 1
317.925 302.338 1
318.445 302.338 1
318.964 302.338 1
319.484 302.338 1
280.516 302.858 1
281.036 302.858 1
281.555 302.858 1
282.075 302.857 1
282.595 302.857 1
283.115 302.857 1
283.635 302.857 1
284.155 302.857 1
284.674 302.857 1
285.194 302.857 1
285.714 302.857 1
286.234 302.857 1
286.753 302.857 1
287.273 302.857 1
287.792 302.857 1
288.312 302.857 1
288.831 302.857 1
289.351 302.857 1
289.87 302.857 1
290.39 302.857 1
290.909 302.857 1
291.429 302.857 1
291.948 302.857 1
292.468 302.857 1
292.987 302.857 1
293.506 302.857 1
294.026 302.857 1
294.545 302.857 1
295.065 302.857 1
295.584 302.857 1
296.104 302.857 1
296.623 302.857 1
297.143 302.857 1
297.662 302.857 1
298.182 302.857 1
298.701 302.857 1
299.221 302.857 1
299.74 302.857 1
300.26 302.857 1
300.779 302.857 1
301.299 302.857 1
301.818 302.857 1
302.338 302.857 1
302.857 302.857 1
303.377 302.857 1
303.896 302.857 1
304.416 302.857 1
304.935 302.857 1
305.455 302.857 1
305.974 302.857 1
306.494 302.857 1
307.013 302.857 1
307.532 302.857 1
308.052 302.857 1
308.571 302.857 1
309.091 302.857 1
309.61 302.857 1
310.13 302.857 1
310.649 302.857 1
311.169 302.857 1
311.688 302.857 1
312.208 302.857 1
312.727 302.857 1
313.247 302.857 1
313.766 302.857 1
314.286 302.857 1
314.806 302.857 1
315.326 302.857 1
315.845 302.857 1
316.365 302.857 1
316.885 302.857 1
317.405 302.857 1
317.925 302.857 1
318.445 302.858 1
318.964 302.858 1
319.484 302.858 1
280.516 303.377 1
281.036 303.377 1
281.555 303.377 1
282.075 303.377 1
282.595 303.377 1
283.115 303.377 1
283.635 303.377 1
284.154 303.377 1
284.674 303.377 1
285.194 303.377 1
285.714 303.377 1
286.234 303.377 1
286.753 303.377 1
287.273 303.377 1
287.792 303.377 1
288.312 303.377 1
288.831 303.377 1
289.351 303.377 1
289.87 303.377 1
290.39 303.377 1
290.909 303.377 1
291.429 303.377 1
291.948 303.377 1
292.468 303.377 1
292.987 303.377 1
293.506 303.377 1
294.026 303.377 1
294.545 303.377 1
295.065 303.377 1
295.584 303.377 1
296.104 303.377 1
296.623 303.377 1
297.143 303.377 1
297.662 303.377 1
298.182 303.377 1
298.701 303.377 1
299.221 303.377 1
299.74 303.377 1
300.26 303.377 1
300.779 303.377 1
301.299 303.377 1
301.818 303.377 1
302.338 303.377 1
302.857 303.377 1
303.377 303.377 1
303.896 303.377 1
304.416 303.377 1
304.935 303.377 1
305.455 303.377 1
305.974 303.377 1
306.494 303.377 1
307.013 303.377 1
307.532 303.377 1
308.052 303.377 1
308.571 303.377 1
309.091 303.377 1
309.61 303.377 1
310.13 303.377 1
310.649 303.377 1
311.169 303.377 1
311.688 303.377 1
312.208 303.377 1
312.727 303.377 1
313.247 303.377 1
313.766 303.377 1
314.286 303.377 1
314.806 303.377 1
315.326 303.377 1
315.846 303.377 1
316.365 303.377 1
316.885 303.377 1
317.405 303.377 1
317.925 303.377 1
318.445 303.377 1
318.964 303.377 1
319.484 303.377 1
280.516 303.897 1
281.036 303.897 1
281.555 303.897 1
282.075 303.897 1
282.595 303.897 1
283.115 303.897 1
283.635 303.896 1
284.154 303.896 1
284.674 303.896 1
285.194 303.896 1
285.714 303.896 1
286.234 303.896 1
286.753 303.896 1
287.273 303.896 1
287.792 303.896 1
288.312 303.896 1
288.831 303.896 1
289.351 303.896 1
289.87 303.896 1
290.39 303.896 1
290.909 303.896 1
291.429 303.896 1
291.948 303.896 1
292.468 303.896 1
292.987 303.896 1
293.506 303.896 1
294.026 303.896 1
294.545 303.896 1
295.065 303.896 1
295.584 303.896 1
296.104 303.896 1
296.623 303.896 1
297.143 303.896 1
297.662 303.896 1
298.182 303.896 1
298.701 303.896 1
299.221 303.896 1
299.74 303.896 1
300.26 303.896 1
300.779 303.896 1
301.299 303.896 1
301.818 303.896 1
302.338 303.896 1
302.857 303.896 1
303.377 303.896 1
303.896 303.896 1
304.416 303.896 1
304.935 303.896 1
305.455 303.896 1
305.974 303.896 1
306.494 303.896 1
307.013 303.896 1
307.532 303.896 1
308.052 303.896 1
308.571 303.896 1
309.091 303.896 1
309.61 303.896 1
310.13 303.896 1
310.649 303.896 1
311.169 303.896 1
311.688 303.896 1
312.208 303.896 1
312.727 303.896 1
313.247 303.896 1
313.766 303.896 1
314.286 303.896 1
314.806 303.896 1
315.326 303.896 1
315.846 303.896 1
316.365 303.896 1
316.885 303.897 1
317.405 303.897 1
317.925 303.897 1
318.445 303.897 1
318.964 303.897 1
319.484 303.897 1
280.516 304.416 1
281.036 304.416 1
281.555 304.416 1
282.075 304.416 1
282.595 304.416 1
283.115 304.416 1
283.634 304.416 1
284.154 304.416 1
284.674 304.416 1
285.194 304.416 1
285.714 304.416 1
286.234 304.416 1
286.753 304.416 1
287.273 304.416 1
287.792 304.416 1
288.312 304.416 1
288.831 304.416 1
289.351 304.416 1
289.87 304.416 1
290.39 304.416 1
290.909 304.416 1
291.429 304.416 1
291.948 304.416 1
292.468 304.416 1
292.987 304.416 1
293.506 304.416 1
294.026 304.416 1
294.545 304.416 1
295.065 304.416 1
295.584 304.416 1
296.104 304.416 1
296.623 304.416 1
297.143 304.416 1
297.662 304.416 1
298.182 304.416 1
298.701 304.416 1
299.221 304.416 1
299.74 304.416 1
300.26 304.416 1
300.779 304.416 1
301.299 304.416 1
301.818 304.416 1
302.338 304.416 1
302.857 304.416 1
303.377 304.416 1
303.896 304.416 1
304.416 304.416 1
304.935 304.416 1
305.455 304.416 1
305.974 304.416 1
306.494 304.416 1
307.013 304.416 1
307.532 304.416 1
308.052 304.416 1
308.571 304.416 1
309.091 304.416 1
309.61 304.416 1
310.13 304.416 1
310.649 304.416 1
311.169 304.416 1
311.688 304.416 1
312.208 304.416 1
312.727 304.416 1
313.247 304.416 1
313.766 304.416 1
314.286 304.416 1
314.806 304.416 1
315.326 304.416 1
315.846 304.416 1
316.366 304.416 1
316.885 304.416 1
317.405 304.416 1
317.925 304.416 1
318.445 304.416 1
318.964 304.416 1
319.484 304.416 1
281.036 304.936 1
281.555 304.936 1
282.075 304.936 1
282.595 304.936 1
283.115 304.936 1
283.634 304.936 1
284.154 304.936 1
284.674 304.935 1
285.194 304.935 1
285.714 304.935 1
286.234 304.935 1
286.753 304.935 1
287.273 304.935 1
287.792 304.935 1
288.312 304.935 1
288.831 304.935 1
289.351 304.935 1
289.87 304.935 1
290.39 304.935 1
290.909 304.935 1
291.429 304.935 1
291.948 304.935 1
292.468 304.935 1
292.987 304.935 1
293.506 304.935 1
294.026 304.935 1
294.545 304.935 1
295.065 304.935 1
295.584 304.935 1
296.104 304.935 1
296.623 304.935 1
297.143 304.935 1
297.662 304.935 1
298.182 304.935 1
298.701 304.935 1
299.221 304.935 1
299.74 304.935 1
300.26 304.935 1
300.779 304.935 1
301.299 304.935 1
301.818 304.935 1
302.338 304.935 1
302.857 304.935 1
303.377 304.935 1
303.896 304.935 1
304.416 304.935 1
304.935 304.935 1
305.455 304.935 1
305.974 304.935 1
306.494 304.935 1
307.013 304.935 1
307.532 304.935 1
308.052 304.935 1
308.571 304.935 1
309.091 304.935 1
309.61 304.935 1
310.13 304.935 1
310.649 304.935 1
311.169 304.935 1
311.688 304.935 1
312.208 304.935 1
312.727 304.935 1
313.247 304.935 1
313.766 304.935 1
314.286 304.935 1
314.806 304.935 1
315.326 304.935 1
315.846 304.936 1
316.366 304.936 1
316.885 304.936 1
317.405 304.936 1
317.925 304.936 1
318.445 304.936 1
318.964 304.936 1
281.036 305.455 1
281.555 305.455 1
282.075 305.455 1
282.595 305.455 1
283.114 305.455 1
283.634 305.455 1
284.154 305.455 1
284.674 305.455 1
285.194 305.455 1
285.714 305.455 1
286.233 305.455 1
286.753 305.455 1
287.273 305.455 1
287.792 305.455 1
288.312 305.455 1
288.831 305.455 1
289.351 305.455 1
289.87 305.455 1
290.39 305.455 1
290.909 305.455 1
291.429 305.455 1
291.948 305.455 1
292.468 305.455 1
292.987 305.455 1
293.506 305.455 1
294.026 305.455 1
294.545 305.455 1
295.065 305.455 1
295.584 305.455 1
296.104 305.455 1
296.623 305.455 1
297.143 305.455 1
297.662 305.455 1
298.182 305.455 1
298.701 305.455 1
299.221 305.455 1
299.74 305.455 1
300.26 305.455 1
300.779 305.455 1
301.299 305.455 1
301.818 305.455 1
302.338 305.455 1
302.857 305.455 1
303.377 305.455 1
303.896 305.455 1
304.416 305.455 1
304.935 305.455 1
305.455 305.455 1
305.974 305.455 1
306.494 305.455 1
307.013 305.455 1
307.532 305.455 1
308.052 305.455 1
308.571 305.455 1
309.091 305.455 1
309.61 305.455 1
310.13 305.455 1
310.649 305.455 1
311.169 305.455 1
311.688 305.455 1
312.208 305.455 1
312.727 305.455 1
313.247 305.455 1
313.767 305.455 1
314.286 305.455 1
314.806 305.455 1
315.326 305.455 1
315.846 305.455 1
316.366 305.455 1
316.886 305.455 1
317.405 305.455 1
317.925 305.455 1
318.445 305.455 1
318.964 305.455 1
281.036 305.975 1
281.555 305.975 1
282.075 305.975 1
282.595 305.975 1
283.114 305.975 1
283.634 305.975 1
284.154 305.975 1
284.674 305.975 1
285.194 305.974 1
285.714 305.974 1
286.233 305.974 1
286.753 305.974 1
287.273 305.974 1
287.792 305.974 1
288.312 305.974 1
288.831 305.974 1
289.351 305.974 1
289.87 305.974 1
290.39 305.974 1
290.909 305.974 1
291.429 305.974 1
291.948 305.974 1
292.468 305.974 1
292.987 305.974 1
293.506 305.974 1
294.026 305.974 1
294.545 305.974 1
295.065 305.974 1
295.584 305.974 1
296.104 305.974 1
296.623 305.974 1
297.143 305.974 1
297.662 305.974 1
298.182 305.974 1
298.701 305.974 1
299.221 305.974 1
299.74 305.974 1
300.26 305.974 1
300.779 305.974 1
301.299 305.974 1
301.818 305.974 1
302.338 305.974 1
302.857 305.974 1
303.377 305.974 1
303.896 305.974 1
304.416 305.974 1
304.935 305.974 1
305.455 305.974 1
305.974 305.974 1
306.494 305.974 1
307.013 305.974 1
307.532 305.974 1
308.052 305.974 1
308.571 305.974 1
309.091 305.974 1
309.61 305.974 1
310.13 305.974 1
310.649 305.974 1
311.169 305.974 1
311.688 305.974 1
312.208 305.974 1
312.727 305.974 1
313.247 305.974 1
313.767 305.974 1
314.286 305.974 1
314.806 305.974 1
315.326 305.975 1
315.846 305.975 1
316.366 305.975 1
316.886 305.975 1
317.405 305.975 1
317.925 305.975 1
318.445 305.975 1
318.964 305.975 1
281.555 306.495 1
282.075 306.495 1
282.595 306.495 1
283.114 306.494 1
283.634 306.494 1
284.154 306.494 1
284.674 306.494 1
285.194 306.494 1
285.713 306.494 1
286.233 306.494 1
286.753 306.494 1
287.273 306.494 1
287.792 306.494 1
288.312 306.494 1
288.831 306.494 1
289.351 306.494 1
289.87 306.494 1
290.39 306.494 1
290.909 306.494 1
291.429 306.494 1
291.948 306.494 1
292.468 306.494 1
292.987 306.494 1
293.506 306.494 1
294.026 306.494 1
294.545 306.494 1
295.065 306.494 1
295.584 306.494 1
296.104 306.494 1
296.623 306.494 1
297.143 306.494 1
297.662 306.494 1
298.182 306.494 1
298.701 306.494 1
299.221 306.494 1
299.74 306.494 1
300.26 306.494 1
300.779 306.494 1
301.299 306.494 1
301.818 306.494 1
302.338 306.494 1
302.857 306.494 1
303.377 306.494 1
303.896 306.494 1
304.416 306.494 1
304.935 306.494 1
305.455 306.494 1
305.974 306.494 1
306.494 306.494 1
307.013 306.494 1
307.532 306.494 1
308.052 306.494 1
308.571 306.494 1
309.091 306.494 1
309.61 306.494 1
310.13 306.494 1
310.649 306.494 1
311.169 306.494 1
311.688 306.494 1
312.208 306.494 1
312.727 306.494 1
313.247 306.494 1
313.767 306.494 1
314.287 306.494 1
314.806 306.494 1
315.326 306.494 1
315.846 306.494 1
316.366 306.494 1
316.886 306.494 1
317.405 306.495 1
317.925 306.495 1
318.445 306.495 1
281.555 307.014 1
282.075 307.014 1
282.595 307.014 1
283.114 307.014 1
283.634 307.014 1
284.154 307.014 1
284.674 307.014 1
285.193 307.014 1
285.713 307.013 1
286.233 307.013 1
286.753 307.013 1
287.273 307.013 1
287.792 307.013 1
288.312 307.013 1
288.831 307.013 1
289.351 307.013 1
289.87 307.013 1
290.39 307.013 1
290.909 307.013 1
291.429 307.013 1
291.948 307.013 1
292.468 307.013 1
292.987 307.013 1
293.506 307.013 1
294.026 307.013 1
294.545 307.013 1
295.065 307.013 1
295.584 307.013 1
296.104 307.013 1
296.623 307.013 1
297.143 307.013 1
297.662 307.013 1
298.182 307.013 1
298.701 307.013 1
299.221 307.013 1
299.74 307.013 1
300.26 307.013 1
300.779 307.013 1
301.299 307.013 1
301.818 307.013 1
302.338 307.013 1
302.857 307.013 1
303.377 307.013 1
303.896 307.013 1
304.416 307.013 1
304.935 307.013 1
305.455 307.013 1
305.974 307.013 1
306.494 307.013 1
307.013 307.013 1
307.532 307.013 1
308.052 307.013 1
308.571 307.013 1
309.091 307.013 1
309.61 307.013 1
310.13 307.013 1
310.649 307.013 1
311.169 307.013 1
311.688 307.013 1
312.208 307.013 1
312.727 307.013 1
313.247 307.013 1
313.767 307.013 1
314.287 307.013 1
314.807 307.014 1
315.326 307.014 1
315.846 307.014 1
316.366 307.014 1
316.886 307.014 1
317.405 307.014 1
317.925 307.014 1
318.445 307.014 1
281.555 307.534 1
282.075 307.534 1
282.595 307.534 1
283.114 307.534 1
283.634 307.534 1
284.154 307.533 1
284.674 307.533 1
285.193 307.533 1
285.713 307.533 1
286.233 307.533 1
286.753 307.533 1
287.272 307.533 1
287.792 307.533 1
288.312 307.532 1
288.831 307.532 1
289.351 307.532 1
289.87 307.532 1
290.39 307.532 1
290.909 307.532 1
291.429 307.532 1
291.948 307.532 1
292.468 307.532 1
292.987 307.532 1
293.506 307.532 1
294.026 307.532 1
294.545 307.532 1
295.065 307.532 1
295.584 307.532 1
296.104 307.532 1
296.623 307.532 1
297.143 307.532 1
297.662 307.532 1
298.182 307.532 1
298.701 307.532 1
299.221 307.532 1
299.74 307.532 1
300.26 307.532 1
300.779 307.532 1
301.299 307.532 1
301.818 307.532 1
302.338 307.532 1
302.857 307.532 1
303.377 307.532 1
303.896 307.532 1
304.416 307.532 1
304.935 307.532 1
305.455 307.532 1
305.974 307.532 1
306.494 307.532 1
307.013 307.532 1
307.532 307.532 1
308.052 307.532 1
308.571 307.532 1
309.091 307.532 1
309.61 307.532 1
310.13 307.532 1
310.649 307.532 1
311.169 307.532 1
311.688 307.532 1
312.208 307.533 1
312.728 307.533 1
313.247 307.533 1
313.767 307.533 1
314.287 307.533 1
314.807 307.533 1
315.326 307.533 1
315.846 307.533 1
316.366 307.534 1
316.886 307.534 1
317.405 307.534 1
317.925 307.534 1
318.445 307.534 1
282.075 308.053 1
282.595 308.053 1
283.114 308.053 1
283.634 308.053 1
284.154 308.053 1
284.673 308.053 1
285.193 308.053 1
285.713 308.053 1
286.233 308.053 1
286.753 308.052 1
287.272 308.052 1
287.792 308.052 1
288.312 308.052 1
288.831 308.052 1
289.351 308.052 1
289.87 308.052 1
290.39 308.052 1
290.909 308.052 1
291.429 308.052 1
291.948 308.052 1
292.468 308.052 1
292.987 308.052 1
293.506 308.052 1
294.026 308.052 1
294.545 308.052 1
295.065 308.052 1
295.584 308.052 1
296.104 308.052 1
296.623 308.052 1
297.143 308.052 1
297.662 308.052 1
298.182 308.052 1
298.701 308.052 1
299.221 308.052 1
299.74 308.052 1
300.26 308.052 1
300.779 308.052 1
301.299 308.052 1
301.818 308.052 1
302.338 308.052 1
302.857 308.052 1
303.377 308.052 1
303.896 308.052 1
304.416 308.052 1
304.935 308.052 1
305.455 308.052 1
305.974 308.052 1
306.494 308.052 1
307.013 308.052 1
307.532 308.052 1
308.052 308.052 1
308.571 308.052 1
309.091 308.052 1
309.61 308.052 1
310.13 308.052 1
310.649 308.052 1
311.169 308.052 1
311.688 308.052 1
312.208 308.052 1
312.728 308.052 1
313.247 308.052 1
313.767 308.053 1
314.287 308.053 1
314.807 308.053 1
315.327 308.053 1
315.846 308.053 1
316.366 308.053 1
316.886 308.053 1
317.405 308.053 1
317.925 308.053 1
282.075 308.573 1
282.595 308.573 1
283.114 308.573 1
283.634 308.573 1
284.154 308.573 1
284.673 308.573 1
285.193 308.572 1
285.713 308.572 1
286.233 308.572 1
286.752 308.572 1
287.272 308.572 1
287.792 308.572 1
288.312 308.572 1
288.831 308.571 1
289.351 308.571 1
289.87 308.571 1
290.39 308.571 1
290.909 308.571 1
291.429 308.571 1
291.948 308.571 1
292.468 308.571 1
292.987 308.571 1
293.506 308.571 1
294.026 308.571 1
294.545 308.571 1
295.065 308.571 1
295.584 308.571 1
296.104 308.571 1
296.623 308.571 1
297.143 308.571 1
297.662 308.571 1
298.182 308.571 1
298.701 308.571 1
299.221 308.571 1
299.74 308.571 1
300.26 308.571 1
300.779 308.571 1
301.299 308.571 1
301.818 308.571 1
302.338 308.571 1
302.857 308.571 1
303.377 308.571 1
303.896 308.571 1
304.416 308.571 1
304.935 308.571 1
305.455 308.571 1
305.974 308.571 1
306.494 308.571 1
307.013 308.571 1
307.532 308.571 1
308.052 308.571 1
308.571 308.571 1
309.091 308.571 1
309.61 308.571 1
310.13 308.571 1
310.649 308.571 1
311.169 308.571 1
311.688 308.572 1
312.208 308.572 1
312.728 308.572 1
313.248 308.572 1
313.767 308.572 1
314.287 308.572 1
314.807 308.572 1
315.327 308.573 1
315.846 308.573 1
316.366 308.573 1
316.886 308.573 1
317.405 308.573 1
317.925 308.573 1
282.595 309.092 1
283.114 309.092 1
283.634 309.092 1
284.153 309.092 1
284.673 309.092 1
285.193 309.092 1
285.713 309.092 1
286.232 309.092 1
286.752 309.092 1
287.272 309.091 1
287.792 309.091 1
288.311 309.091 1
288.831 309.091 1
289.351 309.091 1
289.87 309.091 1
290.39 309.091 1
290.909 309.091 1
291.429 309.091 1
291.948 309.091 1
292.468 309.091 1
292.987 309.091 1
293.506 309.091 1
294.026 309.091 1
294.545 309.091 1
295.065 309.091 1
295.584 309.091 1
296.104 309.091 1
296.623 309.091 1
297.143 309.091 1
297.662 309.091 1
298.182 309.091 1
298.701 309.091 1
299.221 309.091 1
299.74 309.091 1
300.26 309.091 1
300.779 309.091 1
301.299 309.091 1
301.818 309.091 1
302.338 309.091 1
302.857 309.091 1
303.377 309.091 1
303.896 309.091 1
304.416 309.091 1
304.935 309.091 1
305.455 309.091 1
305.974 309.091 1
306.494 309.091 1
307.013 309.091 1
307.532 309.091 1
308.052 309.091 1
308.571 309.091 1
309.091 309.091 1
309.61 309.091 1
310.13 309.091 1
310.649 309.091 1
311.169 309.091 1
311.689 309.091 1
312.208 309.091 1
312.728 309.091 1
313.248 309.092 1
313.768 309.092 1
314.287 309.092 1
314.807 309.092 1
315.327 309.092 1
315.847 309.092 1
316.366 309.092 1
316.886 309.092 1
317.405 309.092 1
282.595 309.612 1
283.114 309.612 1
283.634 309.612 1
284.153 309.612 1
284.673 309.612 1
285.193 309.612 1
285.713 309.612 1
286.232 309.611 1
286.752 309.611 1
287.272 309.611 1
287.792 309.611 1
288.311 309.611 1
288.831 309.611 1
289.351 309.61 1
289.87 309.61 1
290.39 309.61 1
290.909 309.61 1
291.429 309.61 1
291.948 309.61 1
292.468 309.61 1
292.987 309.61 1
293.506 309.61 1
294.026 309.61 1
294.545 309.61 1
295.065 309.61 1
295.584 309.61 1
296.104 309.61 1
296.623 309.61 1
297.143 309.61 1
297.662 309.61 1
298.182 309.61 1
298.701 309.61 1
299.221 309.61 1
299.74 309.61 1
300.26 309.61 1
300.779 309.61 1
301.299 309.61 1
301.818 309.61 1
302.338 309.61 1
302.857 309.61 1
303.377 309.61 1
303.896 309.61 1
304.416 309.61 1
304.935 309.61 1
305.455 309.61 1
305.974 309.61 1
306.494 309.61 1
307.013 309.61 1
307.532 309.61 1
308.052 309.61 1
308.571 309.61 1
309.091 309.61 1
309.61 309.61 1
310.13 309.61 1
310.649 309.61 1
311.169 309.611 1
311.689 309.611 1
312.208 309.611 1
312.728 309.611 1
313.248 309.611 1
313.768 309.611 1
314.287 309.612 1
314.807 309.612 1
315.327 309.612 1
315.847 309.612 1
316.366 309.612 1
316.886 309.612 1
317.405 309.612 1
283.114 310.132 1
283.634 310.132 1
284.153 310.131 1
284.673 310.131 1
285.193 310.131 1
285.712 310.131 1
286.232 310.131 1
286.752 310.131 1
287.272 310.131 1
287.791 310.131 1
288.311 310.13 1
288.831 310.13 1
289.35 310.13 1
289.87 310.13 1
290.39 310.13 1
290.909 310.13 1
291.429 310.13 1
291.948 310.13 1
292.468 310.13 1
292.987 310.13 1
293.506 310.13 1
294.026 310.13 1
294.545 310.13 1
295.065 310.13 1
295.584 310.13 1
296.104 310.13 1
296.623 310.13 1
297.143 310.13 1
297.662 310.13 1
298.182 310.13 1
298.701 310.13 1
299.221 310.13 1
299.74 310.13 1
300.26 310.13 1
300.779 310.13 1
301.299 310.13 1
301.818 310.13 1
302.338 310.13 1
302.857 310.13 1
303.377 310.13 1
303.896 310.13 1
304.416 310.13 1
304.935 310.13 1
305.455 310.13 1
305.974 310.13 1
306.494 310.13 1
307.013 310.13 1
307.532 310.13 1
308.052 310.13 1
308.571 310.13 1
309.091 310.13 1
309.61 310.13 1
310.13 310.13 1
310.65 310.13 1
311.169 310.13 1
311.689 310.13 1
312.209 310.131 1
312.728 310.131 1
313.248 310.131 1
313.768 310.131 1
314.288 310.131 1
314.807 310.131 1
315.327 310.131 1
315.847 310.131 1
316.366 310.132 1
316.886 310.132 1
283.114 310.651 1
283.634 310.651 1
284.153 310.651 1
284.673 310.651 1
285.193 310.651 1
285.712 310.651 1
286.232 310.651 1
286.752 310.651 1
287.271 310.65 1
287.791 310.65 1
288.311 310.65 1
288.831 310.65 1
289.35 310.65 1
289.87 310.65 1
290.39 310.649 1
290.909 310.649 1
291.429 310.649 1
291.948 310.649 1
292.468 310.649 1
292.987 310.649 1
293.506 310.649 1
294.026 310.649 1
294.545 310.649 1
295.065 310.649 1
295.584 310.649 1
296.104 310.649 1
296.623 310.649 1
297.143 310.649 1
297.662 310.649 1
298.182 310.649 1
298.701 310.649 1
299.221 310.649 1
299.74 310.649 1
300.26 310.649 1
300.779 310.649 1
301.299 310.649 1
301.818 310.649 1
302.338 310.649 1
302.857 310.649 1
303.377 310.649 1
303.896 310.649 1
304.416 310.649 1
304.935 310.649 1
305.455 310.649 1
305.974 310.649 1
306.494 310.649 1
307.013 310.649 1
307.532 310.649 1
308.052 310.649 1
308.571 310.649 1
309.091 310.649 1
309.61 310.649 1
310.13 310.65 1
310.65 310.65 1
311.169 310.65 1
311.689 310.65 1
312.209 310.65 1
312.729 310.65 1
313.248 310.651 1
313.768 310.651 1
314.288 310.651 1
314.807 310.651 1
315.327 310.651 1
315.847 310.651 1
316.366 310.651 1
316.886 310.651 1
283.634 311.171 1
284.153 311.171 1
284.673 311.171 1
285.192 311.171 1
285.712 311.171 1
286.232 311.17 1
286.752 311.17 1
287.271 311.17 1
287.791 311.17 1
288.311 311.17 1
288.83 311.17 1
289.35 311.169 1
289.87 311.169 1
290.389 311.169 1
290.909 311.169 1
291.429 311.169 1
291.948 311.169 1
292.468 311.169 1
292.987 311.169 1
293.506 311.169 1
294.026 311.169 1
294.545 311.169 1
295.065 311.169 1
295.584 311.169 1
296.104 311.169 1
296.623 311.169 1
297.143 311.169 1
297.662 311.169 1
298.182 311.169 1
298.701 311.169 1
299.221 311.169 1
299.74 311.169 1
300.26 311.169 1
300.779 311.169 1
301.299 311.169 1
301.818 311.169 1
302.338 311.169 1
302.857 311.169 1
303.377 311.169 1
303.896 311.169 1
304.416 311.169 1
304.935 311.169 1
305.455 311.169 1
305.974 311.169 1
306.494 311.169 1
307.013 311.169 1
307.532 311.169 1
308.052 311.169 1
308.571 311.169 1
309.091 311.169 1
309.611 311.169 1
310.13 311.169 1
310.65 311.169 1
311.17 311.17 1
311.689 311.17 1
312.209 311.17 1
312.729 311.17 1
313.248 311.17 1
313.768 311.17 1
314.288 311.171 1
314.808 311.171 1
315.327 311.171 1
315.847 311.171 1
316.366 311.171 1
284.153 311.69 1
284.673 311.69 1
285.192 311.69 1
285.712 311.69 1
286.232 311.69 1
286.751 311.69 1
287.271 311.69 1
287.791 311.69 1
288.311 311.689 1
288.83 311.689 1
289.35 311.689 1
289.87 311.689 1
290.389 311.689 1
290.909 311.689 1
291.428 311.688 1
291.948 311.688 1
292.468 311.688 1
292.987 311.688 1
293.506 311.688 1
294.026 311.688 1
294.545 311.688 1
295.065 311.688 1
295.584 311.688 1
296.104 311.688 1
296.623 311.688 1
297.143 311.688 1
297.662 311.688 1
298.182 311.688 1
298.701 311.688 1
299.221 311.688 1
299.74 311.688 1
300.26 311.688 1
300.779 311.688 1
301.299 311.688 1
301.818 311.688 1
302.338 311.688 1
302.857 311.688 1
303.377 311.688 1
303.896 311.688 1
304.416 311.688 1
304.935 311.688 1
305.455 311.688 1
305.974 311.688 1
306.494 311.688 1
307.013 311.688 1
307.532 311.688 1
308.052 311.688 1
308.572 311.688 1
309.091 311.689 1
309.611 311.689 1
310.13 311.689 1
310.65 311.689 1
311.17 311.689 1
311.689 311.689 1
312.209 311.69 1
312.729 311.69 1
313.249 311.69 1
313.768 311.69 1
314.288 311.69 1
314.808 311.69 1
315.327 311.69 1
315.847 311.69 1
284.673 312.21 1
285.192 312.21 1
285.712 312.21 1
286.232 312.21 1
286.751 312.21 1
287.271 312.209 1
287.791 312.209 1
288.31 312.209 1
288.83 312.209 1
289.35 312.209 1
289.869 312.209 1
290.389 312.208 1
290.909 312.208 1
291.428 312.208 1
291.948 312.208 1
292.467 312.208 1
292.987 312.208 1
293.506 312.208 1
294.026 312.208 1
294.545 312.208 1
295.065 312.208 1
295.584 312.208 1
296.104 312.208 1
296.623 312.208 1
297.143 312.208 1
297.662 312.208 1
298.182 312.208 1
298.701 312.208 1
299.221 312.208 1
299.74 312.208 1
300.26 312.208 1
300.779 312.208 1
301.299 312.208 1
301.818 312.208 1
302.338 312.208 1
302.857 312.208 1
303.377 312.208 1
303.896 312.208 1
304.416 312.208 1
304.935 312.208 1
305.455 312.208 1
305.974 312.208 1
306.494 312.208 1
307.013 312.208 1
307.533 312.208 1
308.052 312.208 1
308.572 312.208 1
309.091 312.208 1
309.611 312.208 1
310.131 312.209 1
310.65 312.209 1
311.17 312.209 1
311.69 312.209 1
312.209 312.209 1
312.729 312.209 1
313.249 312.21 1
313.768 312.21 1
314.288 312.21 1
314.808 312.21 1
315.327 312.21 1
284.673 312.729 1
285.192 312.729 1
285.712 312.729 1
286.232 312.729 1
286.751 312.729 1
287.271 312.729 1
287.791 312.729 1
288.31 312.729 1
288.83 312.729 1
289.35 312.729 1
289.869 312.728 1
290.389 312.728 1
290.909 312.728 1
291.428 312.728 1
291.948 312.728 1
292.467 312.728 1
292.987 312.727 1
293.506 312.727 1
294.026 312.727 1
294.545 312.727 1
295.065 312.727 1
295.584 312.727 1
296.104 312.727 1
296.623 312.727 1
297.143 312.727 1
297.662 312.727 1
298.182 312.727 1
298.701 312.727 1
299.221 312.727 1
299.74 312.727 1
300.26 312.727 1
300.779 312.727 1
301.299 312.727 1
301.818 312.727 1
302.338 312.727 1
302.857 312.727 1
303.377 312.727 1
303.896 312.727 1
304.416 312.727 1
304.935 312.727 1
305.455 312.727 1
305.974 312.727 1
306.494 312.727 1
307.013 312.727 1
307.533 312.728 1
308.052 312.728 1
308.572 312.728 1
309.091 312.728 1
309.611 312.728 1
310.131 312.728 1
310.65 312.729 1
311.17 312.729 1
311.69 312.729 1
312.209 312.729 1
312.729 312.729 1
313.249 312.729 1
313.768 312.729 1
314.288 312.729 1
314.808 312.729 1
315.327 312.729 1
285.192 313.249 1
285.712 313.249 1
286.232 313.249 1
286.751 313.249 1
287.271 313.249 1
287.79 313.249 1
288.31 313.249 1
288.83 313.248 1
289.349 313.248 1
289.869 313.248 1
290.389 313.248 1
290.908 313.248 1
291.428 313.248 1
291.948 313.247 1
292.467 313.247 1
292.987 313.247 1
293.506 313.247 1
294.026 313.247 1
294.545 313.247 1
295.065 313.247 1
295.584 313.247 1
296.104 313.247 1
296.623 313.247 1
297.143 313.247 1
297.662 313.247 1
298.182 313.247 1
298.701 313.247 1
299.221 313.247 1
299.74 313.247 1
300.26 313.247 1
300.779 313.247 1
301.299 313.247 1
301.818 313.247 1
302.338 313.247 1
302.857 313.247 1
303.377 313.247 1
303.896 313.247 1
304.416 313.247 1
304.935 313.247 1
305.455 313.247 1
305.974 313.247 1
306.494 313.247 1
307.013 313.247 1
307.533 313.247 1
308.052 313.247 1
308.572 313.248 1
309.092 313.248 1
309.611 313.248 1
310.131 313.248 1
310.651 313.248 1
311.17 313.248 1
311.69 313.249 1
312.21 313.249 1
312.729 313.249 1
313.249 313.249 1
313.768 313.249 1
314.288 313.249 1
314.808 313.249 1
285.712 313.768 1
286.232 313.768 1
286.751 313.768 1
287.271 313.768 1
287.79 313.768 1
288.31 313.768 1
288.83 313.768 1
289.349 313.768 1
289.869 313.768 1
290.389 313.768 1
290.908 313.768 1
291.428 313.767 1
291.947 313.767 1
292.467 313.767 1
292.987 313.767 1
293.506 313.767 1
294.026 313.767 1
294.545 313.767 1
295.065 313.766 1
295.584 313.766 1
296.104 313.766 1
296.623 313.766 1
297.143 313.766 1
297.662 313.766 1
298.182 313.766 1
298.701 313.766 1
299.221 313.766 1
299.74 313.766 1
300.26 313.766 1
300.779 313.766 1
301.299 313.766 1
301.818 313.766 1
302.338 313.766 1
302.857 313.766 1
303.377 313.766 1
303.896 313.766 1
304.416 313.766 1
304.935 313.766 1
305.455 313.767 1
305.974 313.767 1
306.494 313.767 1
307.013 313.767 1
307.533 313.767 1
308.053 313.767 1
308.572 313.767 1
309.092 313.768 1
309.611 313.768 1
310.131 313.768 1
310.651 313.768 1
311.17 313.768 1
311.69 313.768 1
312.21 313.768 1
312.729 313.768 1
313.249 313.768 1
313.768 313.768 1
314.288 313.768 1
286.232 314.288 1
286.751 314.288 1
287.271 314.288 1
287.79 314.288 1
288.31 314.288 1
288.829 314.288 1
289.349 314.288 1
289.869 314.288 1
290.388 314.287 1
290.908 314.287 1
291.428 314.287 1
291.947 314.287 1
292.467 314.287 1
292.987 314.287 1
293.506 314.287 1
294.026 314.286 1
294.545 314.286 1
295.065 314.286 1
295.584 314.286 1
296.104 314.286 1
296.623 314.286 1
297.143 314.286 1
297.662 314.286 1
298.182 314.286 1
298.701 314.286 1
299.221 314.286 1
299.74 314.286 1
300.26 314.286 1
300.779 314.286 1
301.299 314.286 1
301.818 314.286 1
302.338 314.286 1
302.857 314.286 1
303.377 314.286 1
303.896 314.286 1
304.416 314.286 1
304.935 314.286 1
305.455 314.286 1
305.974 314.286 1
306.494 314.287 1
307.013 314.287 1
307.533 314.287 1
308.053 314.287 1
308.572 314.287 1
309.092 314.287 1
309.612 314.287 1
310.131 314.288 1
310.651 314.288 1
311.171 314.288 1
311.69 314.288 1
312.21 314.288 1
312.729 314.288 1
313.249 314.288 1
313.768 314.288 1
286.751 314.808 1
287.271 314.808 1
287.79 314.808 1
288.31 314.808 1
288.829 314.808 1
289.349 314.807 1
289.869 314.807 1
290.388 314.807 1
290.908 314.807 1
291.428 314.807 1
291.947 314.807 1
292.467 314.807 1
292.986 314.807 1
293.506 314.806 1
294.026 314.806 1
294.545 314.806 1
295.065 314.806 1
295.584 314.806 1
296.104 314.806 1
296.623 314.806 1
297.143 314.806 1
297.662 314.806 1
298.182 314.806 1
298.701 314.806 1
299.221 314.806 1
299.74 314.806 1
300.26 314.806 1
300.779 314.806 1
301.299 314.806 1
301.818 314.806 1
302.338 314.806 1
302.857 314.806 1
303.377 314.806 1
303.896 314.806 1
304.416 314.806 1
304.935 314.806 1
305.455 314.806 1
305.974 314.806 1
306.494 314.806 1
307.014 314.807 1
307.533 314.807 1
308.053 314.807 1
308.572 314.807 1
309.092 314.807 1
309.612 314.807 1
310.131 314.807 1
310.651 314.807 1
311.171 314.808 1
311.69 314.808 1
312.21 314.808 1
312.729 314.808 1
313.249 314.808 1
287.271 315.327 1
287.79 315.327 1
288.31 315.327 1
288.829 315.327 1
289.349 315.327 1
289.869 315.327 1
290.388 315.327 1
290.908 315.327 1
291.427 315.327 1
291.947 315.327 1
292.467 315.326 1
292.986 315.326 1
293.506 315.326 1
294.025 315.326 1
294.545 315.326 1
295.065 315.326 1
295.584 315.326 1
296.104 315.326 1
296.623 315.326 1
297.143 315.326 1
297.662 315.326 1
298.182 315.325 1
298.701 315.325 1
299.221 315.325 1
299.74 315.325 1
300.26 315.325 1
300.779 315.325 1
301.299 315.325 1
301.818 315.325 1
302.338 315.326 1
302.857 315.326 1
303.377 315.326 1
303.896 315.326 1
304.416 315.326 1
304.935 315.326 1
305.455 315.326 1
305.975 315.326 1
306.494 315.326 1
307.014 315.326 1
307.533 315.326 1
308.053 315.327 1
308.573 315.327 1
309.092 315.327 1
309.612 315.327 1
310.131 315.327 1
310.651 315.327 1
311.171 315.327 1
311.69 315.327 1
312.21 315.327 1
312.729 315.327 1
288.31 315.847 1
288.829 315.847 1
289.349 315.847 1
289.869 315.847 1
290.388 315.847 1
290.908 315.847 1
291.427 315.846 1
291.947 315.846 1
292.467 315.846 1
292.986 315.846 1
293.506 315.846 1
294.025 315.846 1
294.545 315.846 1
295.064 315.846 1
295.584 315.846 1
296.104 315.846 1
296.623 315.846 1
297.143 315.845 1
297.662 315.845 1
298.182 315.845 1
298.701 315.845 1
299.221 315.845 1
299.74 315.845 1
300.26 315.845 1
300.779 315.845 1
301.299 315.845 1
301.818 315.845 1
302.338 315.845 1
302.857 315.845 1
303.377 315.846 1
303.896 315.846 1
304.416 315.846 1
304.936 315.846 1
305.455 315.846 1
305.975 315.846 1
306.494 315.846 1
307.014 315.846 1
307.533 315.846 1
308.053 315.846 1
308.573 315.846 1
309.092 315.847 1
309.612 315.847 1
310.131 315.847 1
310.651 315.847 1
311.171 315.847 1
311.69 315.847 1
288.829 316.366 1
289.349 316.366 1
289.868 316.366 1
290.388 316.366 1
290.908 316.366 1
291.427 316.366 1
291.947 316.366 1
292.466 316.366 1
292.986 316.366 1
293.506 316.366 1
294.025 316.366 1
294.545 316.366 1
295.064 316.366 1
295.584 316.366 1
296.104 316.365 1
296.623 316.365 1
297.143 316.365 1
297.662 316.365 1
298.182 316.365 1
298.701 316.365 1
299.221 316.365 1
299.74 316.365 1
300.26 316.365 1
300.779 316.365 1
301.299 316.365 1
301.818 316.365 1
302.338 316.365 1
302.857 316.365 1
303.377 316.365 1
303.896 316.365 1
304.416 316.366 1
304.936 316.366 1
305.455 316.366 1
305.975 316.366 1
306.494 316.366 1
307.014 316.366 1
307.534 316.366 1
308.053 316.366 1
308.573 316.366 1
309.092 316.366 1
309.612 316.366 1
310.132 316.366 1
310.651 316.366 1
311.171 316.366 1
289.349 316.886 1
289.868 316.886 1
290.388 316.886 1
290.908 316.886 1
291.427 316.886 1
291.947 316.886 1
292.466 316.886 1
292.986 316.886 1
293.506 316.886 1
294.025 316.886 1
294.545 316.886 1
295.064 316.885 1
295.584 316.885 1
296.103 316.885 1
296.623 316.885 1
297.143 316.885 1
297.662 316.885 1
298.182 316.885 1
298.701 316.885 1
299.221 316.885 1
299.74 316.885 1
300.26 316.885 1
300.779 316.885 1
301.299 316.885 1
301.818 316.885 1
302.338 316.885 1
302.857 316.885 1
303.377 316.885 1
303.897 316.885 1
304.416 316.885 1
304.936 316.885 1
305.455 316.886 1
305.975 316.886 1
306.494 316.886 1
307.014 316.886 1
307.534 316.886 1
308.053 316.886 1
308.573 316.886 1
309.092 316.886 1
309.612 316.886 1
310.132 316.886 1
310.651 316.886 1
290.388 317.405 1
290.908 317.405 1
291.427 317.405 1
291.947 317.405 1
292.466 317.405 1
292.986 317.405 1
293.505 317.405 1
294.025 317.405 1
294.545 317.405 1
295.064 317.405 1
295.584 317.405 1
296.103 317.405 1
296.623 317.405 1
297.143 317.405 1
297.662 317.405 1
298.182 317.405 1
298.701 317.405 1
299.221 317.405 1
299.74 317.405 1
300.26 317.405 1
300.779 317.405 1
301.299 317.405 1
301.818 317.405 1
302.338 317.405 1
302.857 317.405 1
303.377 317.405 1
303.897 317.405 1
304.416 317.405 1
304.936 317.405 1
305.455 317.405 1
305.975 317.405 1
306.495 317.405 1
307.014 317.405 1
307.534 317.405 1
308.053 317.405 1
308.573 317.405 1
309.092 317.405 1
309.612 317.405 1
291.427 317.925 1
291.947 317.925 1
292.466 317.925 1
292.986 317.925 1
293.505 317.925 1
294.025 317.925 1
294.545 317.925 1
295.064 317.925 1
295.584 317.925 1
296.103 317.925 1
296.623 317.925 1
297.143 317.925 1
297.662 317.925 1
298.182 317.925 1
298.701 317.925 1
299.221 317.925 1
299.74 317.925 1
300.26 317.925 1
300.779 317.925 1
301.299 317.925 1
301.818 317.925 1
302.338 317.925 1
302.857 317.925 1
303.377 317.925 1
303.897 317.925 1
304.416 317.925 1
304.936 317.925 1
305.455 317.925 1
305.975 317.925 1
306.495 317.925 1
307.014 317.925 1
307.534 317.925 1
308.053 317.925 1
308.573 317.925 1
292.466 318.445 1
292.986 318.445 1
293.505 318.445 1
294.025 318.445 1
294.545 318.445 1
295.064 318.445 1
295.584 318.445 1
296.103 318.445 1
296.623 318.445 1
297.142 318.445 1
297.662 318.445 1
298.182 318.445 1
298.701 318.445 1
299.221 318.444 1
299.74 318.444 1
300.26 318.444 1
300.779 318.444 1
301.299 318.445 1
301.818 318.445 1
302.338 318.445 1
302.858 318.445 1
303.377 318.445 1
303.897 318.445 1
304.416 318.445 1
304.936 318.445 1
305.455 318.445 1
305.975 318.445 1
306.495 318.445 1
307.014 318.445 1
307.534 318.445 1
294.025 318.964 1
294.545 318.964 1
295.064 318.964 1
295.584 318.964 1
296.103 318.964 1
296.623 318.964 1
297.142 318.964 1
297.662 318.964 1
298.182 318.964 1
298.701 318.964 1
299.221 318.964 1
299.74 318.964 1
300.26 318.964 1
300.779 318.964 1
301.299 318.964 1
301.818 318.964 1
302.338 318.964 1
302.858 318.964 1
303.377 318.964 1
303.897 318.964 1
304.416 318.964 1
304.936 318.964 1
305.455 318.964 1
305.975 318.964 1
295.584 319.484 1
296.103 319.484 1
296.623 319.484 1
297.142 319.484 1
297.662 319.484 1
298.182 319.484 1
298.701 319.484 1
299.221 319.484 1
299.74 319.484 1
300.26 319.484 1
300.779 319.484 1
301.299 319.484 1
301.818 319.484 1
302.338 319.484 1
302.858 319.484 1
303.377 319.484 1
303.897 319.484 1
304.416 319.484 1
end.
