begin.
295.584 280.519 1
296.104 280.519 1
296.623 280.519 1
297.143 280.519 1
297.662 280.519 1
298.182 280.519 1
298.701 280.519 1
299.221 280.519 1
299.74 280.519 1
300.26 280.519 1
300.779 280.519 1
301.299 280.519 1
301.818 280.519 1
302.338 280.519 1
302.857 280.519 1
303.377 280.519 1
303.896 280.519 1
304.416 280.519 1
294.026 281.039 1
294.545 281.039 1
295.065 281.039 1
295.584 281.039 1
296.104 281.039 1
296.623 281.039 1
297.143 281.039 1
297.662 281.039 1
298.182 281.039 1
298.701 281.039 1
299.221 281.039 1
299.74 281.039 1
300.26 281.039 1
300.779 281.039 1
301.299 281.039 1
301.818 281.039 1
302.338 281.039 1
302.857 281.039 1
303.377 281.039 1
303.896 281.039 1
304.416 281.039 1
304.935 281.039 1
305.455 281.039 1
305.974 281.039 1
292.467 281.558 1
292.987 281.558 1
293.506 281.558 1
294.026 281.558 1
294.545 281.558 1
295.065 281.558 1
295.584 281.558 1
296.104 281.558 1
296.623 281.558 1
297.143 281.558 1
297.662 281.558 1
298.182 281.558 1
298.701 281.558 1
299.221 281.558 1
299.74 281.558 1
300.26 281.558 1
300.779 281.558 1
301.299 281.558 1
301.818 281.558 1
302.338 281.558 1
302.857 281.558 1
303.377 281.558 1
303.896 281.558 1
304.416 281.558 1
304.935 281.558 1
305.455 281.558 1
305.974 281.558 1
306.494 281.558 1
307.013 281.558 1
307.533 281.558 1
291.428 282.078 1
291.948 282.078 1
292.467 282.078 1
292.987 282.078 1
293.506 282.078 1
294.026 282.078 1
294.545 282.078 1
295.065 282.078 1
295.584 282.078 1
296.104 282.078 1
296.623 282.078 1
297.143 282.078 1
297.662 282.078 1
298.182 282.078 1
298.701 282.078 1
299.221 282.078 1
299.74 282.078 1
300.26 282.078 1
300.779 282.078 1
301.299 282.078 1
301.818 282.078 1
302.338 282.078 1
302.857 282.078 1
303.377 282.078 1
303.896 282.078 1
304.416 282.078 1
304.935 282.078 1
305.455 282.078 1
305.974 282.078 1
306.494 282.078 1
307.013 282.078 1
307.533 282.078 1
308.052 282.078 1
308.572 282.078 1
290.389 282.597 1
290.909 282.597 1
291.428 282.597 1
291.948 282.597 1
292.467 282.597 1
292.987 282.597 1
293.506 282.597 1
294.026 282.597 1
294.545 282.597 1
295.065 282.597 1
295.584 282.597 1
296.104 282.597 1
296.623 282.597 1
297.143 282.597 1
297.662 282.597 1
298.182 282.597 1
298.701 282.597 1
299.221 282.597 1
299.74 282.597 1
300.26 282.597 1
300.779 282.597 1
301.299 282.597 1
301.818 282.597 1
302.338 282.597 1
302.857 282.597 1
303.377 282.597 1
303.896 282.597 1
304.416 282.597 1
304.935 282.597 1
305.455 282.597 1
305.974 282.597 1
306.494 282.597 1
307.013 282.597 1
307.533 282.597 1
308.052 282.597 1
308.572 282.597 1
309.091 282.597 1
309.611 282.597 1
289.351 283.117 1
289.87 283.117 1
290.389 283.117 1
290.909 283.117 1
291.428 283.117 1
291.948 283.117 1
292.467 283.117 1
292.987 283.117 1
293.506 283.117 1
294.026 283.117 1
294.545 283.117 1
295.065 283.117 1
295.584 283.117 1
296.104 283.117 1
296.623 283.117 1
297.143 283.117 1
297.662 283.117 1
298.182 283.117 1
298.701 283.117 1
299.221 283.117 1
299.74 283.117 1
300.26 283.117 1
300.779 283.117 1
301.299 283.117 1
301.818 283.117 1
302.338 283.117 1
302.857 283.117 1
303.377 283.117 1
303.896 283.117 1
304.416 283.117 1
304.935 283.117 1
305.455 283.117 1
305.974 283.117 1
306.494 283.117 1
307.013 283.117 1
307.533 283.117 1
308.052 283.117 1
308.572 283.117 1
309.091 283.117 1
309.611 283.117 1
310.13 283.117 1
310.649 283.117 1
288.831 283.636 1
289.351 283.636 1
289.87 283.636 1
290.389 283.636 1
290.909 283.636 1
291.428 283.636 1
291.948 283.636 1
292.467 283.636 1
292.987 283.636 1
293.506 283.636 1
294.026 283.636 1
294.545 283.636 1
295.065 283.636 1
295.584 283.636 1
296.104 283.636 1
296.623 283.636 1
297.143 283.636 1
297.662 283.636 1
298.182 283.636 1
298.701 283.636 1
299.221 283.636 1
299.74 283.636 1
300.26 283.636 1
300.779 283.636 1
301.299 283.636 1
301.818 283.636 1
302.338 283.636 1
302.857 283.636 1
303.377 283.636 1
303.896 283.636 1
304.416 283.636 1
304.935 283.636 1
305.455 283.636 1
305.974 283.636 1
306.494 283.636 1
307.013 283.636 1
307.533 283.636 1
308.052 283.636 1
308.572 283.636 1
309.091 283.636 1
309.611 283.636 1
310.13 283.636 1
310.649 283.636 1
311.169 283.636 1
288.312 284.156 1
288.831 284.156 1
289.35 284.156 1
289.87 284.156 1
290.389 284.156 1
290.909 284.156 1
291.428 284.156 1
291.948 284.156 1
292.467 284.156 1
292.987 284.156 1
293.506 284.156 1
294.026 284.156 1
294.545 284.156 1
295.065 284.156 1
295.584 284.156 1
296.104 284.156 1
296.623 284.156 1
297.143 284.156 1
297.662 284.156 1
298.182 284.156 1
298.701 284.156 1
299.221 284.156 1
299.74 284.156 1
300.26 284.156 1
300.779 284.156 1
301.299 284.156 1
301.818 284.156 1
302.338 284.156 1
302.857 284.156 1
303.377 284.156 1
303.896 284.156 1
304.416 284.156 1
304.935 284.156 1
305.455 284.156 1
305.974 284.156 1
306.494 284.156 1
307.013 284.156 1
307.533 284.156 1
308.052 284.156 1
308.572 284.156 1
309.091 284.156 1
309.611 284.156 1
310.13 284.156 1
310.65 284.156 1
311.169 284.156 1
311.688 284.156 1
287.273 284.675 1
287.792 284.675 1
288.312 284.675 1
288.831 284.675 1
289.35 284.675 1
289.87 284.675 1
290.389 284.675 1
290.909 284.675 1
291.428 284.675 1
291.948 284.675 1
292.467 284.675 1
292.987 284.675 1
293.506 284.675 1
294.026 284.675 1
294.545 284.675 1
295.065 284.675 1
295.584 284.675 1
296.104 284.675 1
296.623 284.675 1
297.143 284.675 1
297.662 284.675 1
298.182 284.675 1
298.701 284.675 1
299.221 284.675 1
299.74 284.675 1
300.26 284.675 1
300.779 284.675 1
301.299 284.675 1
301.818 284.675 1
302.338 284.675 1
302.857 284.675 1
303.377 284.675 1
303.896 284.675 1
304.416 284.675 1
304.935 284.675 1
305.455 284.675 1
305.974 284.675 1
306.494 284.675 1
307.013 284.675 1
307.533 284.675 1
308.052 284.675 1
308.572 284.675 1
309.091 284.675 1
309.611 284.675 1
310.13 284.675 1
310.65 284.675 1
311.169 284.675 1
311.688 284.675 1
312.208 284.675 1
312.727 284.675 1
286.753 285.195 1
287.273 285.195 1
287.792 285.195 1
288.312 285.195 1
288.831 285.195 1
289.35 285.195 1
289.87 285.195 1
290.389 285.195 1
290.909 285.195 1
291.428 285.195 1
291.948 285.195 1
292.467 285.195 1
292.987 285.195 1
293.506 285.195 1
294.026 285.195 1
294.545 285.195 1
295.065 285.195 1
295.584 285.195 1
296.104 285.195 1
296.623 285.195 1
297.143 285.195 1
297.662 285.195 1
298.182 285.195 1
298.701 285.195 1
299.221 285.195 1
299.74 285.195 1
300.26 285.195 1
300.779 285.195 1
301.299 285.195 1
301.818 285.195 1
302.338 285.195 1
302.857 285.195 1
303.377 285.195 1
303.896 285.195 1
304.416 285.195 1
304.935 285.195 1
305.455 285.195 1
305.974 285.195 1
306.494 285.195 1
307.013 285.195 1
307.533 285.195 1
308.052 285.195 1
308.572 285.195 1
309.091 285.195 1
309.611 285.195 1
310.13 285.195 1
310.65 285.195 1
311.169 285.195 1
311.688 285.195 1
312.208 285.195 1
312.727 285.195 1
313.247 285.195 1
286.234 285.714 1
286.753 285.714 1
287.273 285.714 1
287.792 285.714 1
288.312 285.714 1
288.831 285.714 1
289.35 285.714 1
289.87 285.714 1
290.389 285.714 1
290.909 285.714 1
291.428 285.714 1
291.948 285.714 1
292.467 285.714 1
292.987 285.714 1
293.506 285.714 1
294.026 285.714 1
294.545 285.714 1
295.065 285.714 1
295.584 285.714 1
296.104 285.714 1
296.623 285.714 1
297.143 285.714 1
297.662 285.714 1
298.182 285.714 1
298.701 285.714 1
299.221 285.714 1
299.74 285.714 1
300.26 285.714 1
300.779 285.714 1
301.299 285.714 1
301.818 285.714 1
302.338 285.714 1
302.857 285.714 1
303.377 285.714 1
303.896 285.714 1
304.416 285.714 1
304.935 285.714 1
305.455 285.714 1
305.974 285.714 1
306.494 285.714 1
307.013 285.714 1
307.533 285.714 1
308.052 285.714 1
308.572 285.714 1
309.091 285.714 1
309.611 285.714 1
310.13 285.714 1
310.65 285.714 1
311.169 285.714 1
311.688 285.714 1
312.208 285.714 1
312.727 285.714 1
313.247 285.714 1
313.766 285.714 1
285.714 286.234 1
286.234 286.234 1
286.753 286.234 1
287.273 286.234 1
287.792 286.234 1
288.312 286.234 1
288.831 286.234 1
289.35 286.234 1
289.87 286.234 1
290.389 286.234 1
290.909 286.234 1
291.428 286.234 1
291.948 286.234 1
292.467 286.234 1
292.987 286.234 1
293.506 286.234 1
294.026 286.234 1
294.545 286.234 1
295.065 286.234 1
295.584 286.234 1
296.104 286.234 1
296.623 286.234 1
297.143 286.234 1
297.662 286.234 1
298.182 286.234 1
298.701 286.234 1
299.221 286.234 1
299.74 286.234 1
300.26 286.234 1
300.779 286.234 1
301.299 286.234 1
301.818 286.234 1
302.338 286.234 1
302.857 286.234 1
303.377 286.234 1
303.896 286.234 1
304.416 286.234 1
304.935 286.234 1
305.455 286.234 1
305.974 286.234 1
306.494 286.234 1
307.013 286.234 1
307.533 286.234 1
308.052 286.234 1
308.572 286.234 1
309.091 286.234 1
309.611 286.234 1
310.13 286.234 1
310.65 286.234 1
311.169 286.234 1
311.688 286.234 1
312.208 286.234 1
312.727 286.234 1
313.247 286.234 1
313.766 286.234 1
314.286 286.234 1
285.195 286.753 1
285.714 286.753 1
286.234 286.753 1
286.753 286.753 1
287.273 286.753 1
287.792 286.753 1
288.312 286.753 1
288.831 286.753 1
289.35 286.753 1
289.87 286.753 1
290.389 286.753 1
290.909 286.753 1
291.428 286.753 1
291.948 286.753 1
292.467 286.753 1
292.987 286.753 1
293.506 286.753 1
294.026 286.753 1
294.545 286.753 1
295.065 286.753 1
295.584 286.753 1
296.104 286.753 1
296.623 286.753 1
297.143 286.753 1
297.662 286.753 1
298.182 286.753 1
298.701 286.753 1
299.221 286.753 1
299.74 286.753 1
300.26 286.753 1
300.779 286.753 1
301.299 286.753 1
301.818 286.753 1
302.338 286.753 1
302.857 286.753 1
303.377 286.753 1
303.896 286.753 1
304.416 286.753 1
304.935 286.753 1
305.455 286.753 1
305.974 286.753 1
306.494 286.753 1
307.013 286.753 1
307.533 286.753 1
308.052 286.753 1
308.572 286.753 1
309.091 286.753 1
309.611 286.753 1
310.13 286.753 1
310.65 286.753 1
311.169 286.753 1
311.688 286.753 1
312.208 286.753 1
312.727 286.753 1
313.247 286.753 1
313.766 286.753 1
314.286 286.753 1
314.805 286.753 1
284.675 287.273 1
285.195 287.273 1
285.714 287.273 1
286.234 287.273 1
286.753 287.273 1
287.273 287.273 1
287.792 287.273 1
288.312 287.273 1
288.831 287.273 1
289.35 287.273 1
289.87 287.273 1
290.389 287.273 1
290.909 287.273 1
291.428 287.273 1
291.948 287.273 1
292.467 287.272 1
292.987 287.272 1
293.506 287.272 1
294.026 287.272 1
294.545 287.272 1
295.065 287.272 1
295.584 287.272 1
296.104 287.272 1
296.623 287.272 1
297.143 287.272 1
297.662 287.272 1
298.182 287.272 1
298.701 287.272 1
299.221 287.272 1
299.74 287.272 1
300.26 287.272 1
300.779 287.272 1
301.299 287.272 1
301.818 287.272 1
302.338 287.272 1
302.857 287.272 1
303.377 287.272 1
303.896 287.272 1
304.416 287.272 1
304.935 287.272 1
305.455 287.272 1
305.974 287.272 1
306.494 287.272 1
307.013 287.272 1
307.533 287.272 1
308.052 287.273 1
308.572 287.273 1
309.091 287.273 1
309.611 287.273 1
310.13 287.273 1
310.65 287.273 1
311.169 287.273 1
311.688 287.273 1
312.208 287.273 1
312.727 287.273 1
313.247 287.273 1
313.766 287.273 1
314.286 287.273 1
314.805 287.273 1
315.325 287.273 1
284.675 287.792 1
285.195 287.792 1
285.714 287.792 1
286.234 287.792 1
286.753 287.792 1
287.273 287.792 1
287.792 287.792 1
288.311 287.792 1
288.831 287.792 1
289.35 287.792 1
289.87 287.792 1
290.389 287.792 1
290.909 287.792 1
291.428 287.792 1
291.948 287.792 1
292.467 287.792 1
292.987 287.792 1
293.506 287.792 1
294.026 287.792 1
294.545 287.792 1
295.065 287.792 1
295.584 287.792 1
296.104 287.792 1
296.623 287.792 1
297.143 287.792 1
297.662 287.792 1
298.182 287.792 1
298.701 287.792 1
299.221 287.792 1
299.74 287.792 1
300.26 287.792 1
300.779 287.792 1
301.299 287.792 1
301.818 287.792 1
302.338 287.792 1
302.857 287.792 1
303.377 287.792 1
303.896 287.792 1
304.416 287.792 1
304.935 287.792 1
305.455 287.792 1
305.974 287.792 1
306.494 287.792 1
307.013 287.792 1
307.533 287.792 1
308.052 287.792 1
308.572 287.792 1
309.091 287.792 1
309.611 287.792 1
310.13 287.792 1
310.65 287.792 1
311.169 287.792 1
311.689 287.792 1
312.208 287.792 1
312.727 287.792 1
313.247 287.792 1
313.766 287.792 1
314.286 287.792 1
314.805 287.792 1
315.325 287.792 1
284.156 288.312 1
284.675 288.312 1
285.195 288.312 1
285.714 288.312 1
286.234 288.312 1
286.753 288.312 1
287.273 288.312 1
287.792 288.311 1
288.311 288.311 1
288.831 288.311 1
289.35 288.311 1
289.87 288.311 1
290.389 288.311 1
290.909 288.311 1
291.428 288.311 1
291.948 288.311 1
292.467 288.311 1
292.987 288.311 1
293.506 288.311 1
294.026 288.311 1
294.545 288.311 1
295.065 288.311 1
295.584 288.311 1
296.104 288.311 1
296.623 288.311 1
297.143 288.311 1
297.662 288.311 1
298.182 288.311 1
298.701 288.311 1
299.221 288.311 1
299.74 288.311 1
300.26 288.311 1
300.779 288.311 1
301.299 288.311 1
301.818 288.311 1
302.338 288.311 1
302.857 288.311 1
303.377 288.311 1
303.896 288.311 1
304.416 288.311 1
304.935 288.311 1
305.455 288.311 1
305.974 288.311 1
306.494 288.311 1
307.013 288.311 1
307.533 288.311 1
308.052 288.311 1
308.572 288.311 1
309.091 288.311 1
309.611 288.311 1
310.13 288.311 1
310.65 288.311 1
311.169 288.311 1
311.689 288.311 1
312.208 288.311 1
312.727 288.312 1
313.247 288.312 1
313.766 288.312 1
314.286 288.312 1
314.805 288.312 1
315.325 288.312 1
315.844 288.312 1
283.636 288.831 1
284.156 288.831 1
284.675 288.831 1
285.195 288.831 1
285.714 288.831 1
286.234 288.831 1
286.753 288.831 1
287.273 288.831 1
287.792 288.831 1
288.311 288.831 1
288.831 288.831 1
289.35 288.831 1
289.87 288.831 1
290.389 288.831 1
290.909 288.831 1
291.428 288.831 1
291.948 288.831 1
292.467 288.831 1
292.987 288.831 1
293.506 288.831 1
294.026 288.831 1
294.545 288.831 1
295.065 288.831 1
295.584 288.831 1
296.104 288.831 1
296.623 288.831 1
297.143 288.831 1
297.662 288.831 1
298.182 288.831 1
298.701 288.831 1
299.221 288.831 1
299.74 288.831 1
300.26 288.831 1
300.779 288.831 1
301.299 288.831 1
301.818 288.831 1
302.338 288.831 1
302.857 288.831 1
303.377 288.831 1
303.896 288.831 1
304.416 288.831 1
304.935 288.831 1
305.455 288.831 1
305.974 288.831 1
306.494 288.831 1
307.013 288.831 1
307.533 288.831 1
308.052 288.831 1
308.572 288.831 1
309.091 288.831 1
309.611 288.831 1
310.13 288.831 1
310.65 288.831 1
311.169 288.831 1
311.689 288.831 1
312.208 288.831 1
312.727 288.831 1
313.247 288.831 1
313.766 288.831 1
314.286 288.831 1
314.805 288.831 1
315.325 288.831 1
315.844 288.831 1
316.364 288.831 1
283.117 289.351 1
283.636 289.351 1
284.156 289.35 1
284.675 289.35 1
285.195 289.35 1
285.714 289.35 1
286.234 289.35 1
286.753 289.35 1
287.273 289.35 1
287.792 289.35 1
288.311 289.35 1
288.831 289.35 1
289.35 289.35 1
289.87 289.35 1
290.389 289.35 1
290.909 289.35 1
291.428 289.35 1
291.948 289.35 1
292.467 289.35 1
292.987 289.35 1
293.506 289.35 1
294.026 289.35 1
294.545 289.35 1
295.065 289.35 1
295.584 289.35 1
296.104 289.35 1
296.623 289.35 1
297.143 289.35 1
297.662 289.35 1
298.182 289.35 1
298.701 289.35 1
299.221 289.35 1
299.74 289.35 1
300.26 289.35 1
300.779 289.35 1
301.299 289.35 1
301.818 289.35 1
302.338 289.35 1
302.857 289.35 1
303.377 289.35 1
303.896 289.35 1
304.416 289.35 1
304.935 289.35 1
305.455 289.35 1
305.974 289.35 1
306.494 289.35 1
307.013 289.35 1
307.533 289.35 1
308.052 289.35 1
308.572 289.35 1
309.091 289.35 1
309.611 289.35 1
310.13 289.35 1
310.65 289.35 1
311.169 289.35 1
311.689 289.35 1
312.208 289.35 1
312.727 289.35 1
313.247 289.35 1
313.766 289.35 1
314.286 289.35 1
314.805 289.35 1
315.325 289.35 1
315.844 289.35 1
316.364 289.351 1
316.883 289.351 1
283.117 289.87 1
283.636 289.87 1
284.156 289.87 1
284.675 289.87 1
285.195 289.87 1
285.714 289.87 1
286.234 289.87 1
286.753 289.87 1
287.273 289.87 1
287.792 289.87 1
288.311 289.87 1
288.831 289.87 1
289.35 289.87 1
289.87 289.87 1
290.389 289.87 1
290.909 289.87 1
291.428 289.87 1
291.948 289.87 1
292.467 289.87 1
292.987 289.87 1
293.506 289.87 1
294.026 289.87 1
294.545 289.87 1
295.065 289.87 1
295.584 289.87 1
296.104 289.87 1
296.623 289.87 1
297.143 289.87 1
297.662 289.87 1
298.182 289.87 1
298.701 289.87 1
299.221 289.87 1
299.74 289.87 1
300.26 289.87 1
300.779 289.87 1
301.299 289.87 1
301.818 289.87 1
302.338 289.87 1
302.857 289.87 1
303.377 289.87 1
303.896 289.87 1
304.416 289.87 1
304.935 289.87 1
305.455 289.87 1
305.974 289.87 1
306.494 289.87 1
307.013 289.87 1
307.533 289.87 1
308.052 289.87 1
308.572 289.87 1
309.091 289.87 1
309.611 289.87 1
310.13 289.87 1
310.65 289.87 1
311.169 289.87 1
311.689 289.87 1
312.208 289.87 1
312.727 289.87 1
313.247 289.87 1
313.766 289.87 1
314.286 289.87 1
314.805 289.87 1
315.325 289.87 1
315.844 289.87 1
316.364 289.87 1
316.883 289.87 1
282.597 290.389 1
283.117 290.389 1
283.636 290.389 1
284.156 290.389 1
284.675 290.389 1
285.195 290.389 1
285.714 290.389 1
286.234 290.389 1
286.753 290.389 1
287.273 290.389 1
287.792 290.389 1
288.311 290.389 1
288.831 290.389 1
289.35 290.389 1
289.87 290.389 1
290.389 290.389 1
290.909 290.389 1
291.428 290.389 1
291.948 290.389 1
292.467 290.389 1
292.987 290.389 1
293.506 290.389 1
294.026 290.389 1
294.545 290.389 1
295.065 290.389 1
295.584 290.389 1
296.104 290.389 1
296.623 290.389 1
297.143 290.389 1
297.662 290.389 1
298.182 290.389 1
298.701 290.389 1
299.221 290.389 1
299.74 290.389 1
300.26 290.389 1
300.779 290.389 1
301.299 290.389 1
301.818 290.389 1
302.338 290.389 1
302.857 290.389 1
303.377 290.389 1
303.896 290.389 1
304.416 290.389 1
304.935 290.389 1
305.455 290.389 1
305.974 290.389 1
306.494 290.389 1
307.013 290.389 1
307.533 290.389 1
308.052 290.389 1
308.572 290.389 1
309.091 290.389 1
309.611 290.389 1
310.13 290.389 1
310.65 290.389 1
311.169 290.389 1
311.689 290.389 1
312.208 290.389 1
312.727 290.389 1
313.247 290.389 1
313.766 290.389 1
314.286 290.389 1
314.805 290.389 1
315.325 290.389 1
315.844 290.389 1
316.364 290.389 1
316.883 290.389 1
317.403 290.389 1
282.597 290.909 1
283.117 290.909 1
283.636 290.909 1
284.156 290.909 1
284.675 290.909 1
285.195 290.909 1
285.714 290.909 1
286.234 290.909 1
286.753 290.909 1
287.273 290.909 1
287.792 290.909 1
288.311 290.909 1
288.831 290.909 1
289.35 290.909 1
289.87 290.909 1
290.389 290.909 1
290.909 290.909 1
291.428 290.909 1
291.948 290.909 1
292.467 290.909 1
292.987 290.909 1
293.506 290.909 1
294.026 290.909 1
294.545 290.909 1
295.065 290.909 1
295.584 290.909 1
296.104 290.909 1
296.623 290.909 1
297.143 290.909 1
297.662 290.909 1
298.182 290.909 1
298.701 290.909 1
299.221 290.909 1
299.74 290.909 1
300.26 290.909 1
300.779 290.909 1
301.299 290.909 1
301.818 290.909 1
302.338 290.909 1
302.857 290.909 1
303.377 290.909 1
303.896 290.909 1
304.416 290.909 1
304.935 290.909 1
305.455 290.909 1
305.974 290.909 1
306.494 290.909 1
307.013 290.909 1
307.533 290.909 1
308.052 290.909 1
308.572 290.909 1
309.091 290.909 1
309.611 290.909 1
310.13 290.909 1
310.65 290.909 1
311.169 290.909 1
311.689 290.909 1
312.208 290.909 1
312.727 290.909 1
313.247 290.909 1
313.766 290.909 1
314.286 290.909 1
314.805 290.909 1
315.325 290.909 1
315.844 290.909 1
316.364 290.909 1
316.883 290.909 1
317.403 290.909 1
282.078 291.428 1
282.597 291.428 1
283.117 291.428 1
283.636 291.428 1
284.156 291.428 1
284.675 291.428 1
285.195 291.428 1
285.714 291.428 1
286.234 291.428 1
286.753 291.428 1
287.273 291.428 1
287.792 291.428 1
288.311 291.428 1
288.831 291.428 1
289.35 291.428 1
289.87 291.428 1
290.389 291.428 1
290.909 291.428 1
291.428 291.428 1
291.948 291.428 1
292.467 291.428 1
292.987 291.428 1
293.506 291.428 1
294.026 291.428 1
294.545 291.428 1
295.065 291.428 1
295.584 291.428 1
296.104 291.428 1
296.623 291.428 1
297.143 291.428 1
297.662 291.428 1
298.182 291.428 1
298.701 291.428 1
299.221 291.428 1
299.74 291.428 1
300.26 291.428 1
300.779 291.428 1
301.299 291.428 1
301.818 291.428 1
302.338 291.428 1
302.857 291.428 1
303.377 291.428 1
303.896 291.428 1
304.416 291.428 1
304.935 291.428 1
305.455 291.428 1
305.974 291.428 1
306.494 291.428 1
307.013 291.428 1
307.533 291.428 1
308.052 291.428 1
308.572 291.428 1
309.091 291.428 1
309.611 291.428 1
310.13 291.428 1
310.65 291.428 1
311.169 291.428 1
311.689 291.428 1
312.208 291.428 1
312.727 291.428 1
313.247 291.428 1
313.766 291.428 1
314.286 291.428 1
314.805 291.428 1
315.325 291.428 1
315.844 291.428 1
316.364 291.428 1
316.883 291.428 1
317.403 291.428 1
317.922 291.428 1
282.078 291.948 1
282.597 291.948 1
283.117 291.948 1
283.636 291.948 1
284.156 291.948 1
284.675 291.948 1
285.195 291.948 1
285.714 291.948 1
286.234 291.948 1
286.753 291.948 1
287.273 291.948 1
287.792 291.948 1
288.311 291.948 1
288.831 291.948 1
289.35 291.948 1
289.87 291.948 1
290.389 291.948 1
290.909 291.948 1
291.428 291.948 1
291.948 291.948 1
292.467 291.948 1
292.987 291.948 1
293.506 291.948 1
294.026 291.948 1
294.545 291.948 1
295.065 291.948 1
295.584 291.948 1
296.104 291.948 1
296.623 291.948 1
297.143 291.948 1
297.662 291.948 1
298.182 291.948 1
298.701 291.948 1
299.221 291.948 1
299.74 291.948 1
300.26 291.948 1
300.779 291.948 1
301.299 291.948 1
301.818 291.948 1
302.338 291.948 1
302.857 291.948 1
303.377 291.948 1
303.896 291.948 1
304.416 291.948 1
304.935 291.948 1
305.455 291.948 1
305.974 291.948 1
306.494 291.948 1
307.013 291.948 1
307.533 291.948 1
308.052 291.948 1
308.572 291.948 1
309.091 291.948 1
309.611 291.948 1
310.13 291.948 1
310.65 291.948 1
311.169 291.948 1
311.689 291.948 1
312.208 291.948 1
312.727 291.948 1
313.247 291.948 1
313.766 291.948 1
314.286 291.948 1
314.805 291.948 1
315.325 291.948 1
315.844 291.948 1
316.364 291.948 1
316.883 291.948 1
317.403 291.948 1
317.922 291.948 1
281.558 292.467 1
282.078 292.467 1
282.597 292.467 1
283.117 292.467 1
283.636 292.467 1
284.156 292.467 1
284.675 292.467 1
285.195 292.467 1
285.714 292.467 1
286.234 292.467 1
286.753 292.467 1
287.272 292.467 1
287.792 292.467 1
288.311 292.467 1
288.831 292.467 1
289.35 292.467 1
289.87 292.467 1
290.389 292.467 1
290.909 292.467 1
291.428 292.467 1
291.948 292.467 1
292.467 292.467 1
292.987 292.467 1
293.506 292.467 1
294.026 292.467 1
294.545 292.467 1
295.065 292.467 1
295.584 292.467 1
296.104 292.467 1
296.623 292.467 1
297.143 292.467 1
297.662 292.467 1
298.182 292.467 1
298.701 292.467 1
299.221 292.467 1
299.74 292.467 1
300.26 292.467 1
300.779 292.467 1
301.299 292.467 1
301.818 292.467 1
302.338 292.467 1
302.857 292.467 1
303.377 292.467 1
303.896 292.467 1
304.416 292.467 1
304.935 292.467 1
305.455 292.467 1
305.974 292.467 1
306.494 292.467 1
307.013 292.467 1
307.533 292.467 1
308.052 292.467 1
308.572 292.467 1
309.091 292.467 1
309.611 292.467 1
310.13 292.467 1
310.65 292.467 1
311.169 292.467 1
311.689 292.467 1
312.208 292.467 1
312.728 292.467 1
313.247 292.467 1
313.766 292.467 1
314.286 292.467 1
314.805 292.467 1
315.325 292.467 1
315.844 292.467 1
316.364 292.467 1
316.883 292.467 1
317.403 292.467 1
317.922 292.467 1
318.442 292.467 1
281.558 292.987 1
282.078 292.987 1
282.597 292.987 1
283.117 292.987 1
283.636 292.987 1
284.156 292.987 1
284.675 292.987 1
285.195 292.987 1
285.714 292.987 1
286.234 292.987 1
286.753 292.987 1
287.272 292.987 1
287.792 292.987 1
288.311 292.987 1
288.831 292.987 1
289.35 292.987 1
289.87 292.987 1
290.389 292.987 1
290.909 292.987 1
291.428 292.987 1
291.948 292.987 1
292.467 292.987 1
292.987 292.987 1
293.506 292.987 1
294.026 292.987 1
294.545 292.987 1
295.065 292.987 1
295.584 292.987 1
296.104 292.987 1
296.623 292.987 1
297.143 292.987 1
297.662 292.987 1
298.182 292.987 1
298.701 292.987 1
299.221 292.987 1
299.74 292.987 1
300.26 292.987 1
300.779 292.987 1
301.299 292.987 1
301.818 292.987 1
302.338 292.987 1
302.857 292.987 1
303.377 292.987 1
303.896 292.987 1
304.416 292.987 1
304.935 292.987 1
305.455 292.987 1
305.974 292.987 1
306.494 292.987 1
307.013 292.987 1
307.533 292.987 1
308.052 292.987 1
308.572 292.987 1
309.091 292.987 1
309.611 292.987 1
310.13 292.987 1
310.65 292.987 1
311.169 292.987 1
311.689 292.987 1
312.208 292.987 1
312.728 292.987 1
313.247 292.987 1
313.766 292.987 1
314.286 292.987 1
314.805 292.987 1
315.325 292.987 1
315.844 292.987 1
316.364 292.987 1
316.883 292.987 1
317.403 292.987 1
317.922 292.987 1
318.442 292.987 1
281.558 293.506 1
282.078 293.506 1
282.597 293.506 1
283.117 293.506 1
283.636 293.506 1
284.156 293.506 1
284.675 293.506 1
285.195 293.506 1
285.714 293.506 1
286.234 293.506 1
286.753 293.506 1
287.272 293.506 1
287.792 293.506 1
288.311 293.506 1
288.831 293.506 1
289.35 293.506 1
289.87 293.506 1
290.389 293.506 1
290.909 293.506 1
291.428 293.506 1
291.948 293.506 1
292.467 293.506 1
292.987 293.506 1
293.506 293.506 1
294.026 293.506 1
294.545 293.506 1
295.065 293.506 1
295.584 293.506 1
296.104 293.506 1
296.623 293.506 1
297.143 293.506 1
297.662 293.506 1
298.182 293.506 1
298.701 293.506 1
299.221 293.506 1
299.74 293.506 1
300.26 293.506 1
300.779 293.506 1
301.299 293.506 1
301.818 293.506 1
302.338 293.506 1
302.857 293.506 1
303.377 293.506 1
303.896 293.506 1
304.416 293.506 1
304.935 293.506 1
305.455 293.506 1
305.974 293.506 1
306.494 293.506 1
307.013 293.506 1
307.533 293.506 1
308.052 293.506 1
308.572 293.506 1
309.091 293.506 1
309.611 293.506 1
310.13 293.506 1
310.65 293.506 1
311.169 293.506 1
311.689 293.506 1
312.208 293.506 1
312.728 293.506 1
313.247 293.506 1
313.766 293.506 1
314.286 293.506 1
314.805 293.506 1
315.325 293.506 1
315.844 293.506 1
316.364 293.506 1
316.883 293.506 1
317.403 293.506 1
317.922 293.506 1
318.442 293.506 1
281.039 294.026 1
281.558 294.026 1
282.078 294.026 1
282.597 294.026 1
283.117 294.026 1
283.636 294.026 1
284.156 294.026 1
284.675 294.026 1
285.195 294.026 1
285.714 294.026 1
286.234 294.026 1
286.753 294.026 1
287.272 294.026 1
287.792 294.026 1
288.311 294.026 1
288.831 294.026 1
289.35 294.026 1
289.87 294.026 1
290.389 294.026 1
290.909 294.026 1
291.428 294.026 1
291.948 294.026 1
292.467 294.026 1
292.987 294.026 1
293.506 294.026 1
294.026 294.026 1
294.545 294.026 1
295.065 294.026 1
295.584 294.026 1
296.104 294.026 1
296.623 294.026 1
297.143 294.026 1
297.662 294.026 1
298.182 294.026 1
298.701 294.026 1
299.221 294.026 1
299.74 294.026 1
300.26 294.026 1
300.779 294.026 1
301.299 294.026 1
301.818 294.026 1
302.338 294.026 1
302.857 294.026 1
303.377 294.026 1
303.896 294.026 1
304.416 294.026 1
304.935 294.026 1
305.455 294.026 1
305.974 294.026 1
306.494 294.026 1
307.013 294.026 1
307.533 294.026 1
308.052 294.026 1
308.572 294.026 1
309.091 294.026 1
309.611 294.026 1
310.13 294.026 1
310.65 294.026 1
311.169 294.026 1
311.689 294.026 1
312.208 294.026 1
312.728 294.026 1
313.247 294.026 1
313.766 294.026 1
314.286 294.026 1
314.805 294.026 1
315.325 294.026 1
315.844 294.026 1
316.364 294.026 1
316.883 294.026 1
317.403 294.026 1
317.922 294.026 1
318.442 294.026 1
318.961 294.026 1
281.039 294.545 1
281.558 294.545 1
282.078 294.545 1
282.597 294.545 1
283.117 294.545 1
283.636 294.545 1
284.156 294.545 1
284.675 294.545 1
285.195 294.545 1
285.714 294.545 1
286.234 294.545 1
286.753 294.545 1
287.272 294.545 1
287.792 294.545 1
288.311 294.545 1
288.831 294.545 1
289.35 294.545 1
289.87 294.545 1
290.389 294.545 1
290.909 294.545 1
291.428 294.545 1
291.948 294.545 1
292.467 294.545 1
292.987 294.545 1
293.506 294.545 1
294.026 294.545 1
294.545 294.545 1
295.065 294.545 1
295.584 294.545 1
296.104 294.545 1
296.623 294.545 1
297.143 294.545 1
297.662 294.545 1
298.182 294.545 1
298.701 294.545 1
299.221 294.545 1
299.74 294.545 1
300.26 294.545 1
300.779 294.545 1
301.299 294.545 1
301.818 294.545 1
302.338 294.545 1
302.857 294.545 1
303.377 294.545 1
303.896 294.545 1
304.416 294.545 1
304.935 294.545 1
305.455 294.545 1
305.974 294.545 1
306.494 294.545 1
307.013 294.545 1
307.533 294.545 1
308.052 294.545 1
308.572 294.545 1
309.091 294.545 1
309.611 294.545 1
310.13 294.545 1
310.65 294.545 1
311.169 294.545 1
311.689 294.545 1
312.208 294.545 1
312.728 294.545 1
313.247 294.545 1
313.766 294.545 1
314.286 294.545 1
314.805 294.545 1
315.325 294.545 1
315.844 294.545 1
316.364 294.545 1
316.883 294.545 1
317.403 294.545 1
317.922 294.545 1
318.442 294.545 1
318.961 294.545 1
281.039 295.065 1
281.558 295.065 1
282.078 295.065 1
282.597 295.065 1
283.117 295.065 1
283.636 295.065 1
284.156 295.065 1
284.675 295.065 1
285.195 295.065 1
285.714 295.065 1
286.234 295.065 1
286.753 295.065 1
287.272 295.065 1
287.792 295.065 1
288.311 295.065 1
288.831 295.065 1
289.35 295.065 1
289.87 295.065 1
290.389 295.065 1
290.909 295.065 1
291.428 295.065 1
291.948 295.065 1
292.467 295.065 1
292.987 295.065 1
293.506 295.065 1
294.026 295.065 1
294.545 295.065 1
295.065 295.065 1
295.584 295.065 1
296.104 295.065 1
296.623 295.065 1
297.143 295.065 1
297.662 295.065 1
298.182 295.065 1
298.701 295.065 1
299.221 295.065 1
299.74 295.065 1
300.26 295.065 1
300.779 295.065 1
301.299 295.065 1
301.818 295.065 1
302.338 295.065 1
302.857 295.065 1
303.377 295.065 1
303.896 295.065 1
304.416 295.065 1
304.935 295.065 1
305.455 295.065 1
305.974 295.065 1
306.494 295.065 1
307.013 295.065 1
307.533 295.065 1
308.052 295.065 1
308.572 295.065 1
309.091 295.065 1
309.611 295.065 1
310.13 295.065 1
310.65 295.065 1
311.169 295.065 1
311.689 295.065 1
312.208 295.065 1
312.728 295.065 1
313.247 295.065 1
313.766 295.065 1
314.286 295.065 1
314.805 295.065 1
315.325 295.065 1
315.844 295.065 1
316.364 295.065 1
316.883 295.065 1
317.403 295.065 1
317.922 295.065 1
318.442 295.065 1
318.961 295.065 1
280.519 295.584 1
281.039 295.584 1
281.558 295.584 1
282.078 295.584 1
282.597 295.584 1
283.117 295.584 1
283.636 295.584 1
284.156 295.584 1
284.675 295.584 1
285.195 295.584 1
285.714 295.584 1
286.234 295.584 1
286.753 295.584 1
287.272 295.584 1
287.792 295.584 1
288.311 295.584 1
288.831 295.584 1
289.35 295.584 1
289.87 295.584 1
290.389 295.584 1
290.909 295.584 1
291.428 295.584 1
291.948 295.584 1
292.467 295.584 1
292.987 295.584 1
293.506 295.584 1
294.026 295.584 1
294.545 295.584 1
295.065 295.584 1
295.584 295.584 1
296.104 295.584 1
296.623 295.584 1
297.143 295.584 1
297.662 295.584 1
298.182 295.584 1
298.701 295.584 1
299.221 295.584 1
299.74 295.584 1
300.26 295.584 1
300.779 295.584 1
301.299 295.584 1
301.818 295.584 1
302.338 295.584 1
302.857 295.584 1
303.377 295.584 1
303.896 295.584 1
304.416 295.584 1
304.935 295.584 1
305.455 295.584 1
305.974 295.584 1
306.494 295.584 1
307.013 295.584 1
307.533 295.584 1
308.052 295.584 1
308.572 295.584 1
309.091 295.584 1
309.611 295.584 1
310.13 295.584 1
310.65 295.584 1
311.169 295.584 1
311.689 295.584 1
312.208 295.584 1
312.728 295.584 1
313.247 295.584 1
313.766 295.584 1
314.286 295.584 1
314.805 295.584 1
315.325 295.584 1
315.844 295.584 1
316.364 295.584 1
316.883 295.584 1
317.403 295.584 1
317.922 295.584 1
318.442 295.584 1
318.961 295.584 1
319.481 295.584 1
280.519 296.104 1
281.039 296.104 1
281.558 296.104 1
282.078 296.104 1
282.597 296.104 1
283.117 296.104 1
283.636 296.104 1
284.156 296.104 1
284.675 296.104 1
285.195 296.104 1
285.714 296.104 1
286.234 296.104 1
286.753 296.104 1
287.272 296.104 1
287.792 296.104 1
288.311 296.104 1
288.831 296.104 1
289.35 296.104 1
289.87 296.104 1
290.389 296.104 1
290.909 296.104 1
291.428 296.104 1
291.948 296.104 1
292.467 296.104 1
292.987 296.104 1
293.506 296.104 1
294.026 296.104 1
294.545 296.104 1
295.065 296.104 1
295.584 296.104 1
296.104 296.104 1
296.623 296.104 1
297.143 296.104 1
297.662 296.104 1
298.182 296.104 1
298.701 296.104 1
299.221 296.104 1
299.74 296.104 1
300.26 296.104 1
300.779 296.104 1
301.299 296.104 1
301.818 296.104 1
302.338 296.104 1
302.857 296.104 1
303.377 296.104 1
303.896 296.104 1
304.416 296.104 1
304.935 296.104 1
305.455 296.104 1
305.974 296.104 1
306.494 296.104 1
307.013 296.104 1
307.533 296.104 1
308.052 296.104 1
308.572 296.104 1
309.091 296.104 1
309.611 296.104 1
310.13 296.104 1
310.65 296.104 1
311.169 296.104 1
311.689 296.104 1
312.208 296.104 1
312.728 296.104 1
313.247 296.104 1
313.766 296.104 1
314.286 296.104 1
314.805 296.104 1
315.325 296.104 1
315.844 296.104 1
316.364 296.104 1
316.883 296.104 1
317.403 296.104 1
317.922 296.104 1
318.442 296.104 1
318.961 296.104 1
319.481 296.104 1
280.519 296.623 1
281.039 296.623 1
281.558 296.623 1
282.078 296.623 1
282.597 296.623 1
283.117 296.623 1
283.636 296.623 1
284.156 296.623 1
284.675 296.623 1
285.195 296.623 1
285.714 296.623 1
286.234 296.623 1
286.753 296.623 1
287.272 296.623 1
287.792 296.623 1
288.311 296.623 1
288.831 296.623 1
289.35 296.623 1
289.87 296.623 1
290.389 296.623 1
290.909 296.623 1
291.428 296.623 1
291.948 296.623 1
292.467 296.623 1
292.987 296.623 1
293.506 296.623 1
294.026 296.623 1
294.545 296.623 1
295.065 296.623 1
295.584 296.623 1
296.104 296.623 1
296.623 296.623 1
297.143 296.623 1
297.662 296.623 1
298.182 296.623 1
298.701 296.623 1
299.221 296.623 1
299.74 296.623 1
300.26 296.623 1
300.779 296.623 1
301.299 296.623 1
301.818 296.623 1
302.338 296.623 1
302.857 296.623 1
303.377 296.623 1
303.896 296.623 1
304.416 296.623 1
304.935 296.623 1
305.455 296.623 1
305.974 296.623 1
306.494 296.623 1
307.013 296.623 1
307.533 296.623 1
308.052 296.623 1
308.572 296.623 1
309.091 296.623 1
309.611 296.623 1
310.13 296.623 1
310.65 296.623 1
311.169 296.623 1
311.689 296.623 1
312.208 296.623 1
312.728 296.623 1
313.247 296.623 1
313.766 296.623 1
314.286 296.623 1
314.805 296.623 1
315.325 296.623 1
315.844 296.623 1
316.364 296.623 1
316.883 296.623 1
317.403 296.623 1
317.922 296.623 1
318.442 296.623 1
318.961 296.623 1
319.481 296.623 1
280.519 297.143 1
281.039 297.143 1
281.558 297.143 1
282.078 297.143 1
282.597 297.143 1
283.117 297.143 1
283.636 297.143 1
284.156 297.143 1
284.675 297.143 1
285.195 297.143 1
285.714 297.143 1
286.234 297.143 1
286.753 297.143 1
287.272 297.143 1
287.792 297.143 1
288.311 297.143 1
288.831 297.143 1
289.35 297.143 1
289.87 297.143 1
290.389 297.143 1
290.909 297.143 1
291.428 297.143 1
291.948 297.143 1
292.467 297.143 1
292.987 297.143 1
293.506 297.143 1
294.026 297.143 1
294.545 297.143 1
295.065 297.143 1
295.584 297.143 1
296.104 297.143 1
296.623 297.143 1
297.143 297.143 1
297.662 297.143 1
298.182 297.143 1
298.701 297.143 1
299.221 297.143 1
299.74 297.143 1
300.26 297.143 1
300.779 297.143 1
301.299 297.143 1
301.818 297.143 1
302.338 297.143 1
302.857 297.143 1
303.377 297.143 1
303.896 297.143 1
304.416 297.143 1
304.935 297.143 1
305.455 297.143 1
305.974 297.143 1
306.494 297.143 1
307.013 297.143 1
307.533 297.143 1
308.052 297.143 1
308.572 297.143 1
309.091 297.143 1
309.611 297.143 1
310.13 297.143 1
310.65 297.143 1
311.169 297.143 1
311.689 297.143 1
312.208 297.143 1
312.728 297.143 1
313.247 297.143 1
313.766 297.143 1
314.286 297.143 1
314.805 297.143 1
315.325 297.143 1
315.844 297.143 1
316.364 297.143 1
316.883 297.143 1
317.403 297.143 1
317.922 297.143 1
318.442 297.143 1
318.961 297.143 1
319.481 297.143 1
280.519 297.662 1
281.039 297.662 1
281.558 297.662 1
282.078 297.662 1
282.597 297.662 1
283.117 297.662 1
283.636 297.662 1
284.156 297.662 1
284.675 297.662 1
285.195 297.662 1
285.714 297.662 1
286.234 297.662 1
286.753 297.662 1
287.272 297.662 1
287.792 297.662 1
288.311 297.662 1
288.831 297.662 1
289.35 297.662 1
289.87 297.662 1
290.389 297.662 1
290.909 297.662 1
291.428 297.662 1
291.948 297.662 1
292.467 297.662 1
292.987 297.662 1
293.506 297.662 1
294.026 297.662 1
294.545 297.662 1
295.065 297.662 1
295.584 297.662 1
296.104 297.662 1
296.623 297.662 1
297.143 297.662 1
297.662 297.662 1
298.182 297.662 1
298.701 297.662 1
299.221 297.662 1
299.74 297.662 1
300.26 297.662 1
300.779 297.662 1
301.299 297.662 1
301.818 297.662 1
302.338 297.662 1
302.857 297.662 1
303.377 297.662 1
303.896 297.662 1
304.416 297.662 1
304.935 297.662 1
305.455 297.662 1
305.974 297.662 1
306.494 297.662 1
307.013 297.662 1
307.533 297.662 1
308.052 297.662 1
308.572 297.662 1
309.091 297.662 1
309.611 297.662 1
310.13 297.662 1
310.65 297.662 1
311.169 297.662 1
311.689 297.662 1
312.208 297.662 1
312.728 297.662 1
313.247 297.662 1
313.766 297.662 1
314.286 297.662 1
314.805 297.662 1
315.325 297.662 1
315.844 297.662 1
316.364 297.662 1
316.883 297.662 1
317.403 297.662 1
317.922 297.662 1
318.442 297.662 1
318.961 297.662 1
319.481 297.662 1
280.519 298.182 1
281.039 298.182 1
281.558 298.182 1
282.078 298.182 1
282.597 298.182 1
283.117 298.182 1
283.636 298.182 1
284.156 298.182 1
284.675 298.182 1
285.195 298.182 1
285.714 298.182 1
286.234 298.182 1
286.753 298.182 1
287.272 298.182 1
287.792 298.182 1
288.311 298.182 1
288.831 298.182 1
289.35 298.182 1
289.87 298.182 1
290.389 298.182 1
290.909 298.182 1
291.428 298.182 1
291.948 298.182 1
292.467 298.182 1
292.987 298.182 1
293.506 298.182 1
294.026 298.182 1
294.545 298.182 1
295.065 298.182 1
295.584 298.182 1
296.104 298.182 1
296.623 298.182 1
297.143 298.182 1
297.662 298.182 1
298.182 298.182 1
298.701 298.182 1
299.221 298.182 1
299.74 298.182 1
300.26 298.182 1
300.779 298.182 1
301.299 298.182 1
301.818 298.182 1
302.338 298.182 1
302.857 298.182 1
303.377 298.182 1
303.896 298.182 1
304.416 298.182 1
304.935 298.182 1
305.455 298.182 1
305.974 298.182 1
306.494 298.182 1
307.013 298.182 1
307.533 298.182 1
308.052 298.182 1
308.572 298.182 1
309.091 298.182 1
309.611 298.182 1
310.13 298.182 1
310.65 298.182 1
311.169 298.182 1
311.689 298.182 1
312.208 298.182 1
312.728 298.182 1
313.247 298.182 1
313.766 298.182 1
314.286 298.182 1
314.805 298.182 1
315.325 298.182 1
315.844 298.182 1
316.364 298.182 1
316.883 298.182 1
317.403 298.182 1
317.922 298.182 1
318.442 298.182 1
318.961 298.182 1
319.481 298.182 1
280.519 298.701 1
281.039 298.701 1
281.558 298.701 1
282.078 298.701 1
282.597 298.701 1
283.117 298.701 1
283.636 298.701 1
284.156 298.701 1
284.675 298.701 1
285.195 298.701 1
285.714 298.701 1
286.234 298.701 1
286.753 298.701 1
287.272 298.701 1
287.792 298.701 1
288.311 298.701 1
288.831 298.701 1
289.35 298.701 1
289.87 298.701 1
290.389 298.701 1
290.909 298.701 1
291.428 298.701 1
291.948 298.701 1
292.467 298.701 1
292.987 298.701 1
293.506 298.701 1
294.026 298.701 1
294.545 298.701 1
295.065 298.701 1
295.584 298.701 1
296.104 298.701 1
296.623 298.701 1
297.143 298.701 1
297.662 298.701 1
298.182 298.701 1
298.701 298.701 1
299.221 298.701 1
299.74 298.701 1
300.26 298.701 1
300.779 298.701 1
301.299 298.701 1
301.818 298.701 1
302.338 298.701 1
302.857 298.701 1
303.377 298.701 1
303.896 298.701 1
304.416 298.701 1
304.935 298.701 1
305.455 298.701 1
305.974 298.701 1
306.494 298.701 1
307.013 298.701 1
307.533 298.701 1
308.052 298.701 1
308.572 298.701 1
309.091 298.701 1
309.611 298.701 1
310.13 298.701 1
310.65 298.701 1
311.169 298.701 1
311.689 298.701 1
312.208 298.701 1
312.728 298.701 1
313.247 298.701 1
313.766 298.701 1
314.286 298.701 1
314.805 298.701 1
315.325 298.701 1
315.844 298.701 1
316.364 298.701 1
316.883 298.701 1
317.403 298.701 1
317.922 298.701 1
318.442 298.701 1
318.961 298.701 1
319.481 298.701 1
280.519 299.221 1
281.039 299.221 1
281.558 299.221 1
282.078 299.221 1
282.597 299.221 1
283.117 299.221 1
283.636 299.221 1
284.156 299.221 1
284.675 299.221 1
285.195 299.221 1
285.714 299.221 1
286.234 299.221 1
286.753 299.221 1
287.272 299.221 1
287.792 299.221 1
288.311 299.221 1
288.831 299.221 1
289.35 299.221 1
289.87 299.221 1
290.389 299.221 1
290.909 299.221 1
291.428 299.221 1
291.948 299.221 1
292.467 299.221 1
292.987 299.221 1
293.506 299.221 1
294.026 299.221 1
294.545 299.221 1
295.065 299.221 1
295.584 299.221 1
296.104 299.221 1
296.623 299.221 1
297.143 299.221 1
297.662 299.221 1
298.182 299.221 1
298.701 299.221 1
299.221 299.221 1
299.74 299.221 1
300.26 299.221 1
300.779 299.221 1
301.299 299.221 1
301.818 299.221 1
302.338 299.221 1
302.857 299.221 1
303.377 299.221 1
303.896 299.221 1
304.416 299.221 1
304.935 299.221 1
305.455 299.221 1
305.974 299.221 1
306.494 299.221 1
307.013 299.221 1
307.533 299.221 1
308.052 299.221 1
308.572 299.221 1
309.091 299.221 1
309.611 299.221 1
310.13 299.221 1
310.65 299.221 1
311.169 299.221 1
311.689 299.221 1
312.208 299.221 1
312.728 299.221 1
313.247 299.221 1
313.766 299.221 1
314.286 299.221 1
314.805 299.221 1
315.325 299.221 1
315.844 299.221 1
316.364 299.221 1
316.883 299.221 1
317.403 299.221 1
317.922 299.221 1
318.442 299.221 1
318.961 299.221 1
319.481 299.221 1
280.519 299.74 1
281.039 299.74 1
281.558 299.74 1
282.078 299.74 1
282.597 299.74 1
283.117 299.74 1
283.636 299.74 1
284.156 299.74 1
284.675 299.74 1
285.195 299.74 1
285.714 299.74 1
286.234 299.74 1
286.753 299.74 1
287.272 299.74 1
287.792 299.74 1
288.311 299.74 1
288.831 299.74 1
289.35 299.74 1
289.87 299.74 1
290.389 299.74 1
290.909 299.74 1
291.428 299.74 1
291.948 299.74 1
292.467 299.74 1
292.987 299.74 1
293.506 299.74 1
294.026 299.74 1
294.545 299.74 1
295.065 299.74 1
295.584 299.74 1
296.104 299.74 1
296.623 299.74 1
297.143 299.74 1
297.662 299.74 1
298.182 299.74 1
298.701 299.74 1
299.221 299.74 1
299.74 299.74 1
300.26 299.74 1
300.779 299.74 1
301.299 299.74 1
301.818 299.74 1
302.338 299.74 1
302.857 299.74 1
303.377 299.74 1
303.896 299.74 1
304.416 299.74 1
304.935 299.74 1
305.455 299.74 1
305.974 299.74 1
306.494 299.74 1
307.013 299.74 1
307.533 299.74 1
308.052 299.74 1
308.572 299.74 1
309.091 299.74 1
309.611 299.74 1
310.13 299.74 1
310.65 299.74 1
311.169 299.74 1
311.689 299.74 1
312.208 299.74 1
312.728 299.74 1
313.247 299.74 1
313.766 299.74 1
314.286 299.74 1
314.805 299.74 1
315.325 299.74 1
315.844 299.74 1
316.364 299.74 1
316.883 299.74 1
317.403 299.74 1
317.922 299.74 1
318.442 299.74 1
318.961 299.74 1
319.481 299.74 1
280.519 300.26 1
281.039 300.26 1
281.558 300.26 1
282.078 300.26 1
282.597 300.26 1
283.117 300.26 1
283.636 300.26 1
284.156 300.26 1
284.675 300.26 1
285.195 300.26 1
285.714 300.26 1
286.234 300.26 1
286.753 300.26 1
287.272 300.26 1
287.792 300.26 1
288.311 300.26 1
288.831 300.26 1
289.35 300.26 1
289.87 300.26 1
290.389 300.26 1
290.909 300.26 1
291.428 300.26 1
291.948 300.26 1
292.467 300.26 1
292.987 300.26 1
293.506 300.26 1
294.026 300.26 1
294.545 300.26 1
295.065 300.26 1
295.584 300.26 1
296.104 300.26 1
296.623 300.26 1
297.143 300.26 1
297.662 300.26 1
298.182 300.26 1
298.701 300.26 1
299.221 300.26 1
299.74 300.26 1
300.26 300.26 1
300.779 300.26 1
301.299 300.26 1
301.818 300.26 1
302.338 300.26 1
302.857 300.26 1
303.377 300.26 1
303.896 300.26 1
304.416 300.26 1
304.935 300.26 1
305.455 300.26 1
305.974 300.26 1
306.494 300.26 1
307.013 300.26 1
307.533 300.26 1
308.052 300.26 1
308.572 300.26 1
309.091 300.26 1
309.611 300.26 1
310.13 300.26 1
310.65 300.26 1
311.169 300.26 1
311.689 300.26 1
312.208 300.26 1
312.728 300.26 1
313.247 300.26 1
313.766 300.26 1
314.286 300.26 1
314.805 300.26 1
315.325 300.26 1
315.844 300.26 1
316.364 300.26 1
316.883 300.26 1
317.403 300.26 1
317.922 300.26 1
318.442 300.26 1
318.961 300.26 1
319.481 300.26 1
280.519 300.779 1
281.039 300.779 1
281.558 300.779 1
282.078 300.779 1
282.597 300.779 1
283.117 300.779 1
283.636 300.779 1
284.156 300.779 1
284.675 300.779 1
285.195 300.779 1
285.714 300.779 1
286.234 300.779 1
286.753 300.779 1
287.272 300.779 1
287.792 300.779 1
288.311 300.779 1
288.831 300.779 1
289.35 300.779 1
289.87 300.779 1
290.389 300.779 1
290.909 300.779 1
291.428 300.779 1
291.948 300.779 1
292.467 300.779 1
292.987 300.779 1
293.506 300.779 1
294.026 300.779 1
294.545 300.779 1
295.065 300.779 1
295.584 300.779 1
296.104 300.779 1
296.623 300.779 1
297.143 300.779 1
297.662 300.779 1
298.182 300.779 1
298.701 300.779 1
299.221 300.779 1
299.74 300.779 1
300.26 300.779 1
300.779 300.779 1
301.299 300.779 1
301.818 300.779 1
302.338 300.779 1
302.857 300.779 1
303.377 300.779 1
303.896 300.779 1
304.416 300.779 1
304.935 300.779 1
305.455 300.779 1
305.974 300.779 1
306.494 300.779 1
307.013 300.779 1
307.533 300.779 1
308.052 300.779 1
308.572 300.779 1
309.091 300.779 1
309.611 300.779 1
310.13 300.779 1
310.65 300.779 1
311.169 300.779 1
311.689 300.779 1
312.208 300.779 1
312.728 300.779 1
313.247 300.779 1
313.766 300.779 1
314.286 300.779 1
314.805 300.779 1
315.325 300.779 1
315.844 300.779 1
316.364 300.779 1
316.883 300.779 1
317.403 300.779 1
317.922 300.779 1
318.442 300.779 1
318.961 300.779 1
319.481 300.779 1
280.519 301.299 1
281.039 301.299 1
281.558 301.299 1
282.078 301.299 1
282.597 301.299 1
283.117 301.299 1
283.636 301.299 1
284.156 301.299 1
284.675 301.299 1
285.195 301.299 1
285.714 301.299 1
286.234 301.299 1
286.753 301.299 1
287.272 301.299 1
287.792 301.299 1
288.311 301.299 1
288.831 301.299 1
289.35 301.299 1
289.87 301.299 1
290.389 301.299 1
290.909 301.299 1
291.428 301.299 1
291.948 301.299 1
292.467 301.299 1
292.987 301.299 1
293.506 301.299 1
294.026 301.299 1
294.545 301.299 1
295.065 301.299 1
295.584 301.299 1
296.104 301.299 1
296.623 301.299 1
297.143 301.299 1
297.662 301.299 1
298.182 301.299 1
298.701 301.299 1
299.221 301.299 1
299.74 301.299 1
300.26 301.299 1
300.779 301.299 1
301.299 301.299 1
301.818 301.299 1
302.338 301.299 1
302.857 301.299 1
303.377 301.299 1
303.896 301.299 1
304.416 301.299 1
304.935 301.299 1
305.455 301.299 1
305.974 301.299 1
306.494 301.299 1
307.013 301.299 1
307.533 301.299 1
308.052 301.299 1
308.572 301.299 1
309.091 301.299 1
309.611 301.299 1
310.13 301.299 1
310.65 301.299 1
311.169 301.299 1
311.689 301.299 1
312.208 301.299 1
312.728 301.299 1
313.247 301.299 1
313.766 301.299 1
314.286 301.299 1
314.805 301.299 1
315.325 301.299 1
315.844 301.299 1
316.364 301.299 1
316.883 301.299 1
317.403 301.299 1
317.922 301.299 1
318.442 301.299 1
318.961 301.299 1
319.481 301.299 1
280.519 301.818 1
281.039 301.818 1
281.558 301.818 1
282.078 301.818 1
282.597 301.818 1
283.117 301.818 1
283.636 301.818 1
284.156 301.818 1
284.675 301.818 1
285.195 301.818 1
285.714 301.818 1
286.234 301.818 1
286.753 301.818 1
287.272 301.818 1
287.792 301.818 1
288.311 301.818 1
288.831 301.818 1
289.35 301.818 1
289.87 301.818 1
290.389 301.818 1
290.909 301.818 1
291.428 301.818 1
291.948 301.818 1
292.467 301.818 1
292.987 301.818 1
293.506 301.818 1
294.026 301.818 1
294.545 301.818 1
295.065 301.818 1
295.584 301.818 1
296.104 301.818 1
296.623 301.818 1
297.143 301.818 1
297.662 301.818 1
298.182 301.818 1
298.701 301.818 1
299.221 301.818 1
299.74 301.818 1
300.26 301.818 1
300.779 301.818 1
301.299 301.818 1
301.818 301.818 1
302.338 301.818 1
302.857 301.818 1
303.377 301.818 1
303.896 301.818 1
304.416 301.818 1
304.935 301.818 1
305.455 301.818 1
305.974 301.818 1
306.494 301.818 1
307.013 301.818 1
307.533 301.818 1
308.052 301.818 1
308.572 301.818 1
309.091 301.818 1
309.611 301.818 1
310.13 301.818 1
310.65 301.818 1
311.169 301.818 1
311.689 301.818 1
312.208 301.818 1
312.728 301.818 1
313.247 301.818 1
313.766 301.818 1
314.286 301.818 1
314.805 301.818 1
315.325 301.818 1
315.844 301.818 1
316.364 301.818 1
316.883 301.818 1
317.403 301.818 1
317.922 301.818 1
318.442 301.818 1
318.961 301.818 1
319.481 301.818 1
280.519 302.338 1
281.039 302.338 1
281.558 302.338 1
282.078 302.338 1
282.597 302.338 1
283.117 302.338 1
283.636 302.338 1
284.156 302.338 1
284.675 302.338 1
285.195 302.338 1
285.714 302.338 1
286.234 302.338 1
286.753 302.338 1
287.272 302.338 1
287.792 302.338 1
288.311 302.338 1
288.831 302.338 1
289.35 302.338 1
289.87 302.338 1
290.389 302.338 1
290.909 302.338 1
291.428 302.338 1
291.948 302.338 1
292.467 302.338 1
292.987 302.338 1
293.506 302.338 1
294.026 302.338 1
294.545 302.338 1
295.065 302.338 1
295.584 302.338 1
296.104 302.338 1
296.623 302.338 1
297.143 302.338 1
297.662 302.338 1
298.182 302.338 1
298.701 302.338 1
299.221 302.338 1
299.74 302.338 1
300.26 302.338 1
300.779 302.338 1
301.299 302.338 1
301.818 302.338 1
302.338 302.338 1
302.857 302.338 1
303.377 302.338 1
303.896 302.338 1
304.416 302.338 1
304.935 302.338 1
305.455 302.338 1
305.974 302.338 1
306.494 302.338 1
307.013 302.338 1
307.533 302.338 1
308.052 302.338 1
308.572 302.338 1
309.091 302.338 1
309.611 302.338 1
310.13 302.338 1
310.65 302.338 1
311.169 302.338 1
311.689 302.338 1
312.208 302.338 1
312.728 302.338 1
313.247 302.338 1
313.766 302.338 1
314.286 302.338 1
314.805 302.338 1
315.325 302.338 1
315.844 302.338 1
316.364 302.338 1
316.883 302.338 1
317.403 302.338 1
317.922 302.338 1
318.442 302.338 1
318.961 302.338 1
319.481 302.338 1
280.519 302.857 1
281.039 302.857 1
281.558 302.857 1
282.078 302.857 1
282.597 302.857 1
283.117 302.857 1
283.636 302.857 1
284.156 302.857 1
284.675 302.857 1
285.195 302.857 1
285.714 302.857 1
286.234 302.857 1
286.753 302.857 1
287.272 302.857 1
287.792 302.857 1
288.311 302.857 1
288.831 302.857 1
289.35 302.857 1
289.87 302.857 1
290.389 302.857 1
290.909 302.857 1
291.428 302.857 1
291.948 302.857 1
292.467 302.857 1
292.987 302.857 1
293.506 302.857 1
294.026 302.857 1
294.545 302.857 1
295.065 302.857 1
295.584 302.857 1
296.104 302.857 1
296.623 302.857 1
297.143 302.857 1
297.662 302.857 1
298.182 302.857 1
298.701 302.857 1
299.221 302.857 1
299.74 302.857 1
300.26 302.857 1
300.779 302.857 1
301.299 302.857 1
301.818 302.857 1
302.338 302.857 1
302.857 302.857 1
303.377 302.857 1
303.896 302.857 1
304.416 302.857 1
304.935 302.857 1
305.455 302.857 1
305.974 302.857 1
306.494 302.857 1
307.013 302.857 1
307.533 302.857 1
308.052 302.857 1
308.572 302.857 1
309.091 302.857 1
309.611 302.857 1
310.13 302.857 1
310.65 302.857 1
311.169 302.857 1
311.689 302.857 1
312.208 302.857 1
312.728 302.857 1
313.247 302.857 1
313.766 302.857 1
314.286 302.857 1
314.805 302.857 1
315.325 302.857 1
315.844 302.857 1
316.364 302.857 1
316.883 302.857 1
317.403 302.857 1
317.922 302.857 1
318.442 302.857 1
318.961 302.857 1
319.481 302.857 1
280.519 303.377 1
281.039 303.377 1
281.558 303.377 1
282.078 303.377 1
282.597 303.377 1
283.117 303.377 1
283.636 303.377 1
284.156 303.377 1
284.675 303.377 1
285.195 303.377 1
285.714 303.377 1
286.234 303.377 1
286.753 303.377 1
287.272 303.377 1
287.792 303.377 1
288.311 303.377 1
288.831 303.377 1
289.35 303.377 1
289.87 303.377 1
290.389 303.377 1
290.909 303.377 1
291.428 303.377 1
291.948 303.377 1
292.467 303.377 1
292.987 303.377 1
293.506 303.377 1
294.026 303.377 1
294.545 303.377 1
295.065 303.377 1
295.584 303.377 1
296.104 303.377 1
296.623 303.377 1
297.143 303.377 1
297.662 303.377 1
298.182 303.377 1
298.701 303.377 1
299.221 303.377 1
299.74 303.377 1
300.26 303.377 1
300.779 303.377 1
301.299 303.377 1
301.818 303.377 1
302.338 303.377 1
302.857 303.377 1
303.377 303.377 1
303.896 303.377 1
304.416 303.377 1
304.935 303.377 1
305.455 303.377 1
305.974 303.377 1
306.494 303.377 1
307.013 303.377 1
307.533 303.377 1
308.052 303.377 1
308.572 303.377 1
309.091 303.377 1
309.611 303.377 1
310.13 303.377 1
310.65 303.377 1
311.169 303.377 1
311.689 303.377 1
312.208 303.377 1
312.728 303.377 1
313.247 303.377 1
313.766 303.377 1
314.286 303.377 1
314.805 303.377 1
315.325 303.377 1
315.844 303.377 1
316.364 303.377 1
316.883 303.377 1
317.403 303.377 1
317.922 303.377 1
318.442 303.377 1
318.961 303.377 1
319.481 303.377 1
280.519 303.896 1
281.039 303.896 1
281.558 303.896 1
282.078 303.896 1
282.597 303.896 1
283.117 303.896 1
283.636 303.896 1
284.156 303.896 1
284.675 303.896 1
285.195 303.896 1
285.714 303.896 1
286.234 303.896 1
286.753 303.896 1
287.272 303.896 1
287.792 303.896 1
288.311 303.896 1
288.831 303.896 1
289.35 303.896 1
289.87 303.896 1
290.389 303.896 1
290.909 303.896 1
291.428 303.896 1
291.948 303.896 1
292.467 303.896 1
292.987 303.896 1
293.506 303.896 1
294.026 303.896 1
294.545 303.896 1
295.065 303.896 1
295.584 303.896 1
296.104 303.896 1
296.623 303.896 1
297.143 303.896 1
297.662 303.896 1
298.182 303.896 1
298.701 303.896 1
299.221 303.896 1
299.74 303.896 1
300.26 303.896 1
300.779 303.896 1
301.299 303.896 1
301.818 303.896 1
302.338 303.896 1
302.857 303.896 1
303.377 303.896 1
303.896 303.896 1
304.416 303.896 1
304.935 303.896 1
305.455 303.896 1
305.974 303.896 1
306.494 303.896 1
307.013 303.896 1
307.533 303.896 1
308.052 303.896 1
308.572 303.896 1
309.091 303.896 1
309.611 303.896 1
310.13 303.896 1
310.65 303.896 1
311.169 303.896 1
311.689 303.896 1
312.208 303.896 1
312.728 303.896 1
313.247 303.896 1
313.766 303.896 1
314.286 303.896 1
314.805 303.896 1
315.325 303.896 1
315.844 303.896 1
316.364 303.896 1
316.883 303.896 1
317.403 303.896 1
317.922 303.896 1
318.442 303.896 1
318.961 303.896 1
319.481 303.896 1
280.519 304.416 1
281.039 304.416 1
281.558 304.416 1
282.078 304.416 1
282.597 304.416 1
283.117 304.416 1
283.636 304.416 1
284.156 304.416 1
284.675 304.416 1
285.195 304.416 1
285.714 304.416 1
286.234 304.416 1
286.753 304.416 1
287.272 304.416 1
287.792 304.416 1
288.311 304.416 1
288.831 304.416 1
289.35 304.416 1
289.87 304.416 1
290.389 304.416 1
290.909 304.416 1
291.428 304.416 1
291.948 304.416 1
292.467 304.416 1
292.987 304.416 1
293.506 304.416 1
294.026 304.416 1
294.545 304.416 1
295.065 304.416 1
295.584 304.416 1
296.104 304.416 1
296.623 304.416 1
297.143 304.416 1
297.662 304.416 1
298.182 304.416 1
298.701 304.416 1
299.221 304.416 1
299.74 304.416 1
300.26 304.416 1
300.779 304.416 1
301.299 304.416 1
301.818 304.416 1
302.338 304.416 1
302.857 304.416 1
303.377 304.416 1
303.896 304.416 1
304.416 304.416 1
304.935 304.416 1
305.455 304.416 1
305.974 304.416 1
306.494 304.416 1
307.013 304.416 1
307.533 304.416 1
308.052 304.416 1
308.572 304.416 1
309.091 304.416 1
309.611 304.416 1
310.13 304.416 1
310.65 304.416 1
311.169 304.416 1
311.689 304.416 1
312.208 304.416 1
312.728 304.416 1
313.247 304.416 1
313.766 304.416 1
314.286 304.416 1
314.805 304.416 1
315.325 304.416 1
315.844 304.416 1
316.364 304.416 1
316.883 304.416 1
317.403 304.416 1
317.922 304.416 1
318.442 304.416 1
318.961 304.416 1
319.481 304.416 1
281.039 304.935 1
281.558 304.935 1
282.078 304.935 1
282.597 304.935 1
283.117 304.935 1
283.636 304.935 1
284.156 304.935 1
284.675 304.935 1
285.195 304.935 1
285.714 304.935 1
286.234 304.935 1
286.753 304.935 1
287.272 304.935 1
287.792 304.935 1
288.311 304.935 1
288.831 304.935 1
289.35 304.935 1
289.87 304.935 1
290.389 304.935 1
290.909 304.935 1
291.428 304.935 1
291.948 304.935 1
292.467 304.935 1
292.987 304.935 1
293.506 304.935 1
294.026 304.935 1
294.545 304.935 1
295.065 304.935 1
295.584 304.935 1
296.104 304.935 1
296.623 304.935 1
297.143 304.935 1
297.662 304.935 1
298.182 304.935 1
298.701 304.935 1
299.221 304.935 1
299.74 304.935 1
300.26 304.935 1
300.779 304.935 1
301.299 304.935 1
301.818 304.935 1
302.338 304.935 1
302.857 304.935 1
303.377 304.935 1
303.896 304.935 1
304.416 304.935 1
304.935 304.935 1
305.455 304.935 1
305.974 304.935 1
306.494 304.935 1
307.013 304.935 1
307.533 304.935 1
308.052 304.935 1
308.572 304.935 1
309.091 304.935 1
309.611 304.935 1
310.13 304.935 1
310.65 304.935 1
311.169 304.935 1
311.689 304.935 1
312.208 304.935 1
312.728 304.935 1
313.247 304.935 1
313.766 304.935 1
314.286 304.935 1
314.805 304.935 1
315.325 304.935 1
315.844 304.935 1
316.364 304.935 1
316.883 304.935 1
317.403 304.935 1
317.922 304.935 1
318.442 304.935 1
318.961 304.935 1
281.039 305.455 1
281.558 305.455 1
282.078 305.455 1
282.597 305.455 1
283.117 305.455 1
283.636 305.455 1
284.156 305.455 1
284.675 305.455 1
285.195 305.455 1
285.714 305.455 1
286.234 305.455 1
286.753 305.455 1
287.272 305.455 1
287.792 305.455 1
288.311 305.455 1
288.831 305.455 1
289.35 305.455 1
289.87 305.455 1
290.389 305.455 1
290.909 305.455 1
291.428 305.455 1
291.948 305.455 1
292.467 305.455 1
292.987 305.455 1
293.506 305.455 1
294.026 305.455 1
294.545 305.455 1
295.065 305.455 1
295.584 305.455 1
296.104 305.455 1
296.623 305.455 1
297.143 305.455 1
297.662 305.455 1
298.182 305.455 1
298.701 305.455 1
299.221 305.455 1
299.74 305.455 1
300.26 305.455 1
300.779 305.455 1
301.299 305.455 1
301.818 305.455 1
302.338 305.455 1
302.857 305.455 1
303.377 305.455 1
303.896 305.455 1
304.416 305.455 1
304.935 305.455 1
305.455 305.455 1
305.974 305.455 1
306.494 305.455 1
307.013 305.455 1
307.533 305.455 1
308.052 305.455 1
308.572 305.455 1
309.091 305.455 1
309.611 305.455 1
310.13 305.455 1
310.65 305.455 1
311.169 305.455 1
311.689 305.455 1
312.208 305.455 1
312.728 305.455 1
313.247 305.455 1
313.766 305.455 1
314.286 305.455 1
314.805 305.455 1
315.325 305.455 1
315.844 305.455 1
316.364 305.455 1
316.883 305.455 1
317.403 305.455 1
317.922 305.455 1
318.442 305.455 1
318.961 305.455 1
281.039 305.974 1
281.558 305.974 1
282.078 305.974 1
282.597 305.974 1
283.117 305.974 1
283.636 305.974 1
284.156 305.974 1
284.675 305.974 1
285.195 305.974 1
285.714 305.974 1
286.234 305.974 1
286.753 305.974 1
287.272 305.974 1
287.792 305.974 1
288.311 305.974 1
288.831 305.974 1
289.35 305.974 1
289.87 305.974 1
290.389 305.974 1
290.909 305.974 1
291.428 305.974 1
291.948 305.974 1
292.467 305.974 1
292.987 305.974 1
293.506 305.974 1
294.026 305.974 1
294.545 305.974 1
295.065 305.974 1
295.584 305.974 1
296.104 305.974 1
296.623 305.974 1
297.143 305.974 1
297.662 305.974 1
298.182 305.974 1
298.701 305.974 1
299.221 305.974 1
299.74 305.974 1
300.26 305.974 1
300.779 305.974 1
301.299 305.974 1
301.818 305.974 1
302.338 305.974 1
302.857 305.974 1
303.377 305.974 1
303.896 305.974 1
304.416 305.974 1
304.935 305.974 1
305.455 305.974 1
305.974 305.974 1
306.494 305.974 1
307.013 305.974 1
307.533 305.974 1
308.052 305.974 1
308.572 305.974 1
309.091 305.974 1
309.611 305.974 1
310.13 305.974 1
310.65 305.974 1
311.169 305.974 1
311.689 305.974 1
312.208 305.974 1
312.728 305.974 1
313.247 305.974 1
313.766 305.974 1
314.286 305.974 1
314.805 305.974 1
315.325 305.974 1
315.844 305.974 1
316.364 305.974 1
316.883 305.974 1
317.403 305.974 1
317.922 305.974 1
318.442 305.974 1
318.961 305.974 1
281.558 306.494 1
282.078 306.494 1
282.597 306.494 1
283.117 306.494 1
283.636 306.494 1
284.156 306.494 1
284.675 306.494 1
285.195 306.494 1
285.714 306.494 1
286.234 306.494 1
286.753 306.494 1
287.272 306.494 1
287.792 306.494 1
288.311 306.494 1
288.831 306.494 1
289.35 306.494 1
289.87 306.494 1
290.389 306.494 1
290.909 306.494 1
291.428 306.494 1
291.948 306.494 1
292.467 306.494 1
292.987 306.494 1
293.506 306.494 1
294.026 306.494 1
294.545 306.494 1
295.065 306.494 1
295.584 306.494 1
296.104 306.494 1
296.623 306.494 1
297.143 306.494 1
297.662 306.494 1
298.182 306.494 1
298.701 306.494 1
299.221 306.494 1
299.74 306.494 1
300.26 306.494 1
300.779 306.494 1
301.299 306.494 1
301.818 306.494 1
302.338 306.494 1
302.857 306.494 1
303.377 306.494 1
303.896 306.494 1
304.416 306.494 1
304.935 306.494 1
305.455 306.494 1
305.974 306.494 1
306.494 306.494 1
307.013 306.494 1
307.533 306.494 1
308.052 306.494 1
308.572 306.494 1
309.091 306.494 1
309.611 306.494 1
310.13 306.494 1
310.65 306.494 1
311.169 306.494 1
311.689 306.494 1
312.208 306.494 1
312.728 306.494 1
313.247 306.494 1
313.766 306.494 1
314.286 306.494 1
314.805 306.494 1
315.325 306.494 1
315.844 306.494 1
316.364 306.494 1
316.883 306.494 1
317.403 306.494 1
317.922 306.494 1
318.442 306.494 1
281.558 307.013 1
282.078 307.013 1
282.597 307.013 1
283.117 307.013 1
283.636 307.013 1
284.156 307.013 1
284.675 307.013 1
285.195 307.013 1
285.714 307.013 1
286.234 307.013 1
286.753 307.013 1
287.272 307.013 1
287.792 307.013 1
288.311 307.013 1
288.831 307.013 1
289.35 307.013 1
289.87 307.013 1
290.389 307.013 1
290.909 307.013 1
291.428 307.013 1
291.948 307.013 1
292.467 307.013 1
292.987 307.013 1
293.506 307.013 1
294.026 307.013 1
294.545 307.013 1
295.065 307.013 1
295.584 307.013 1
296.104 307.013 1
296.623 307.013 1
297.143 307.013 1
297.662 307.013 1
298.182 307.013 1
298.701 307.013 1
299.221 307.013 1
299.74 307.013 1
300.26 307.013 1
300.779 307.013 1
301.299 307.013 1
301.818 307.013 1
302.338 307.013 1
302.857 307.013 1
303.377 307.013 1
303.896 307.013 1
304.416 307.013 1
304.935 307.013 1
305.455 307.013 1
305.974 307.013 1
306.494 307.013 1
307.013 307.013 1
307.533 307.013 1
308.052 307.013 1
308.572 307.013 1
309.091 307.013 1
309.611 307.013 1
310.13 307.013 1
310.65 307.013 1
311.169 307.013 1
311.689 307.013 1
312.208 307.013 1
312.728 307.013 1
313.247 307.013 1
313.766 307.013 1
314.286 307.013 1
314.805 307.013 1
315.325 307.013 1
315.844 307.013 1
316.364 307.013 1
316.883 307.013 1
317.403 307.013 1
317.922 307.013 1
318.442 307.013 1
281.558 307.533 1
282.078 307.533 1
282.597 307.533 1
283.117 307.533 1
283.636 307.533 1
284.156 307.533 1
284.675 307.533 1
285.195 307.533 1
285.714 307.533 1
286.234 307.533 1
286.753 307.533 1
287.272 307.533 1
287.792 307.533 1
288.311 307.533 1
288.831 307.533 1
289.35 307.533 1
289.87 307.533 1
290.389 307.533 1
290.909 307.533 1
291.428 307.533 1
291.948 307.533 1
292.467 307.533 1
292.987 307.533 1
293.506 307.533 1
294.026 307.533 1
294.545 307.533 1
295.065 307.533 1
295.584 307.533 1
296.104 307.533 1
296.623 307.533 1
297.143 307.533 1
297.662 307.533 1
298.182 307.533 1
298.701 307.533 1
299.221 307.533 1
299.74 307.533 1
300.26 307.533 1
300.779 307.533 1
301.299 307.533 1
301.818 307.533 1
302.338 307.533 1
302.857 307.533 1
303.377 307.533 1
303.896 307.533 1
304.416 307.533 1
304.935 307.533 1
305.455 307.533 1
305.974 307.533 1
306.494 307.533 1
307.013 307.533 1
307.533 307.533 1
308.052 307.533 1
308.572 307.533 1
309.091 307.533 1
309.611 307.533 1
310.13 307.533 1
310.65 307.533 1
311.169 307.533 1
311.689 307.533 1
312.208 307.533 1
312.728 307.533 1
313.247 307.533 1
313.766 307.533 1
314.286 307.533 1
314.805 307.533 1
315.325 307.533 1
315.844 307.533 1
316.364 307.533 1
316.883 307.533 1
317.403 307.533 1
317.922 307.533 1
318.442 307.533 1
282.078 308.052 1
282.597 308.052 1
283.117 308.052 1
283.636 308.052 1
284.156 308.052 1
284.675 308.052 1
285.195 308.052 1
285.714 308.052 1
286.234 308.052 1
286.753 308.052 1
287.273 308.052 1
287.792 308.052 1
288.311 308.052 1
288.831 308.052 1
289.35 308.052 1
289.87 308.052 1
290.389 308.052 1
290.909 308.052 1
291.428 308.052 1
291.948 308.052 1
292.467 308.052 1
292.987 308.052 1
293.506 308.052 1
294.026 308.052 1
294.545 308.052 1
295.065 308.052 1
295.584 308.052 1
296.104 308.052 1
296.623 308.052 1
297.143 308.052 1
297.662 308.052 1
298.182 308.052 1
298.701 308.052 1
299.221 308.052 1
299.74 308.052 1
300.26 308.052 1
300.779 308.052 1
301.299 308.052 1
301.818 308.052 1
302.338 308.052 1
302.857 308.052 1
303.377 308.052 1
303.896 308.052 1
304.416 308.052 1
304.935 308.052 1
305.455 308.052 1
305.974 308.052 1
306.494 308.052 1
307.013 308.052 1
307.533 308.052 1
308.052 308.052 1
308.572 308.052 1
309.091 308.052 1
309.611 308.052 1
310.13 308.052 1
310.65 308.052 1
311.169 308.052 1
311.689 308.052 1
312.208 308.052 1
312.727 308.052 1
313.247 308.052 1
313.766 308.052 1
314.286 308.052 1
314.805 308.052 1
315.325 308.052 1
315.844 308.052 1
316.364 308.052 1
316.883 308.052 1
317.403 308.052 1
317.922 308.052 1
282.078 308.572 1
282.597 308.572 1
283.117 308.572 1
283.636 308.572 1
284.156 308.572 1
284.675 308.572 1
285.195 308.572 1
285.714 308.572 1
286.234 308.572 1
286.753 308.572 1
287.273 308.572 1
287.792 308.572 1
288.311 308.572 1
288.831 308.572 1
289.35 308.572 1
289.87 308.572 1
290.389 308.572 1
290.909 308.572 1
291.428 308.572 1
291.948 308.572 1
292.467 308.572 1
292.987 308.572 1
293.506 308.572 1
294.026 308.572 1
294.545 308.572 1
295.065 308.572 1
295.584 308.572 1
296.104 308.572 1
296.623 308.572 1
297.143 308.572 1
297.662 308.572 1
298.182 308.572 1
298.701 308.572 1
299.221 308.572 1
299.74 308.572 1
300.26 308.572 1
300.779 308.572 1
301.299 308.572 1
301.818 308.572 1
302.338 308.572 1
302.857 308.572 1
303.377 308.572 1
303.896 308.572 1
304.416 308.572 1
304.935 308.572 1
305.455 308.572 1
305.974 308.572 1
306.494 308.572 1
307.013 308.572 1
307.533 308.572 1
308.052 308.572 1
308.572 308.572 1
309.091 308.572 1
309.611 308.572 1
310.13 308.572 1
310.65 308.572 1
311.169 308.572 1
311.689 308.572 1
312.208 308.572 1
312.727 308.572 1
313.247 308.572 1
313.766 308.572 1
314.286 308.572 1
314.805 308.572 1
315.325 308.572 1
315.844 308.572 1
316.364 308.572 1
316.883 308.572 1
317.403 308.572 1
317.922 308.572 1
282.597 309.091 1
283.117 309.091 1
283.636 309.091 1
284.156 309.091 1
284.675 309.091 1
285.195 309.091 1
285.714 309.091 1
286.234 309.091 1
286.753 309.091 1
287.273 309.091 1
287.792 309.091 1
288.311 309.091 1
288.831 309.091 1
289.35 309.091 1
289.87 309.091 1
290.389 309.091 1
290.909 309.091 1
291.428 309.091 1
291.948 309.091 1
292.467 309.091 1
292.987 309.091 1
293.506 309.091 1
294.026 309.091 1
294.545 309.091 1
295.065 309.091 1
295.584 309.091 1
296.104 309.091 1
296.623 309.091 1
297.143 309.091 1
297.662 309.091 1
298.182 309.091 1
298.701 309.091 1
299.221 309.091 1
299.74 309.091 1
300.26 309.091 1
300.779 309.091 1
301.299 309.091 1
301.818 309.091 1
302.338 309.091 1
302.857 309.091 1
303.377 309.091 1
303.896 309.091 1
304.416 309.091 1
304.935 309.091 1
305.455 309.091 1
305.974 309.091 1
306.494 309.091 1
307.013 309.091 1
307.533 309.091 1
308.052 309.091 1
308.572 309.091 1
309.091 309.091 1
309.611 309.091 1
310.13 309.091 1
310.65 309.091 1
311.169 309.091 1
311.689 309.091 1
312.208 309.091 1
312.727 309.091 1
313.247 309.091 1
313.766 309.091 1
314.286 309.091 1
314.805 309.091 1
315.325 309.091 1
315.844 309.091 1
316.364 309.091 1
316.883 309.091 1
317.403 309.091 1
282.597 309.611 1
283.117 309.611 1
283.636 309.611 1
284.156 309.611 1
284.675 309.611 1
285.195 309.611 1
285.714 309.611 1
286.234 309.611 1
286.753 309.611 1
287.273 309.611 1
287.792 309.611 1
288.311 309.611 1
288.831 309.611 1
289.35 309.611 1
289.87 309.611 1
290.389 309.611 1
290.909 309.611 1
291.428 309.611 1
291.948 309.611 1
292.467 309.611 1
292.987 309.611 1
293.506 309.611 1
294.026 309.611 1
294.545 309.611 1
295.065 309.611 1
295.584 309.611 1
296.104 309.611 1
296.623 309.611 1
297.143 309.611 1
297.662 309.611 1
298.182 309.611 1
298.701 309.611 1
299.221 309.611 1
299.74 309.611 1
300.26 309.611 1
300.779 309.611 1
301.299 309.611 1
301.818 309.611 1
302.338 309.611 1
302.857 309.611 1
303.377 309.611 1
303.896 309.611 1
304.416 309.611 1
304.935 309.611 1
305.455 309.611 1
305.974 309.611 1
306.494 309.611 1
307.013 309.611 1
307.533 309.611 1
308.052 309.611 1
308.572 309.611 1
309.091 309.611 1
309.611 309.611 1
310.13 309.611 1
310.65 309.611 1
311.169 309.611 1
311.689 309.611 1
312.208 309.611 1
312.727 309.611 1
313.247 309.611 1
313.766 309.611 1
314.286 309.611 1
314.805 309.611 1
315.325 309.611 1
315.844 309.611 1
316.364 309.611 1
316.883 309.611 1
317.403 309.611 1
283.117 310.13 1
283.636 310.13 1
284.156 310.13 1
284.675 310.13 1
285.195 310.13 1
285.714 310.13 1
286.234 310.13 1
286.753 310.13 1
287.273 310.13 1
287.792 310.13 1
288.311 310.13 1
288.831 310.13 1
289.35 310.13 1
289.87 310.13 1
290.389 310.13 1
290.909 310.13 1
291.428 310.13 1
291.948 310.13 1
292.467 310.13 1
292.987 310.13 1
293.506 310.13 1
294.026 310.13 1
294.545 310.13 1
295.065 310.13 1
295.584 310.13 1
296.104 310.13 1
296.623 310.13 1
297.143 310.13 1
297.662 310.13 1
298.182 310.13 1
298.701 310.13 1
299.221 310.13 1
299.74 310.13 1
300.26 310.13 1
300.779 310.13 1
301.299 310.13 1
301.818 310.13 1
302.338 310.13 1
302.857 310.13 1
303.377 310.13 1
303.896 310.13 1
304.416 310.13 1
304.935 310.13 1
305.455 310.13 1
305.974 310.13 1
306.494 310.13 1
307.013 310.13 1
307.533 310.13 1
308.052 310.13 1
308.572 310.13 1
309.091 310.13 1
309.611 310.13 1
310.13 310.13 1
310.65 310.13 1
311.169 310.13 1
311.689 310.13 1
312.208 310.13 1
312.727 310.13 1
313.247 310.13 1
313.766 310.13 1
314.286 310.13 1
314.805 310.13 1
315.325 310.13 1
315.844 310.13 1
316.364 310.13 1
316.883 310.13 1
283.117 310.649 1
283.636 310.649 1
284.156 310.65 1
284.675 310.65 1
285.195 310.65 1
285.714 310.65 1
286.234 310.65 1
286.753 310.65 1
287.273 310.65 1
287.792 310.65 1
288.311 310.65 1
288.831 310.65 1
289.35 310.65 1
289.87 310.65 1
290.389 310.65 1
290.909 310.65 1
291.428 310.65 1
291.948 310.65 1
292.467 310.65 1
292.987 310.65 1
293.506 310.65 1
294.026 310.65 1
294.545 310.65 1
295.065 310.65 1
295.584 310.65 1
296.104 310.65 1
296.623 310.65 1
297.143 310.65 1
297.662 310.65 1
298.182 310.65 1
298.701 310.65 1
299.221 310.65 1
299.74 310.65 1
300.26 310.65 1
300.779 310.65 1
301.299 310.65 1
301.818 310.65 1
302.338 310.65 1
302.857 310.65 1
303.377 310.65 1
303.896 310.65 1
304.416 310.65 1
304.935 310.65 1
305.455 310.65 1
305.974 310.65 1
306.494 310.65 1
307.013 310.65 1
307.533 310.65 1
308.052 310.65 1
308.572 310.65 1
309.091 310.65 1
309.611 310.65 1
310.13 310.65 1
310.65 310.65 1
311.169 310.65 1
311.689 310.65 1
312.208 310.65 1
312.727 310.65 1
313.247 310.65 1
313.766 310.65 1
314.286 310.65 1
314.805 310.65 1
315.325 310.65 1
315.844 310.65 1
316.364 310.649 1
316.883 310.649 1
283.636 311.169 1
284.156 311.169 1
284.675 311.169 1
285.195 311.169 1
285.714 311.169 1
286.234 311.169 1
286.753 311.169 1
287.273 311.169 1
287.792 311.169 1
288.311 311.169 1
288.831 311.169 1
289.35 311.169 1
289.87 311.169 1
290.389 311.169 1
290.909 311.169 1
291.428 311.169 1
291.948 311.169 1
292.467 311.169 1
292.987 311.169 1
293.506 311.169 1
294.026 311.169 1
294.545 311.169 1
295.065 311.169 1
295.584 311.169 1
296.104 311.169 1
296.623 311.169 1
297.143 311.169 1
297.662 311.169 1
298.182 311.169 1
298.701 311.169 1
299.221 311.169 1
299.74 311.169 1
300.26 311.169 1
300.779 311.169 1
301.299 311.169 1
301.818 311.169 1
302.338 311.169 1
302.857 311.169 1
303.377 311.169 1
303.896 311.169 1
304.416 311.169 1
304.935 311.169 1
305.455 311.169 1
305.974 311.169 1
306.494 311.169 1
307.013 311.169 1
307.533 311.169 1
308.052 311.169 1
308.572 311.169 1
309.091 311.169 1
309.611 311.169 1
310.13 311.169 1
310.65 311.169 1
311.169 311.169 1
311.689 311.169 1
312.208 311.169 1
312.727 311.169 1
313.247 311.169 1
313.766 311.169 1
314.286 311.169 1
314.805 311.169 1
315.325 311.169 1
315.844 311.169 1
316.364 311.169 1
284.156 311.688 1
284.675 311.688 1
285.195 311.688 1
285.714 311.688 1
286.234 311.688 1
286.753 311.688 1
287.273 311.688 1
287.792 311.689 1
288.311 311.689 1
288.831 311.689 1
289.35 311.689 1
289.87 311.689 1
290.389 311.689 1
290.909 311.689 1
291.428 311.689 1
291.948 311.689 1
292.467 311.689 1
292.987 311.689 1
293.506 311.689 1
294.026 311.689 1
294.545 311.689 1
295.065 311.689 1
295.584 311.689 1
296.104 311.689 1
296.623 311.689 1
297.143 311.689 1
297.662 311.689 1
298.182 311.689 1
298.701 311.689 1
299.221 311.689 1
299.74 311.689 1
300.26 311.689 1
300.779 311.689 1
301.299 311.689 1
301.818 311.689 1
302.338 311.689 1
302.857 311.689 1
303.377 311.689 1
303.896 311.689 1
304.416 311.689 1
304.935 311.689 1
305.455 311.689 1
305.974 311.689 1
306.494 311.689 1
307.013 311.689 1
307.533 311.689 1
308.052 311.689 1
308.572 311.689 1
309.091 311.689 1
309.611 311.689 1
310.13 311.689 1
310.65 311.689 1
311.169 311.689 1
311.689 311.689 1
312.208 311.689 1
312.727 311.688 1
313.247 311.688 1
313.766 311.688 1
314.286 311.688 1
314.805 311.688 1
315.325 311.688 1
315.844 311.688 1
284.675 312.208 1
285.195 312.208 1
285.714 312.208 1
286.234 312.208 1
286.753 312.208 1
287.273 312.208 1
287.792 312.208 1
288.311 312.208 1
288.831 312.208 1
289.35 312.208 1
289.87 312.208 1
290.389 312.208 1
290.909 312.208 1
291.428 312.208 1
291.948 312.208 1
292.467 312.208 1
292.987 312.208 1
293.506 312.208 1
294.026 312.208 1
294.545 312.208 1
295.065 312.208 1
295.584 312.208 1
296.104 312.208 1
296.623 312.208 1
297.143 312.208 1
297.662 312.208 1
298.182 312.208 1
298.701 312.208 1
299.221 312.208 1
299.74 312.208 1
300.26 312.208 1
300.779 312.208 1
301.299 312.208 1
301.818 312.208 1
302.338 312.208 1
302.857 312.208 1
303.377 312.208 1
303.896 312.208 1
304.416 312.208 1
304.935 312.208 1
305.455 312.208 1
305.974 312.208 1
306.494 312.208 1
307.013 312.208 1
307.533 312.208 1
308.052 312.208 1
308.572 312.208 1
309.091 312.208 1
309.611 312.208 1
310.13 312.208 1
310.65 312.208 1
311.169 312.208 1
311.689 312.208 1
312.208 312.208 1
312.727 312.208 1
313.247 312.208 1
313.766 312.208 1
314.286 312.208 1
314.805 312.208 1
315.325 312.208 1
284.675 312.727 1
285.195 312.727 1
285.714 312.727 1
286.234 312.727 1
286.753 312.727 1
287.273 312.727 1
287.792 312.727 1
288.312 312.727 1
288.831 312.727 1
289.35 312.727 1
289.87 312.727 1
290.389 312.727 1
290.909 312.727 1
291.428 312.727 1
291.948 312.727 1
292.467 312.728 1
292.987 312.728 1
293.506 312.728 1
294.026 312.728 1
294.545 312.728 1
295.065 312.728 1
295.584 312.728 1
296.104 312.728 1
296.623 312.728 1
297.143 312.728 1
297.662 312.728 1
298.182 312.728 1
298.701 312.728 1
299.221 312.728 1
299.74 312.728 1
300.26 312.728 1
300.779 312.728 1
301.299 312.728 1
301.818 312.728 1
302.338 312.728 1
302.857 312.728 1
303.377 312.728 1
303.896 312.728 1
304.416 312.728 1
304.935 312.728 1
305.455 312.728 1
305.974 312.728 1
306.494 312.728 1
307.013 312.728 1
307.533 312.728 1
308.052 312.727 1
308.572 312.727 1
309.091 312.727 1
309.611 312.727 1
310.13 312.727 1
310.65 312.727 1
311.169 312.727 1
311.688 312.727 1
312.208 312.727 1
312.727 312.727 1
313.247 312.727 1
313.766 312.727 1
314.286 312.727 1
314.805 312.727 1
315.325 312.727 1
285.195 313.247 1
285.714 313.247 1
286.234 313.247 1
286.753 313.247 1
287.273 313.247 1
287.792 313.247 1
288.312 313.247 1
288.831 313.247 1
289.35 313.247 1
289.87 313.247 1
290.389 313.247 1
290.909 313.247 1
291.428 313.247 1
291.948 313.247 1
292.467 313.247 1
292.987 313.247 1
293.506 313.247 1
294.026 313.247 1
294.545 313.247 1
295.065 313.247 1
295.584 313.247 1
296.104 313.247 1
296.623 313.247 1
297.143 313.247 1
297.662 313.247 1
298.182 313.247 1
298.701 313.247 1
299.221 313.247 1
299.74 313.247 1
300.26 313.247 1
300.779 313.247 1
301.299 313.247 1
301.818 313.247 1
302.338 313.247 1
302.857 313.247 1
303.377 313.247 1
303.896 313.247 1
304.416 313.247 1
304.935 313.247 1
305.455 313.247 1
305.974 313.247 1
306.494 313.247 1
307.013 313.247 1
307.533 313.247 1
308.052 313.247 1
308.572 313.247 1
309.091 313.247 1
309.611 313.247 1
310.13 313.247 1
310.65 313.247 1
311.169 313.247 1
311.688 313.247 1
312.208 313.247 1
312.727 313.247 1
313.247 313.247 1
313.766 313.247 1
314.286 313.247 1
314.805 313.247 1
285.714 313.766 1
286.234 313.766 1
286.753 313.766 1
287.273 313.766 1
287.792 313.766 1
288.312 313.766 1
288.831 313.766 1
289.35 313.766 1
289.87 313.766 1
290.389 313.766 1
290.909 313.766 1
291.428 313.766 1
291.948 313.766 1
292.467 313.766 1
292.987 313.766 1
293.506 313.766 1
294.026 313.766 1
294.545 313.766 1
295.065 313.766 1
295.584 313.766 1
296.104 313.766 1
296.623 313.766 1
297.143 313.766 1
297.662 313.766 1
298.182 313.766 1
298.701 313.766 1
299.221 313.766 1
299.74 313.766 1
300.26 313.766 1
300.779 313.766 1
301.299 313.766 1
301.818 313.766 1
302.338 313.766 1
302.857 313.766 1
303.377 313.766 1
303.896 313.766 1
304.416 313.766 1
304.935 313.766 1
305.455 313.766 1
305.974 313.766 1
306.494 313.766 1
307.013 313.766 1
307.533 313.766 1
308.052 313.766 1
308.572 313.766 1
309.091 313.766 1
309.611 313.766 1
310.13 313.766 1
310.65 313.766 1
311.169 313.766 1
311.688 313.766 1
312.208 313.766 1
312.727 313.766 1
313.247 313.766 1
313.766 313.766 1
314.286 313.766 1
286.234 314.286 1
286.753 314.286 1
287.273 314.286 1
287.792 314.286 1
288.312 314.286 1
288.831 314.286 1
289.35 314.286 1
289.87 314.286 1
290.389 314.286 1
290.909 314.286 1
291.428 314.286 1
291.948 314.286 1
292.467 314.286 1
292.987 314.286 1
293.506 314.286 1
294.026 314.286 1
294.545 314.286 1
295.065 314.286 1
295.584 314.286 1
296.104 314.286 1
296.623 314.286 1
297.143 314.286 1
297.662 314.286 1
298.182 314.286 1
298.701 314.286 1
299.221 314.286 1
299.74 314.286 1
300.26 314.286 1
300.779 314.286 1
301.299 314.286 1
301.818 314.286 1
302.338 314.286 1
302.857 314.286 1
303.377 314.286 1
303.896 314.286 1
304.416 314.286 1
304.935 314.286 1
305.455 314.286 1
305.974 314.286 1
306.494 314.286 1
307.013 314.286 1
307.533 314.286 1
308.052 314.286 1
308.572 314.286 1
309.091 314.286 1
309.611 314.286 1
310.13 314.286 1
310.65 314.286 1
311.169 314.286 1
311.688 314.286 1
312.208 314.286 1
312.727 314.286 1
313.247 314.286 1
313.766 314.286 1
286.753 314.805 1
287.273 314.805 1
287.792 314.805 1
288.312 314.805 1
288.831 314.805 1
289.35 314.805 1
289.87 314.805 1
290.389 314.805 1
290.909 314.805 1
291.428 314.805 1
291.948 314.805 1
292.467 314.805 1
292.987 314.805 1
293.506 314.805 1
294.026 314.805 1
294.545 314.805 1
295.065 314.805 1
295.584 314.805 1
296.104 314.805 1
296.623 314.805 1
297.143 314.805 1
297.662 314.805 1
298.182 314.805 1
298.701 314.805 1
299.221 314.805 1
299.74 314.805 1
300.26 314.805 1
300.779 314.805 1
301.299 314.805 1
301.818 314.805 1
302.338 314.805 1
302.857 314.805 1
303.377 314.805 1
303.896 314.805 1
304.416 314.805 1
304.935 314.805 1
305.455 314.805 1
305.974 314.805 1
306.494 314.805 1
307.013 314.805 1
307.533 314.805 1
308.052 314.805 1
308.572 314.805 1
309.091 314.805 1
309.611 314.805 1
310.13 314.805 1
310.65 314.805 1
311.169 314.805 1
311.688 314.805 1
312.208 314.805 1
312.727 314.805 1
313.247 314.805 1
287.273 315.325 1
287.792 315.325 1
288.312 315.325 1
288.831 315.325 1
289.35 315.325 1
289.87 315.325 1
290.389 315.325 1
290.909 315.325 1
291.428 315.325 1
291.948 315.325 1
292.467 315.325 1
292.987 315.325 1
293.506 315.325 1
294.026 315.325 1
294.545 315.325 1
295.065 315.325 1
295.584 315.325 1
296.104 315.325 1
296.623 315.325 1
297.143 315.325 1
297.662 315.325 1
298.182 315.325 1
298.701 315.325 1
299.221 315.325 1
299.74 315.325 1
300.26 315.325 1
300.779 315.325 1
301.299 315.325 1
301.818 315.325 1
302.338 315.325 1
302.857 315.325 1
303.377 315.325 1
303.896 315.325 1
304.416 315.325 1
304.935 315.325 1
305.455 315.325 1
305.974 315.325 1
306.494 315.325 1
307.013 315.325 1
307.533 315.325 1
308.052 315.325 1
308.572 315.325 1
309.091 315.325 1
309.611 315.325 1
310.13 315.325 1
310.65 315.325 1
311.169 315.325 1
311.688 315.325 1
312.208 315.325 1
312.727 315.325 1
288.312 315.844 1
288.831 315.844 1
289.35 315.844 1
289.87 315.844 1
290.389 315.844 1
290.909 315.844 1
291.428 315.844 1
291.948 315.844 1
292.467 315.844 1
292.987 315.844 1
293.506 315.844 1
294.026 315.844 1
294.545 315.844 1
295.065 315.844 1
295.584 315.844 1
296.104 315.844 1
296.623 315.844 1
297.143 315.844 1
297.662 315.844 1
298.182 315.844 1
298.701 315.844 1
299.221 315.844 1
299.74 315.844 1
300.26 315.844 1
300.779 315.844 1
301.299 315.844 1
301.818 315.844 1
302.338 315.844 1
302.857 315.844 1
303.377 315.844 1
303.896 315.844 1
304.416 315.844 1
304.935 315.844 1
305.455 315.844 1
305.974 315.844 1
306.494 315.844 1
307.013 315.844 1
307.533 315.844 1
308.052 315.844 1
308.572 315.844 1
309.091 315.844 1
309.611 315.844 1
310.13 315.844 1
310.65 315.844 1
311.169 315.844 1
311.688 315.844 1
288.831 316.364 1
289.351 316.364 1
289.87 316.364 1
290.389 316.364 1
290.909 316.364 1
291.428 316.364 1
291.948 316.364 1
292.467 316.364 1
292.987 316.364 1
293.506 316.364 1
294.026 316.364 1
294.545 316.364 1
295.065 316.364 1
295.584 316.364 1
296.104 316.364 1
296.623 316.364 1
297.143 316.364 1
297.662 316.364 1
298.182 316.364 1
298.701 316.364 1
299.221 316.364 1
299.74 316.364 1
300.26 316.364 1
300.779 316.364 1
301.299 316.364 1
301.818 316.364 1
302.338 316.364 1
302.857 316.364 1
303.377 316.364 1
303.896 316.364 1
304.416 316.364 1
304.935 316.364 1
305.455 316.364 1
305.974 316.364 1
306.494 316.364 1
307.013 316.364 1
307.533 316.364 1
308.052 316.364 1
308.572 316.364 1
309.091 316.364 1
309.611 316.364 1
310.13 316.364 1
310.649 316.364 1
311.169 316.364 1
289.351 316.883 1
289.87 316.883 1
290.389 316.883 1
290.909 316.883 1
291.428 316.883 1
291.948 316.883 1
292.467 316.883 1
292.987 316.883 1
293.506 316.883 1
294.026 316.883 1
294.545 316.883 1
295.065 316.883 1
295.584 316.883 1
296.104 316.883 1
296.623 316.883 1
297.143 316.883 1
297.662 316.883 1
298.182 316.883 1
298.701 316.883 1
299.221 316.883 1
299.74 316.883 1
300.26 316.883 1
300.779 316.883 1
301.299 316.883 1
301.818 316.883 1
302.338 316.883 1
302.857 316.883 1
303.377 316.883 1
303.896 316.883 1
304.416 316.883 1
304.935 316.883 1
305.455 316.883 1
305.974 316.883 1
306.494 316.883 1
307.013 316.883 1
307.533 316.883 1
308.052 316.883 1
308.572 316.883 1
309.091 316.883 1
309.611 316.883 1
310.13 316.883 1
310.649 316.883 1
290.389 317.403 1
290.909 317.403 1
291.428 317.403 1
291.948 317.403 1
292.467 317.403 1
292.987 317.403 1
293.506 317.403 1
294.026 317.403 1
294.545 317.403 1
295.065 317.403 1
295.584 317.403 1
296.104 317.403 1
296.623 317.403 1
297.143 317.403 1
297.662 317.403 1
298.182 317.403 1
298.701 317.403 1
299.221 317.403 1
299.74 317.403 1
300.26 317.403 1
300.779 317.403 1
301.299 317.403 1
301.818 317.403 1
302.338 317.403 1
302.857 317.403 1
303.377 317.403 1
303.896 317.403 1
304.416 317.403 1
304.935 317.403 1
305.455 317.403 1
305.974 317.403 1
306.494 317.403 1
307.013 317.403 1
307.533 317.403 1
308.052 317.403 1
308.572 317.403 1
309.091 317.403 1
309.611 317.403 1
291.428 317.922 1
291.948 317.922 1
292.467 317.922 1
292.987 317.922 1
293.506 317.922 1
294.026 317.922 1
294.545 317.922 1
295.065 317.922 1
295.584 317.922 1
296.104 317.922 1
296.623 317.922 1
297.143 317.922 1
297.662 317.922 1
298.182 317.922 1
298.701 317.922 1
299.221 317.922 1
299.74 317.922 1
300.26 317.922 1
300.779 317.922 1
301.299 317.922 1
301.818 317.922 1
302.338 317.922 1
302.857 317.922 1
303.377 317.922 1
303.896 317.922 1
304.416 317.922 1
304.935 317.922 1
305.455 317.922 1
305.974 317.922 1
306.494 317.922 1
307.013 317.922 1
307.533 317.922 1
308.052 317.922 1
308.572 317.922 1
292.467 318.442 1
292.987 318.442 1
293.506 318.442 1
294.026 318.442 1
294.545 318.442 1
295.065 318.442 1
295.584 318.442 1
296.104 318.442 1
296.623 318.442 1
297.143 318.442 1
297.662 318.442 1
298.182 318.442 1
298.701 318.442 1
299.221 318.442 1
299.74 318.442 1
300.26 318.442 1
300.779 318.442 1
301.299 318.442 1
301.818 318.442 1
302.338 318.442 1
302.857 318.442 1
303.377 318.442 1
303.896 318.442 1
304.416 318.442 1
304.935 318.442 1
305.455 318.442 1
305.974 318.442 1
306.494 318.442 1
307.013 318.442 1
307.533 318.442 1
294.026 318.961 1
294.545 318.961 1
295.065 318.961 1
295.584 318.961 1
296.104 318.961 1
296.623 318.961 1
297.143 318.961 1
297.662 318.961 1
298.182 318.961 1
298.701 318.961 1
299.221 318.961 1
299.74 318.961 1
300.26 318.961 1
300.779 318.961 1
301.299 318.961 1
301.818 318.961 1
302.338 318.961 1
302.857 318.961 1
303.377 318.961 1
303.896 318.961 1
304.416 318.961 1
304.935 318.961 1
305.455 318.961 1
305.974 318.961 1
295.584 319.481 1
296.104 319.481 1
296.623 319.481 1
297.143 319.481 1
297.662 319.481 1
298.182 319.481 1
298.701 319.481 1
299.221 319.481 1
299.74 319.481 1
300.26 319.481 1
300.779 319.481 1
301.299 319.481 1
301.818 319.481 1
302.338 319.481 1
302.857 319.481 1
303.377 319.481 1
303.896 319.481 1
304.416 319.481 1
end.
