begin.
252.761 140.335 0.562978
264.673 149.075 0.544767
271.8 140.059 0.515867
279.961 146.902 0.505385
287.767 138.959 0.492778
292.948 151.262 0.493786
300 138.533 0.495734
307.052 151.262 0.493786
312.233 138.959 0.492778
320.039 146.902 0.505385
328.2 140.059 0.515867
335.327 149.075 0.544767
347.239 140.335 0.562978
233.157 148.432 0.562062
247.446 151.263 0.508796
250.757 164.125 0.468743
259.149 166.195 0.431077
268.821 164.669 0.404059
275.34 161.546 0.38287
282.352 159.753 0.377484
287.034 163.019 0.369584
293.843 165.597 0.35859
300 161.434 0.351767
306.157 165.597 0.35859
312.966 163.019 0.369584
317.648 159.753 0.377484
324.66 161.546 0.38287
331.179 164.669 0.404059
340.851 166.195 0.431077
349.243 164.125 0.468743
352.554 151.263 0.508796
366.843 148.432 0.562062
217.271 158.541 0.574605
232.663 163.972 0.501239
239.517 172.416 0.439484
248.725 171.077 0.391918
253.748 169.297 0.344451
261.647 173.883 0.306381
268.688 174.176 0.282433
274.826 172.625 0.264813
281.33 170.514 0.252474
286.982 172.831 0.241058
294.087 177.018 0.2399
300 170.764 0.235307
305.913 177.018 0.2399
313.018 172.831 0.241058
318.67 170.514 0.252474
325.174 172.625 0.264813
331.312 174.176 0.282433
338.353 173.883 0.306381
346.252 169.297 0.344451
351.275 171.077 0.391918
360.483 172.416 0.439484
367.337 163.972 0.501239
382.729 158.541 0.574605
205.043 162.54 0.523281
226.11 178.559 0.454537
233.863 175.852 0.391041
245.176 177.075 0.333396
242.026 179.724 0.280961
251.286 181.046 0.237335
263.49 181.358 0.204868
269.112 179.609 0.185431
277.249 178.78 0.169508
282.91 181.965 0.159644
287.417 178.093 0.156386
293.223 182.779 0.155953
300 178.071 0.154249
306.777 182.779 0.155953
312.583 178.093 0.156386
317.09 181.965 0.159644
322.751 178.78 0.169508
330.888 179.609 0.185431
336.51 181.358 0.204868
348.714 181.046 0.237335
357.974 179.724 0.280961
354.824 177.075 0.333396
366.137 175.852 0.391041
373.89 178.559 0.454537
394.957 162.54 0.523281
204.202 173.892 0.497452
216.542 185.758 0.41205
224.406 185.155 0.342976
233.842 185.894 0.278665
244.542 189.706 0.229084
252.649 191.447 0.186617
250.516 185.891 0.15616
261.686 186.412 0.135878
271.672 184.463 0.121527
273.123 196.026 0.109471
278.517 187.404 0.0993506
285.875 189.783 0.0975627
294.053 189.762 0.0964978
300 188.224 0.0946898
305.947 189.762 0.0964978
314.125 189.783 0.0975627
321.483 187.404 0.0993506
326.877 196.026 0.109471
328.328 184.463 0.121527
338.314 186.412 0.135878
349.484 185.891 0.15616
347.351 191.447 0.186617
355.458 189.706 0.229084
366.158 185.894 0.278665
375.594 185.155 0.342976
383.458 185.758 0.41205
395.798 173.892 0.497452
187.074 174.511 0.569438
204.538 188.279 0.481261
210.335 192.44 0.393498
226.189 195.462 0.310426
231.224 196.22 0.254757
234.951 192.054 0.19197
241.56 196.153 0.151448
248.725 197.487 0.128609
252.524 196.296 0.113651
260.018 192.971 0.096919
262.102 198.592 0.087549
269.732 200.912 0.082033
281.518 195.64 0.0793789
290.68 198.422 0.0950487
289.334 196.336 0.0940255
300 196.073 0.0701614
310.666 196.336 0.0940255
309.32 198.422 0.0950487
318.482 195.64 0.0793789
330.268 200.912 0.082033
337.898 198.592 0.087549
339.982 192.971 0.096919
347.476 196.296 0.113651
351.275 197.487 0.128609
358.44 196.153 0.151448
365.049 192.054 0.19197
368.776 196.22 0.254757
373.811 195.462 0.310426
389.665 192.44 0.393498
395.462 188.279 0.481261
412.926 174.511 0.569438
174.511 187.074 0.569438
199.186 199.186 0.478371
206.837 201.675 0.388068
222.498 203.425 0.308254
214.229 198.238 0.225427
232.034 201.455 0.190321
231.674 202.213 0.149205
243.268 205.926 0.105214
251.933 203.695 0.0941375
258.223 204.633 0.0812784
260.535 212.28 0.0723364
266.365 191.232 0.0676778
274.874 205.09 0.069785
280.964 205.619 0.0660984
287.725 206.424 0.0721163
293.179 205.395 0.0640745
300 203.664 0.0729095
306.821 205.395 0.0640745
312.275 206.424 0.0721163
319.036 205.619 0.0660984
325.126 205.09 0.069785
333.635 191.232 0.0676778
339.465 212.28 0.0723364
341.777 204.633 0.0812784
348.067 203.695 0.0941375
356.732 205.926 0.105214
368.326 202.213 0.149205
367.966 201.455 0.190321
385.771 198.238 0.225427
377.502 203.425 0.308254
393.163 201.675 0.388068
400.814 199.186 0.478371
425.489 187.074 0.569438
188.279 204.538 0.481261
201.675 206.837 0.388068
214.839 214.839 0.314871
213.921 205.44 0.212483
220.033 204.85 0.170568
226.097 208.66 0.115472
233.429 208.036 0.0980228
238.271 200.014 0.0903557
248.5 209.945 0.0731465
255.041 209.948 0.0667066
264.929 204.148 0.0719512
265.485 216.388 0.06619
270.723 210.573 0.0637142
276.888 212.369 0.0736564
289.508 213.39 0.0737509
294.75 215.883 0.0689877
300 209.778 0.0643259
305.25 215.883 0.0689877
310.492 213.39 0.0737509
323.112 212.369 0.0736564
329.277 210.573 0.0637142
334.515 216.388 0.06619
335.071 204.148 0.0719512
344.959 209.948 0.0667066
351.5 209.945 0.0731465
361.729 200.014 0.0903557
366.571 208.036 0.0980228
373.903 208.66 0.115472
379.967 204.85 0.170568
386.079 205.44 0.212483
385.161 214.839 0.314871
398.325 206.837 0.388068
411.721 204.538 0.481261
173.892 204.202 0.497452
192.44 210.335 0.393498
203.425 222.498 0.308254
205.44 213.921 0.212483
213.798 213.798 0.169632
222.29 214.071 0.113253
229.523 216.573 0.0903009
235.05 217.219 0.0891896
238.674 211.706 0.0723362
250.169 218.521 0.0726865
256.559 216.371 0.0802077
267.958 222.19 0.0676355
272.516 221.569 0.0674374
278.643 216.674 0.0695798
285.363 214.03 0.0716823
288.573 224.976 0.0622521
290.721 218.54 0.0686983
300 221.79 0.0578232
309.279 218.54 0.0686983
311.427 224.976 0.0622521
314.637 214.03 0.0716823
321.357 216.674 0.0695798
327.484 221.569 0.0674374
332.042 222.19 0.0676355
343.441 216.371 0.0802077
349.831 218.521 0.0726865
361.326 211.706 0.0723362
364.95 217.219 0.0891896
370.477 216.573 0.0903009
377.71 214.071 0.113253
386.202 213.798 0.169632
394.56 213.921 0.212483
396.575 222.498 0.308254
407.56 210.335 0.393498
426.108 204.202 0.497452
162.54 205.043 0.523281
185.758 216.542 0.41205
195.462 226.189 0.310426
198.238 214.229 0.225427
204.85 220.033 0.170568
214.071 222.29 0.113253
222.945 222.945 0.090474
232.697 221.921 0.0805638
239.53 218.45 0.0771562
244.946 223.233 0.069299
247.399 231.288 0.0624415
256.055 218.806 0.0760528
261.332 223.973 0.057101
266.585 228.176 0.0564428
276.283 225.319 0.0662933
282.172 220.406 0.0683979
283.132 227.086 0.0626986
297.072 227.919 0.0621914
300 233.775 0.0797913
302.928 227.919 0.0621914
316.868 227.086 0.0626986
317.828 220.406 0.0683979
323.717 225.319 0.0662933
333.415 228.176 0.0564428
338.668 223.973 0.057101
343.945 218.806 0.0760528
352.601 231.288 0.0624415
355.054 223.233 0.069299
360.47 218.45 0.0771562
367.303 221.921 0.0805638
377.055 222.945 0.090474
385.929 222.29 0.113253
395.15 220.033 0.170568
401.762 214.229 0.225427
404.538 226.189 0.310426
414.242 216.542 0.41205
437.46 205.043 0.523281
158.541 217.271 0.574605
178.559 226.11 0.454537
185.155 224.406 0.342976
196.22 231.224 0.254757
201.455 232.034 0.190321
208.66 226.097 0.115472
216.573 229.523 0.0903009
221.921 232.697 0.0805638
228.636 228.636 0.0647989
236.374 227.169 0.0631923
242.024 229.935 0.0609777
251.259 237.012 0.0719397
252.734 226.187 0.0572633
258.24 231.717 0.0726817
271.607 232.434 0.056897
279.009 229.971 0.0721501
278.836 235.037 0.0636866
287.577 236.67 0.0587184
289.972 230.087 0.0641844
300 232.779 0.0828251
310.028 230.087 0.0641844
312.423 236.67 0.0587184
321.164 235.037 0.0636866
320.991 229.971 0.0721501
328.393 232.434 0.056897
341.76 231.717 0.0726817
347.266 226.187 0.0572633
348.741 237.012 0.0719397
357.976 229.935 0.0609777
363.626 227.169 0.0631923
371.364 228.636 0.0647989
378.079 232.697 0.0805638
383.427 229.523 0.0903009
391.34 226.097 0.115472
398.545 232.034 0.190321
403.78 231.224 0.254757
414.845 224.406 0.342976
421.441 226.11 0.454537
441.459 217.271 0.574605
163.972 232.663 0.501239
175.852 233.863 0.391041
185.894 233.842 0.278665
192.054 234.951 0.19197
202.213 231.674 0.149205
208.036 233.429 0.0980228
217.219 235.05 0.0891896
218.45 239.53 0.0771562
227.169 236.374 0.0631923
237.217 237.217 0.0607581
245.266 237.396 0.0589212
255.434 234.554 0.0700395
261.292 240.791 0.0654779
267.464 238.782 0.0636587
263.094 234.221 0.0567832
272.172 238.42 0.067147
283.099 245.654 0.0728719
294.931 237.171 0.0726121
293.551 235.824 0.0750494
300 245.541 0.0849688
306.449 235.824 0.0750494
305.069 237.171 0.0726121
316.901 245.654 0.0728719
327.828 238.42 0.067147
336.906 234.221 0.0567832
332.536 238.782 0.0636587
338.708 240.791 0.0654779
344.566 234.554 0.0700395
354.734 237.396 0.0589212
362.783 237.217 0.0607581
372.831 236.374 0.0631923
381.55 239.53 0.0771562
382.781 235.05 0.0891896
391.964 233.429 0.0980228
397.787 231.674 0.149205
407.946 234.951 0.19197
414.106 233.842 0.278665
424.148 233.863 0.391041
436.028 232.663 0.501239
148.432 233.157 0.562062
172.416 239.517 0.439484
177.075 245.176 0.333396
189.706 244.542 0.229084
196.153 241.56 0.151448
205.926 243.268 0.105214
200.014 238.271 0.0903557
211.706 238.674 0.0723362
223.233 244.946 0.069299
229.935 242.024 0.0609777
237.396 245.266 0.0589212
245.355 245.355 0.0665663
250.444 242.848 0.075538
254.341 245.474 0.0672344
266.255 244.667 0.0747062
267.237 247.214 0.0693325
276.324 245.382 0.063762
282.569 239.507 0.0666802
285.344 243.147 0.070856
293.986 250.955 0.0606145
300 243.485 0.0721835
306.014 250.955 0.0606145
314.656 243.147 0.070856
317.431 239.507 0.0666802
323.676 245.382 0.063762
332.763 247.214 0.0693325
333.745 244.667 0.0747062
345.659 245.474 0.0672344
349.556 242.848 0.075538
354.645 245.355 0.0665663
362.604 245.266 0.0589212
370.065 242.024 0.0609777
376.767 244.946 0.069299
388.294 238.674 0.0723362
399.986 238.271 0.0903557
394.074 243.268 0.105214
403.847 241.56 0.151448
410.294 244.542 0.229084
422.925 245.176 0.333396
427.584 239.517 0.439484
451.568 233.157 0.562062
151.263 247.446 0.508796
171.077 248.725 0.391918
179.724 242.026 0.280961
191.447 252.649 0.186617
197.487 248.725 0.128609
203.695 251.933 0.0941375
209.945 248.5 0.0731465
218.521 250.169 0.0726865
231.288 247.399 0.0624415
237.012 251.259 0.0719397
234.554 255.434 0.0700395
242.848 250.444 0.075538
249.224 249.224 0.0676323
256.645 250.833 0.0663475
261.292 252.239 0.0661834
265.43 253.519 0.0676587
274.566 252.482 0.0731966
282.001 253.536 0.0790447
286.93 250.485 0.0620768
298.843 249.782 0.0918097
300 252.718 0.0815651
301.157 249.782 0.0918097
313.07 250.485 0.0620768
317.999 253.536 0.0790447
325.434 252.482 0.0731966
334.57 253.519 0.0676587
338.708 252.239 0.0661834
343.355 250.833 0.0663475
350.776 249.224 0.0676323
357.152 250.444 0.075538
365.446 255.434 0.0700395
362.988 251.259 0.0719397
368.712 247.399 0.0624415
381.479 250.169 0.0726865
390.055 248.5 0.0731465
396.305 251.933 0.0941375
402.513 248.725 0.128609
408.553 252.649 0.186617
420.276 242.026 0.280961
428.923 248.725 0.391918
448.737 247.446 0.508796
164.125 250.757 0.468743
169.297 253.748 0.344451
181.046 251.286 0.237335
185.891 250.516 0.15616
196.296 252.524 0.113651
204.633 258.223 0.0812784
209.948 255.041 0.0667066
216.371 256.559 0.0802077
218.806 256.055 0.0760528
226.187 252.734 0.0572633
240.791 261.292 0.0654779
245.474 254.341 0.0672344
250.833 256.645 0.0663475
257.287 257.287 0.0583153
269.125 260.513 0.06236
270.184 253.533 0.0699037
279.658 262.42 0.0534855
279.812 252.316 0.0754159
292.149 256.936 0.0699211
294.13 256.374 0.0733953
300 258.195 0.0625414
305.87 256.374 0.0733953
307.851 256.936 0.0699211
320.188 252.316 0.0754159
320.342 262.42 0.0534855
329.816 253.533 0.0699037
330.875 260.513 0.06236
342.713 257.287 0.0583153
349.167 256.645 0.0663475
354.526 254.341 0.0672344
359.209 261.292 0.0654779
373.813 252.734 0.0572633
381.194 256.055 0.0760528
383.629 256.559 0.0802077
390.052 255.041 0.0667066
395.367 258.223 0.0812784
403.704 252.524 0.113651
414.109 250.516 0.15616
418.954 251.286 0.237335
430.703 253.748 0.344451
435.875 250.757 0.468743
140.335 252.761 0.562978
166.195 259.149 0.431077
173.883 261.647 0.306381
181.358 263.49 0.204868
186.412 261.686 0.135878
192.971 260.018 0.096919
212.28 260.535 0.0723364
204.148 264.929 0.0719512
222.19 267.958 0.0676355
223.973 261.332 0.057101
231.717 258.24 0.0726817
238.782 267.464 0.0636587
244.667 266.255 0.0747062
252.239 261.292 0.0661834
260.513 269.125 0.06236
261.677 261.677 0.057247
273.964 265.93 0.0526809
274.526 258.088 0.0638863
284.503 256.493 0.0662519
286.41 264.26 0.0562838
292.389 263.419 0.0572132
300 268.863 0.0635819
307.611 263.419 0.0572132
313.59 264.26 0.0562838
315.497 256.493 0.0662519
325.474 258.088 0.0638863
326.036 265.93 0.0526809
338.323 261.677 0.057247
339.487 269.125 0.06236
347.761 261.292 0.0661834
355.333 266.255 0.0747062
361.218 267.464 0.0636587
368.283 258.24 0.0726817
376.027 261.332 0.057101
377.81 267.958 0.0676355
395.852 264.929 0.0719512
387.72 260.535 0.0723364
407.029 260.018 0.096919
413.588 261.686 0.135878
418.642 263.49 0.204868
426.117 261.647 0.306381
433.805 259.149 0.431077
459.665 252.761 0.562978
149.075 264.673 0.544767
164.669 268.821 0.404059
174.176 268.688 0.282433
179.609 269.112 0.185431
184.463 271.672 0.121527
198.592 262.102 0.087549
191.232 266.365 0.0676778
216.388 265.485 0.06619
221.569 272.516 0.0674374
228.176 266.585 0.0564428
232.434 271.607 0.056897
234.221 263.094 0.0567832
247.214 267.237 0.0693325
253.519 265.43 0.0676587
253.533 270.184 0.0699037
265.93 273.964 0.0526809
265.773 265.773 0.058795
276.151 271.973 0.0588103
281.597 268.861 0.0604408
288.091 269.941 0.0654155
293.331 270.66 0.0622239
300 277.062 0.0823709
306.669 270.66 0.0622239
311.909 269.941 0.0654155
318.403 268.861 0.0604408
323.849 271.973 0.0588103
334.227 265.773 0.058795
334.07 273.964 0.0526809
346.467 270.184 0.0699037
346.481 265.43 0.0676587
352.786 267.237 0.0693325
365.779 263.094 0.0567832
367.566 271.607 0.056897
371.824 266.585 0.0564428
378.431 272.516 0.0674374
383.612 265.485 0.06619
408.768 266.365 0.0676778
401.408 262.102 0.087549
415.537 271.672 0.121527
420.391 269.112 0.185431
425.824 268.688 0.282433
435.331 268.821 0.404059
450.925 264.673 0.544767
140.059 271.8 0.515867
161.546 275.34 0.38287
172.625 274.826 0.264813
178.78 277.249 0.169508
196.026 273.123 0.109471
200.912 269.732 0.082033
205.09 274.874 0.069785
210.573 270.723 0.0637142
216.674 278.643 0.0695798
225.319 276.283 0.0662933
229.971 279.009 0.0721501
238.42 272.172 0.067147
245.382 276.324 0.063762
252.482 274.566 0.0731966
262.42 279.658 0.0534855
258.088 274.526 0.0638863
271.973 276.151 0.0588103
279.034 279.034 0.062211
286.803 276.307 0.0639088
291.614 279.677 0.0697184
288.905 281.098 0.08123
300 273.013 0.0743767
311.095 281.098 0.08123
308.386 279.677 0.0697184
313.197 276.307 0.0639088
320.966 279.034 0.062211
328.027 276.151 0.0588103
341.912 274.526 0.0638863
337.58 279.658 0.0534855
347.518 274.566 0.0731966
354.618 276.324 0.063762
361.58 272.172 0.067147
370.029 279.009 0.0721501
374.681 276.283 0.0662933
383.326 278.643 0.0695798
389.427 270.723 0.0637142
394.91 274.874 0.069785
399.088 269.732 0.082033
403.974 273.123 0.109471
421.22 277.249 0.169508
427.375 274.826 0.264813
438.454 275.34 0.38287
459.941 271.8 0.515867
146.902 279.961 0.505385
159.753 282.352 0.377484
170.514 281.33 0.252474
181.965 282.91 0.159644
187.404 278.517 0.0993506
195.64 281.518 0.0793789
205.619 280.964 0.0660984
212.369 276.888 0.0736564
214.03 285.363 0.0716823
220.406 282.172 0.0683979
235.037 278.836 0.0636866
245.654 283.099 0.0728719
239.507 282.569 0.0666802
253.536 282.001 0.0790447
252.316 279.812 0.0754159
256.493 284.503 0.0662519
268.861 281.597 0.0604408
276.307 286.803 0.0639088
283.457 283.457 0.0960489
283.26 282.117 0.0929921
296.9 278.819 0.0774292
300 284.731 0.0642738
303.1 278.819 0.0774292
316.74 282.117 0.0929921
316.543 283.457 0.0960489
323.693 286.803 0.0639088
331.139 281.597 0.0604408
343.507 284.503 0.0662519
347.684 279.812 0.0754159
346.464 282.001 0.0790447
360.493 282.569 0.0666802
354.346 283.099 0.0728719
364.963 278.836 0.0636866
379.594 282.172 0.0683979
385.97 285.363 0.0716823
387.631 276.888 0.0736564
394.381 280.964 0.0660984
404.36 281.518 0.0793789
412.596 278.517 0.0993506
418.035 282.91 0.159644
429.486 281.33 0.252474
440.247 282.352 0.377484
453.098 279.961 0.505385
138.959 287.767 0.492778
163.019 287.034 0.369584
172.831 286.982 0.241058
178.093 287.417 0.156386
189.783 285.875 0.0975627
198.422 290.68 0.0950487
206.424 287.725 0.0721163
213.39 289.508 0.0737509
224.976 288.573 0.0622521
227.086 283.132 0.0626986
236.67 287.577 0.0587184
237.171 294.931 0.0726121
243.147 285.344 0.070856
250.485 286.93 0.0620768
256.936 292.149 0.0699211
264.26 286.41 0.0562838
269.941 288.091 0.0654155
279.677 291.614 0.0697184
282.117 283.26 0.0929921
289.96 289.96 0.0806299
292.918 286.687 0.0814742
300 296.703 0.0802125
307.082 286.687 0.0814742
310.04 289.96 0.0806299
317.883 283.26 0.0929921
320.323 291.614 0.0697184
330.059 288.091 0.0654155
335.74 286.41 0.0562838
343.064 292.149 0.0699211
349.515 286.93 0.0620768
356.853 285.344 0.070856
362.829 294.931 0.0726121
363.33 287.577 0.0587184
372.914 283.132 0.0626986
375.024 288.573 0.0622521
386.61 289.508 0.0737509
393.576 287.725 0.0721163
401.578 290.68 0.0950487
410.217 285.875 0.0975627
421.907 287.417 0.156386
427.169 286.982 0.241058
436.981 287.034 0.369584
461.041 287.767 0.492778
151.262 292.948 0.493786
165.597 293.843 0.35859
177.018 294.087 0.2399
182.779 293.223 0.155953
189.762 294.053 0.0964978
196.336 289.334 0.0940255
205.395 293.179 0.0640745
215.883 294.75 0.0689877
218.54 290.721 0.0686983
227.919 297.072 0.0621914
230.087 289.972 0.0641844
235.824 293.551 0.0750494
250.955 293.986 0.0606145
249.782 298.843 0.0918097
256.374 294.13 0.0733953
263.419 292.389 0.0572132
270.66 293.331 0.0622239
281.098 288.905 0.08123
278.819 296.9 0.0774292
286.687 292.918 0.0814742
294.08 294.08 0.0722199
300 309.741 0.073396
305.92 294.08 0.0722199
313.313 292.918 0.0814742
321.181 296.9 0.0774292
318.902 288.905 0.08123
329.34 293.331 0.0622239
336.581 292.389 0.0572132
343.626 294.13 0.0733953
350.218 298.843 0.0918097
349.045 293.986 0.0606145
364.176 293.551 0.0750494
369.913 289.972 0.0641844
372.081 297.072 0.0621914
381.46 290.721 0.0686983
384.117 294.75 0.0689877
394.605 293.179 0.0640745
403.664 289.334 0.0940255
410.238 294.053 0.0964978
417.221 293.223 0.155953
422.982 294.087 0.2399
434.403 293.843 0.35859
448.738 292.948 0.493786
138.533 300 0.495734
161.434 300 0.351767
170.764 300 0.235307
178.071 300 0.154249
188.224 300 0.0946898
196.073 300 0.0701614
203.664 300 0.0729095
209.778 300 0.0643259
221.79 300 0.0578232
233.775 300 0.0797913
232.779 300 0.0828251
245.541 300 0.0849688
243.485 300 0.0721835
252.718 300 0.0815651
258.195 300 0.0625414
268.863 300 0.0635819
277.062 300 0.0823709
273.013 300 0.0743767
284.731 300 0.0642738
296.703 300 0.0802125
309.741 300 0.073396
300 300 0.0900574
290.259 300 0.073396
303.297 300 0.0802125
315.269 300 0.0642738
326.987 300 0.0743767
322.938 300 0.0823709
331.137 300 0.0635819
341.805 300 0.0625414
347.282 300 0.0815651
356.515 300 0.0721835
354.459 300 0.0849688
367.221 300 0.0828251
366.225 300 0.0797913
378.21 300 0.0578232
390.222 300 0.0643259
396.336 300 0.0729095
403.927 300 0.0701614
411.776 300 0.0946898
421.929 300 0.154249
429.236 300 0.235307
438.566 300 0.351767
461.467 300 0.495734
151.262 307.052 0.493786
165.597 306.157 0.35859
177.018 305.913 0.2399
182.779 306.777 0.155953
189.762 305.947 0.0964978
196.336 310.666 0.0940255
205.395 306.821 0.0640745
215.883 305.25 0.0689877
218.54 309.279 0.0686983
227.919 302.928 0.0621914
230.087 310.028 0.0641844
235.824 306.449 0.0750494
250.955 306.014 0.0606145
249.782 301.157 0.0918097
256.374 305.87 0.0733953
263.419 307.611 0.0572132
270.66 306.669 0.0622239
281.098 311.095 0.08123
278.819 303.1 0.0774292
286.687 307.082 0.0814742
294.08 305.92 0.0722199
300 290.259 0.073396
305.92 305.92 0.0722199
313.313 307.082 0.0814742
321.181 303.1 0.0774292
318.902 311.095 0.08123
329.34 306.669 0.0622239
336.581 307.611 0.0572132
343.626 305.87 0.0733953
350.218 301.157 0.0918097
349.045 306.014 0.0606145
364.176 306.449 0.0750494
369.913 310.028 0.0641844
372.081 302.928 0.0621914
381.46 309.279 0.0686983
384.117 305.25 0.0689877
394.605 306.821 0.0640745
403.664 310.666 0.0940255
410.238 305.947 0.0964978
417.221 306.777 0.155953
422.982 305.913 0.2399
434.403 306.157 0.35859
448.738 307.052 0.493786
138.959 312.233 0.492778
163.019 312.966 0.369584
172.831 313.018 0.241058
178.093 312.583 0.156386
189.783 314.125 0.0975627
198.422 309.32 0.0950487
206.424 312.275 0.0721163
213.39 310.492 0.0737509
224.976 311.427 0.0622521
227.086 316.868 0.0626986
236.67 312.423 0.0587184
237.171 305.069 0.0726121
243.147 314.656 0.070856
250.485 313.07 0.0620768
256.936 307.851 0.0699211
264.26 313.59 0.0562838
269.941 311.909 0.0654155
279.677 308.386 0.0697184
282.117 316.74 0.0929921
289.96 310.04 0.0806299
292.918 313.313 0.0814742
300 303.297 0.0802125
307.082 313.313 0.0814742
310.04 310.04 0.0806299
317.883 316.74 0.0929921
320.323 308.386 0.0697184
330.059 311.909 0.0654155
335.74 313.59 0.0562838
343.064 307.851 0.0699211
349.515 313.07 0.0620768
356.853 314.656 0.070856
362.829 305.069 0.0726121
363.33 312.423 0.0587184
372.914 316.868 0.0626986
375.024 311.427 0.0622521
386.61 310.492 0.0737509
393.576 312.275 0.0721163
401.578 309.32 0.0950487
410.217 314.125 0.0975627
421.907 312.583 0.156386
427.169 313.018 0.241058
436.981 312.966 0.369584
461.041 312.233 0.492778
146.902 320.039 0.505385
159.753 317.648 0.377484
170.514 318.67 0.252474
181.965 317.09 0.159644
187.404 321.483 0.0993506
195.64 318.482 0.0793789
205.619 319.036 0.0660984
212.369 323.112 0.0736564
214.03 314.637 0.0716823
220.406 317.828 0.0683979
235.037 321.164 0.0636866
245.654 316.901 0.0728719
239.507 317.431 0.0666802
253.536 317.999 0.0790447
252.316 320.188 0.0754159
256.493 315.497 0.0662519
268.861 318.403 0.0604408
276.307 313.197 0.0639088
283.457 316.543 0.0960489
283.26 317.883 0.0929921
296.9 321.181 0.0774292
300 315.269 0.0642738
303.1 321.181 0.0774292
316.74 317.883 0.0929921
316.543 316.543 0.0960489
323.693 313.197 0.0639088
331.139 318.403 0.0604408
343.507 315.497 0.0662519
347.684 320.188 0.0754159
346.464 317.999 0.0790447
360.493 317.431 0.0666802
354.346 316.901 0.0728719
364.963 321.164 0.0636866
379.594 317.828 0.0683979
385.97 314.637 0.0716823
387.631 323.112 0.0736564
394.381 319.036 0.0660984
404.36 318.482 0.0793789
412.596 321.483 0.0993506
418.035 317.09 0.159644
429.486 318.67 0.252474
440.247 317.648 0.377484
453.098 320.039 0.505385
140.059 328.2 0.515867
161.546 324.66 0.38287
172.625 325.174 0.264813
178.78 322.751 0.169508
196.026 326.877 0.109471
200.912 330.268 0.082033
205.09 325.126 0.069785
210.573 329.277 0.0637142
216.674 321.357 0.0695798
225.319 323.717 0.0662933
229.971 320.991 0.0721501
238.42 327.828 0.067147
245.382 323.676 0.063762
252.482 325.434 0.0731966
262.42 320.342 0.0534855
258.088 325.474 0.0638863
271.973 323.849 0.0588103
279.034 320.966 0.062211
286.803 323.693 0.0639088
291.614 320.323 0.0697184
288.905 318.902 0.08123
300 326.987 0.0743767
311.095 318.902 0.08123
308.386 320.323 0.0697184
313.197 323.693 0.0639088
320.966 320.966 0.062211
328.027 323.849 0.0588103
341.912 325.474 0.0638863
337.58 320.342 0.0534855
347.518 325.434 0.0731966
354.618 323.676 0.063762
361.58 327.828 0.067147
370.029 320.991 0.0721501
374.681 323.717 0.0662933
383.326 321.357 0.0695798
389.427 329.277 0.0637142
394.91 325.126 0.069785
399.088 330.268 0.082033
403.974 326.877 0.109471
421.22 322.751 0.169508
427.375 325.174 0.264813
438.454 324.66 0.38287
459.941 328.2 0.515867
149.075 335.327 0.544767
164.669 331.179 0.404059
174.176 331.312 0.282433
179.609 330.888 0.185431
184.463 328.328 0.121527
198.592 337.898 0.087549
191.232 333.635 0.0676778
216.388 334.515 0.06619
221.569 327.484 0.0674374
228.176 333.415 0.0564428
232.434 328.393 0.056897
234.221 336.906 0.0567832
247.214 332.763 0.0693325
253.519 334.57 0.0676587
253.533 329.816 0.0699037
265.93 326.036 0.0526809
265.773 334.227 0.058795
276.151 328.027 0.0588103
281.597 331.139 0.0604408
288.091 330.059 0.0654155
293.331 329.34 0.0622239
300 322.938 0.0823709
306.669 329.34 0.0622239
311.909 330.059 0.0654155
318.403 331.139 0.0604408
323.849 328.027 0.0588103
334.227 334.227 0.058795
334.07 326.036 0.0526809
346.467 329.816 0.0699037
346.481 334.57 0.0676587
352.786 332.763 0.0693325
365.779 336.906 0.0567832
367.566 328.393 0.056897
371.824 333.415 0.0564428
378.431 327.484 0.0674374
383.612 334.515 0.06619
408.768 333.635 0.0676778
401.408 337.898 0.087549
415.537 328.328 0.121527
420.391 330.888 0.185431
425.824 331.312 0.282433
435.331 331.179 0.404059
450.925 335.327 0.544767
140.335 347.239 0.562978
166.195 340.851 0.431077
173.883 338.353 0.306381
181.358 336.51 0.204868
186.412 338.314 0.135878
192.971 339.982 0.096919
212.28 339.465 0.0723364
204.148 335.071 0.0719512
222.19 332.042 0.0676355
223.973 338.668 0.057101
231.717 341.76 0.0726817
238.782 332.536 0.0636587
244.667 333.745 0.0747062
252.239 338.708 0.0661834
260.513 330.875 0.06236
261.677 338.323 0.057247
273.964 334.07 0.0526809
274.526 341.912 0.0638863
284.503 343.507 0.0662519
286.41 335.74 0.0562838
292.389 336.581 0.0572132
300 331.137 0.0635819
307.611 336.581 0.0572132
313.59 335.74 0.0562838
315.497 343.507 0.0662519
325.474 341.912 0.0638863
326.036 334.07 0.0526809
338.323 338.323 0.057247
339.487 330.875 0.06236
347.761 338.708 0.0661834
355.333 333.745 0.0747062
361.218 332.536 0.0636587
368.283 341.76 0.0726817
376.027 338.668 0.057101
377.81 332.042 0.0676355
395.852 335.071 0.0719512
387.72 339.465 0.0723364
407.029 339.982 0.096919
413.588 338.314 0.135878
418.642 336.51 0.204868
426.117 338.353 0.306381
433.805 340.851 0.431077
459.665 347.239 0.562978
164.125 349.243 0.468743
169.297 346.252 0.344451
181.046 348.714 0.237335
185.891 349.484 0.15616
196.296 347.476 0.113651
204.633 341.777 0.0812784
209.948 344.959 0.0667066
216.371 343.441 0.0802077
218.806 343.945 0.0760528
226.187 347.266 0.0572633
240.791 338.708 0.0654779
245.474 345.659 0.0672344
250.833 343.355 0.0663475
257.287 342.713 0.0583153
269.125 339.487 0.06236
270.184 346.467 0.0699037
279.658 337.58 0.0534855
279.812 347.684 0.0754159
292.149 343.064 0.0699211
294.13 343.626 0.0733953
300 341.805 0.0625414
305.87 343.626 0.0733953
307.851 343.064 0.0699211
320.188 347.684 0.0754159
320.342 337.58 0.0534855
329.816 346.467 0.0699037
330.875 339.487 0.06236
342.713 342.713 0.0583153
349.167 343.355 0.0663475
354.526 345.659 0.0672344
359.209 338.708 0.0654779
373.813 347.266 0.0572633
381.194 343.945 0.0760528
383.629 343.441 0.0802077
390.052 344.959 0.0667066
395.367 341.777 0.0812784
403.704 347.476 0.113651
414.109 349.484 0.15616
418.954 348.714 0.237335
430.703 346.252 0.344451
435.875 349.243 0.468743
151.263 352.554 0.508796
171.077 351.275 0.391918
179.724 357.974 0.280961
191.447 347.351 0.186617
197.487 351.275 0.128609
203.695 348.067 0.0941375
209.945 351.5 0.0731465
218.521 349.831 0.0726865
231.288 352.601 0.0624415
237.012 348.741 0.0719397
234.554 344.566 0.0700395
242.848 349.556 0.075538
249.224 350.776 0.0676323
256.645 349.167 0.0663475
261.292 347.761 0.0661834
265.43 346.481 0.0676587
274.566 347.518 0.0731966
282.001 346.464 0.0790447
286.93 349.515 0.0620768
298.843 350.218 0.0918097
300 347.282 0.0815651
301.157 350.218 0.0918097
313.07 349.515 0.0620768
317.999 346.464 0.0790447
325.434 347.518 0.0731966
334.57 346.481 0.0676587
338.708 347.761 0.0661834
343.355 349.167 0.0663475
350.776 350.776 0.0676323
357.152 349.556 0.075538
365.446 344.566 0.0700395
362.988 348.741 0.0719397
368.712 352.601 0.0624415
381.479 349.831 0.0726865
390.055 351.5 0.0731465
396.305 348.067 0.0941375
402.513 351.275 0.128609
408.553 347.351 0.186617
420.276 357.974 0.280961
428.923 351.275 0.391918
448.737 352.554 0.508796
148.432 366.843 0.562062
172.416 360.483 0.439484
177.075 354.824 0.333396
189.706 355.458 0.229084
196.153 358.44 0.151448
205.926 356.732 0.105214
200.014 361.729 0.0903557
211.706 361.326 0.0723362
223.233 355.054 0.069299
229.935 357.976 0.0609777
237.396 354.734 0.0589212
245.355 354.645 0.0665663
250.444 357.152 0.075538
254.341 354.526 0.0672344
266.255 355.333 0.0747062
267.237 352.786 0.0693325
276.324 354.618 0.063762
282.569 360.493 0.0666802
285.344 356.853 0.070856
293.986 349.045 0.0606145
300 356.515 0.0721835
306.014 349.045 0.0606145
314.656 356.853 0.070856
317.431 360.493 0.0666802
323.676 354.618 0.063762
332.763 352.786 0.0693325
333.745 355.333 0.0747062
345.659 354.526 0.0672344
349.556 357.152 0.075538
354.645 354.645 0.0665663
362.604 354.734 0.0589212
370.065 357.976 0.0609777
376.767 355.054 0.069299
388.294 361.326 0.0723362
399.986 361.729 0.0903557
394.074 356.732 0.105214
403.847 358.44 0.151448
410.294 355.458 0.229084
422.925 354.824 0.333396
427.584 360.483 0.439484
451.568 366.843 0.562062
163.972 367.337 0.501239
175.852 366.137 0.391041
185.894 366.158 0.278665
192.054 365.049 0.19197
202.213 368.326 0.149205
208.036 366.571 0.0980228
217.219 364.95 0.0891896
218.45 360.47 0.0771562
227.169 363.626 0.0631923
237.217 362.783 0.0607581
245.266 362.604 0.0589212
255.434 365.446 0.0700395
261.292 359.209 0.0654779
267.464 361.218 0.0636587
263.094 365.779 0.0567832
272.172 361.58 0.067147
283.099 354.346 0.0728719
294.931 362.829 0.0726121
293.551 364.176 0.0750494
300 354.459 0.0849688
306.449 364.176 0.0750494
305.069 362.829 0.0726121
316.901 354.346 0.0728719
327.828 361.58 0.067147
336.906 365.779 0.0567832
332.536 361.218 0.0636587
338.708 359.209 0.0654779
344.566 365.446 0.0700395
354.734 362.604 0.0589212
362.783 362.783 0.0607581
372.831 363.626 0.0631923
381.55 360.47 0.0771562
382.781 364.95 0.0891896
391.964 366.571 0.0980228
397.787 368.326 0.149205
407.946 365.049 0.19197
414.106 366.158 0.278665
424.148 366.137 0.391041
436.028 367.337 0.501239
158.541 382.729 0.574605
178.559 373.89 0.454537
185.155 375.594 0.342976
196.22 368.776 0.254757
201.455 367.966 0.190321
208.66 373.903 0.115472
216.573 370.477 0.0903009
221.921 367.303 0.0805638
228.636 371.364 0.0647989
236.374 372.831 0.0631923
242.024 370.065 0.0609777
251.259 362.988 0.0719397
252.734 373.813 0.0572633
258.24 368.283 0.0726817
271.607 367.566 0.056897
279.009 370.029 0.0721501
278.836 364.963 0.0636866
287.577 363.33 0.0587184
289.972 369.913 0.0641844
300 367.221 0.0828251
310.028 369.913 0.0641844
312.423 363.33 0.0587184
321.164 364.963 0.0636866
320.991 370.029 0.0721501
328.393 367.566 0.056897
341.76 368.283 0.0726817
347.266 373.813 0.0572633
348.741 362.988 0.0719397
357.976 370.065 0.0609777
363.626 372.831 0.0631923
371.364 371.364 0.0647989
378.079 367.303 0.0805638
383.427 370.477 0.0903009
391.34 373.903 0.115472
398.545 367.966 0.190321
403.78 368.776 0.254757
414.845 375.594 0.342976
421.441 373.89 0.454537
441.459 382.729 0.574605
162.54 394.957 0.523281
185.758 383.458 0.41205
195.462 373.811 0.310426
198.238 385.771 0.225427
204.85 379.967 0.170568
214.071 377.71 0.113253
222.945 377.055 0.090474
232.697 378.079 0.0805638
239.53 381.55 0.0771562
244.946 376.767 0.069299
247.399 368.712 0.0624415
256.055 381.194 0.0760528
261.332 376.027 0.057101
266.585 371.824 0.0564428
276.283 374.681 0.0662933
282.172 379.594 0.0683979
283.132 372.914 0.0626986
297.072 372.081 0.0621914
300 366.225 0.0797913
302.928 372.081 0.0621914
316.868 372.914 0.0626986
317.828 379.594 0.0683979
323.717 374.681 0.0662933
333.415 371.824 0.0564428
338.668 376.027 0.057101
343.945 381.194 0.0760528
352.601 368.712 0.0624415
355.054 376.767 0.069299
360.47 381.55 0.0771562
367.303 378.079 0.0805638
377.055 377.055 0.090474
385.929 377.71 0.113253
395.15 379.967 0.170568
401.762 385.771 0.225427
404.538 373.811 0.310426
414.242 383.458 0.41205
437.46 394.957 0.523281
173.892 395.798 0.497452
192.44 389.665 0.393498
203.425 377.502 0.308254
205.44 386.079 0.212483
213.798 386.202 0.169632
222.29 385.929 0.113253
229.523 383.427 0.0903009
235.05 382.781 0.0891896
238.674 388.294 0.0723362
250.169 381.479 0.0726865
256.559 383.629 0.0802077
267.958 377.81 0.0676355
272.516 378.431 0.0674374
278.643 383.326 0.0695798
285.363 385.97 0.0716823
288.573 375.024 0.0622521
290.721 381.46 0.0686983
300 378.21 0.0578232
309.279 381.46 0.0686983
311.427 375.024 0.0622521
314.637 385.97 0.0716823
321.357 383.326 0.0695798
327.484 378.431 0.0674374
332.042 377.81 0.0676355
343.441 383.629 0.0802077
349.831 381.479 0.0726865
361.326 388.294 0.0723362
364.95 382.781 0.0891896
370.477 383.427 0.0903009
377.71 385.929 0.113253
386.202 386.202 0.169632
394.56 386.079 0.212483
396.575 377.502 0.308254
407.56 389.665 0.393498
426.108 395.798 0.497452
188.279 395.462 0.481261
201.675 393.163 0.388068
214.839 385.161 0.314871
213.921 394.56 0.212483
220.033 395.15 0.170568
226.097 391.34 0.115472
233.429 391.964 0.0980228
238.271 399.986 0.0903557
248.5 390.055 0.0731465
255.041 390.052 0.0667066
264.929 395.852 0.0719512
265.485 383.612 0.06619
270.723 389.427 0.0637142
276.888 387.631 0.0736564
289.508 386.61 0.0737509
294.75 384.117 0.0689877
300 390.222 0.0643259
305.25 384.117 0.0689877
310.492 386.61 0.0737509
323.112 387.631 0.0736564
329.277 389.427 0.0637142
334.515 383.612 0.06619
335.071 395.852 0.0719512
344.959 390.052 0.0667066
351.5 390.055 0.0731465
361.729 399.986 0.0903557
366.571 391.964 0.0980228
373.903 391.34 0.115472
379.967 395.15 0.170568
386.079 394.56 0.212483
385.161 385.161 0.314871
398.325 393.163 0.388068
411.721 395.462 0.481261
174.511 412.926 0.569438
199.186 400.814 0.478371
206.837 398.325 0.388068
222.498 396.575 0.308254
214.229 401.762 0.225427
232.034 398.545 0.190321
231.674 397.787 0.149205
243.268 394.074 0.105214
251.933 396.305 0.0941375
258.223 395.367 0.0812784
260.535 387.72 0.0723364
266.365 408.768 0.0676778
274.874 394.91 0.069785
280.964 394.381 0.0660984
287.725 393.576 0.0721163
293.179 394.605 0.0640745
300 396.336 0.0729095
306.821 394.605 0.0640745
312.275 393.576 0.0721163
319.036 394.381 0.0660984
325.126 394.91 0.069785
333.635 408.768 0.0676778
339.465 387.72 0.0723364
341.777 395.367 0.0812784
348.067 396.305 0.0941375
356.732 394.074 0.105214
368.326 397.787 0.149205
367.966 398.545 0.190321
385.771 401.762 0.225427
377.502 396.575 0.308254
393.163 398.325 0.388068
400.814 400.814 0.478371
425.489 412.926 0.569438
187.074 425.489 0.569438
204.538 411.721 0.481261
210.335 407.56 0.393498
226.189 404.538 0.310426
231.224 403.78 0.254757
234.951 407.946 0.19197
241.56 403.847 0.151448
248.725 402.513 0.128609
252.524 403.704 0.113651
260.018 407.029 0.096919
262.102 401.408 0.087549
269.732 399.088 0.082033
281.518 404.36 0.0793789
290.68 401.578 0.0950487
289.334 403.664 0.0940255
300 403.927 0.0701614
310.666 403.664 0.0940255
309.32 401.578 0.0950487
318.482 404.36 0.0793789
330.268 399.088 0.082033
337.898 401.408 0.087549
339.982 407.029 0.096919
347.476 403.704 0.113651
351.275 402.513 0.128609
358.44 403.847 0.151448
365.049 407.946 0.19197
368.776 403.78 0.254757
373.811 404.538 0.310426
389.665 407.56 0.393498
395.462 411.721 0.481261
412.926 425.489 0.569438
204.202 426.108 0.497452
216.542 414.242 0.41205
224.406 414.845 0.342976
233.842 414.106 0.278665
244.542 410.294 0.229084
252.649 408.553 0.186617
250.516 414.109 0.15616
261.686 413.588 0.135878
271.672 415.537 0.121527
273.123 403.974 0.109471
278.517 412.596 0.0993506
285.875 410.217 0.0975627
294.053 410.238 0.0964978
300 411.776 0.0946898
305.947 410.238 0.0964978
314.125 410.217 0.0975627
321.483 412.596 0.0993506
326.877 403.974 0.109471
328.328 415.537 0.121527
338.314 413.588 0.135878
349.484 414.109 0.15616
347.351 408.553 0.186617
355.458 410.294 0.229084
366.158 414.106 0.278665
375.594 414.845 0.342976
383.458 414.242 0.41205
395.798 426.108 0.497452
205.043 437.46 0.523281
226.11 421.441 0.454537
233.863 424.148 0.391041
245.176 422.925 0.333396
242.026 420.276 0.280961
251.286 418.954 0.237335
263.49 418.642 0.204868
269.112 420.391 0.185431
277.249 421.22 0.169508
282.91 418.035 0.159644
287.417 421.907 0.156386
293.223 417.221 0.155953
300 421.929 0.154249
306.777 417.221 0.155953
312.583 421.907 0.156386
317.09 418.035 0.159644
322.751 421.22 0.169508
330.888 420.391 0.185431
336.51 418.642 0.204868
348.714 418.954 0.237335
357.974 420.276 0.280961
354.824 422.925 0.333396
366.137 424.148 0.391041
373.89 421.441 0.454537
394.957 437.46 0.523281
217.271 441.459 0.574605
232.663 436.028 0.501239
239.517 427.584 0.439484
248.725 428.923 0.391918
253.748 430.703 0.344451
261.647 426.117 0.306381
268.688 425.824 0.282433
274.826 427.375 0.264813
281.33 429.486 0.252474
286.982 427.169 0.241058
294.087 422.982 0.2399
300 429.236 0.235307
305.913 422.982 0.2399
313.018 427.169 0.241058
318.67 429.486 0.252474
325.174 427.375 0.264813
331.312 425.824 0.282433
338.353 426.117 0.306381
346.252 430.703 0.344451
351.275 428.923 0.391918
360.483 427.584 0.439484
367.337 436.028 0.501239
382.729 441.459 0.574605
233.157 451.568 0.562062
247.446 448.737 0.508796
250.757 435.875 0.468743
259.149 433.805 0.431077
268.821 435.331 0.404059
275.34 438.454 0.38287
282.352 440.247 0.377484
287.034 436.981 0.369584
293.843 434.403 0.35859
300 438.566 0.351767
306.157 434.403 0.35859
312.966 436.981 0.369584
317.648 440.247 0.377484
324.66 438.454 0.38287
331.179 435.331 0.404059
340.851 433.805 0.431077
349.243 435.875 0.468743
352.554 448.737 0.508796
366.843 451.568 0.562062
252.761 459.665 0.562978
264.673 450.925 0.544767
271.8 459.941 0.515867
279.961 453.098 0.505385
287.767 461.041 0.492778
292.948 448.738 0.493786
300 461.467 0.495734
307.052 448.738 0.493786
312.233 461.041 0.492778
320.039 453.098 0.505385
328.2 459.941 0.515867
335.327 450.925 0.544767
347.239 459.665 0.562978
end.
