begin.
230.809 70.8298 0.562978
248.156 86.2515 0.544767
257.839 69.9199 0.515867
270.405 84.0685 0.505385
283.698 67.6023 0.492778
289.417 91.3257 0.493786
300 67.0785 0.495734
310.583 91.3257 0.493786
316.302 67.6023 0.492778
329.595 84.0685 0.505385
342.161 69.9199 0.515867
351.844 86.2515 0.544767
369.191 70.8298 0.562978
202.797 82.1138 0.562062
226.548 87.0718 0.508796
228.03 106.409 0.468642
241.896 104.486 0.431182
253.042 104.581 0.404059
263.113 99.35 0.38287
275.376 93.8543 0.376819
279.488 102.611 0.368919
293.402 108.045 0.35859
300 97.3376 0.351767
306.598 108.045 0.35859
320.512 102.611 0.368919
324.624 93.8543 0.376819
336.887 99.35 0.38287
346.958 104.581 0.404059
358.104 104.486 0.431182
371.97 106.409 0.468642
373.452 87.0718 0.508796
397.203 82.1138 0.562062
181.097 96.9157 0.574605
205.516 106.397 0.501239
211.138 113.08 0.439484
220.375 112.401 0.389685
236.455 110.626 0.34147
241.563 118.56 0.307251
249.545 114.023 0.280813
264.21 113.179 0.264813
273.92 109.005 0.252757
281.412 109.827 0.239377
291.876 123.579 0.239569
300 110.78 0.235307
308.124 123.579 0.239569
318.588 109.827 0.239377
326.08 109.005 0.252757
335.79 113.179 0.264813
350.455 114.023 0.280813
358.437 118.56 0.307251
363.545 110.626 0.34147
379.625 112.401 0.389685
388.862 113.08 0.439484
394.484 106.397 0.501239
418.903 96.9157 0.574605
163.162 102.231 0.523281
194.719 123.517 0.454537
204.807 119.142 0.391041
225.165 118.911 0.327504
211.763 129.61 0.273917
230.942 122.62 0.234825
246.058 124.644 0.203972
255.021 123.621 0.182577
266.446 120.6 0.169508
279.766 128.195 0.159838
280.147 120.107 0.154615
293.815 130.4 0.155803
300 117.329 0.154249
306.185 130.4 0.155803
319.853 120.107 0.154615
320.234 128.195 0.159838
333.554 120.6 0.169508
344.979 123.621 0.182577
353.942 124.644 0.203972
369.058 122.62 0.234825
388.237 129.61 0.273917
374.835 118.911 0.327504
395.193 119.142 0.391041
405.281 123.517 0.454537
436.838 102.231 0.523281
163.348 119.071 0.497452
178.44 134.865 0.41205
191.507 135.12 0.342976
204.103 131.529 0.278965
217.491 140.332 0.229084
232.975 139.6 0.181966
224.274 132.031 0.152134
243.273 132.89 0.133742
263.426 127.556 0.120166
260.133 147.314 0.110569
266.137 135.984 0.0995944
273.918 133.669 0.0978461
294.434 138.435 0.0966794
300 131.838 0.0946898
305.566 138.435 0.0966794
326.082 133.669 0.0978461
333.863 135.984 0.0995944
339.867 147.314 0.110569
336.574 127.556 0.120166
356.727 132.89 0.133742
375.726 132.031 0.152134
367.025 139.6 0.181966
382.509 140.332 0.229084
395.897 131.529 0.278965
408.493 135.12 0.342976
421.56 134.865 0.41205
436.652 119.071 0.497452
138.332 119.114 0.569438
163.273 141.694 0.481893
169.098 145.867 0.394129
188.383 147.987 0.30714
200.662 145.379 0.248366
205.7 138.934 0.190967
214.742 146.044 0.149481
221.195 156.338 0.1233
234.18 149.085 0.104515
239.709 138.318 0.0985264
241.836 146.835 0.0899726
250.188 148.217 0.0832345
273.04 144.819 0.0793789
289.888 153.293 0.0813881
279.049 140.731 0.0799018
300 143.605 0.0701614
320.951 140.731 0.0799018
310.112 153.293 0.0813881
326.96 144.819 0.0793789
349.812 148.217 0.0832345
358.164 146.835 0.0899726
360.291 138.318 0.0985264
365.82 149.085 0.104515
378.805 156.338 0.1233
385.258 146.044 0.149481
394.3 138.934 0.190967
399.338 145.379 0.248366
411.617 147.987 0.30714
430.902 145.867 0.394129
436.727 141.694 0.481893
461.668 119.114 0.569438
119.114 138.332 0.569438
155.389 155.389 0.478371
165.735 159.986 0.388874
192.963 154.369 0.300889
173.306 153.367 0.225427
204.017 157.149 0.171232
193.41 159.19 0.137963
214.014 158.082 0.105214
234.343 156.439 0.0944724
240.586 165.17 0.0814657
245.147 169.965 0.0713855
248.665 135.845 0.0676778
263.444 154.979 0.0721188
272.294 159.594 0.066624
278.902 156.392 0.0706258
295.415 160.529 0.0641213
300 150.303 0.0729095
304.585 160.529 0.0641213
321.098 156.392 0.0706258
327.706 159.594 0.066624
336.556 154.979 0.0721188
351.335 135.845 0.0676778
354.853 169.965 0.0713855
359.414 165.17 0.0814657
365.657 156.439 0.0944724
385.986 158.082 0.105214
406.59 159.19 0.137963
395.983 157.149 0.171232
426.694 153.367 0.225427
407.037 154.369 0.300889
434.265 159.986 0.388874
444.611 155.389 0.478371
480.886 138.332 0.569438
141.694 163.273 0.481893
159.986 165.735 0.388874
179.887 179.887 0.305183
171.914 160.511 0.213891
179.41 161.164 0.158241
189.859 163.78 0.116005
200.081 164.059 0.0991967
207.13 150.111 0.0894876
221.629 165.241 0.0732207
230.091 161.353 0.0660043
247.175 159.324 0.0712384
247.131 177.6 0.0674328
253.915 160.097 0.064099
264.593 166.531 0.0719025
292.766 166.398 0.0632185
296.341 174.957 0.0651205
300 164.835 0.0643259
303.659 174.957 0.0651205
307.234 166.398 0.0632185
335.407 166.531 0.0719025
346.085 160.097 0.064099
352.869 177.6 0.0674328
352.825 159.324 0.0712384
369.909 161.353 0.0660043
378.371 165.241 0.0732207
392.87 150.111 0.0894876
399.919 164.059 0.0991967
410.141 163.78 0.116005
420.59 161.164 0.158241
428.086 160.511 0.213891
420.113 179.887 0.305183
440.014 165.735 0.388874
458.306 163.273 0.481893
119.071 163.348 0.497452
145.867 169.098 0.394129
154.369 192.963 0.300889
160.511 171.914 0.213891
167.784 167.784 0.154022
184.486 170.888 0.113253
192.614 181.035 0.0897535
201.038 173.746 0.0807031
207.529 166.491 0.073777
223.991 181.65 0.0753528
230.849 169 0.0658129
246.19 189.395 0.0617406
263.306 181.369 0.0598704
271.832 177.645 0.0630301
269.67 169.267 0.0650932
286.538 190.037 0.0650139
287.174 181.411 0.0635937
300 187.912 0.0578232
312.826 181.411 0.0635937
313.462 190.037 0.0650139
330.33 169.267 0.0650932
328.168 177.645 0.0630301
336.694 181.369 0.0598704
353.81 189.395 0.0617406
369.151 169 0.0658129
376.009 181.65 0.0753528
392.471 166.491 0.073777
398.962 173.746 0.0807031
407.386 181.035 0.0897535
415.514 170.888 0.113253
432.216 167.784 0.154022
439.489 171.914 0.213891
445.631 192.963 0.300889
454.133 169.098 0.394129
480.929 163.348 0.497452
102.231 163.162 0.523281
134.865 178.44 0.41205
147.987 188.383 0.30714
153.367 173.306 0.225427
161.164 179.41 0.158241
170.888 184.486 0.113253
183.399 183.399 0.0963949
200.143 186.264 0.0786727
219.636 177.285 0.0724162
216.752 185.616 0.069299
218.58 200.377 0.0627591
231.251 181.291 0.0635946
240.291 182.162 0.0593685
251.027 194.284 0.0570522
257.016 193.614 0.0637667
277.99 182.135 0.0676605
277.466 189.184 0.0603257
293.508 189.031 0.0613343
300 200.801 0.0727853
306.492 189.031 0.0613343
322.534 189.184 0.0603257
322.01 182.135 0.0676605
342.984 193.614 0.0637667
348.973 194.284 0.0570522
359.709 182.162 0.0593685
368.749 181.291 0.0635946
381.42 200.377 0.0627591
383.248 185.616 0.069299
380.364 177.285 0.0724162
399.857 186.264 0.0786727
416.601 183.399 0.0963949
429.112 184.486 0.113253
438.836 179.41 0.158241
446.633 173.306 0.225427
452.013 188.383 0.30714
465.135 178.44 0.41205
497.769 163.162 0.523281
96.9157 181.097 0.574605
123.517 194.719 0.454537
135.12 191.507 0.342976
145.379 200.662 0.248366
157.149 204.017 0.171232
163.78 189.859 0.116005
181.035 192.614 0.0897535
186.264 200.143 0.0786727
193.292 193.292 0.0647989
204.231 191.995 0.0642748
212.856 191.797 0.0615778
227.903 207.054 0.0664938
227.081 191.717 0.0592476
236.404 187.44 0.0659932
257.274 200.599 0.0577168
271.121 196.716 0.0644058
270.537 204.894 0.0587813
281.693 205.325 0.0586579
277.179 199.132 0.064735
300 196.528 0.0730279
322.821 199.132 0.064735
318.307 205.325 0.0586579
329.463 204.894 0.0587813
328.879 196.716 0.0644058
342.726 200.599 0.0577168
363.596 187.44 0.0659932
372.919 191.717 0.0592476
372.097 207.054 0.0664938
387.144 191.797 0.0615778
395.769 191.995 0.0642748
406.708 193.292 0.0647989
413.736 200.143 0.0786727
418.965 192.614 0.0897535
436.22 189.859 0.116005
442.851 204.017 0.171232
454.621 200.662 0.248366
464.88 191.507 0.342976
476.483 194.719 0.454537
503.084 181.097 0.574605
106.397 205.516 0.501239
119.142 204.807 0.391041
131.529 204.103 0.278965
138.934 205.7 0.190967
159.19 193.41 0.137963
164.059 200.081 0.0991967
173.746 201.038 0.0807031
177.285 219.636 0.0724162
191.995 204.231 0.0642748
199.02 199.02 0.0607581
216.815 207.23 0.0595051
238.88 204.674 0.0590009
244.771 205.615 0.0684115
254.911 210.765 0.0606248
245.806 198.701 0.0550245
260.832 205.709 0.0639754
267.73 217.767 0.0658635
293.017 208.742 0.0599914
289.58 195.088 0.0624968
300 217.146 0.0609098
310.42 195.088 0.0624968
306.983 208.742 0.0599914
332.27 217.767 0.0658635
339.168 205.709 0.0639754
354.194 198.701 0.0550245
345.089 210.765 0.0606248
355.229 205.615 0.0684115
361.12 204.674 0.0590009
383.185 207.23 0.0595051
400.98 199.02 0.0607581
408.005 204.231 0.0642748
422.715 219.636 0.0724162
426.254 201.038 0.0807031
435.941 200.081 0.0991967
440.81 193.41 0.137963
461.066 205.7 0.190967
468.471 204.103 0.278965
480.858 204.807 0.391041
493.603 205.516 0.501239
82.1138 202.797 0.562062
113.08 211.138 0.439484
118.911 225.165 0.327504
140.332 217.491 0.229084
146.044 214.742 0.149481
158.082 214.014 0.105214
150.111 207.13 0.0894876
166.491 207.529 0.073777
185.616 216.752 0.069299
191.797 212.856 0.0615778
207.23 216.815 0.0595051
211.341 211.341 0.0666652
221.963 212.592 0.0696055
231.719 218.58 0.061432
247.714 217.738 0.063801
249.496 225.079 0.0564468
260.316 213.196 0.0641997
266.215 212.183 0.0616633
286.651 217.191 0.0575129
286.677 227.775 0.0579814
300 209.833 0.0598479
313.323 227.775 0.0579814
313.349 217.191 0.0575129
333.785 212.183 0.0616633
339.684 213.196 0.0641997
350.504 225.079 0.0564468
352.286 217.738 0.063801
368.281 218.58 0.061432
378.037 212.592 0.0696055
388.659 211.341 0.0666652
392.77 216.815 0.0595051
408.203 212.856 0.0615778
414.384 216.752 0.069299
433.509 207.529 0.073777
449.889 207.13 0.0894876
441.918 214.014 0.105214
453.956 214.742 0.149481
459.668 217.491 0.229084
481.089 225.165 0.327504
486.92 211.138 0.439484
517.886 202.797 0.562062
87.0718 226.548 0.508796
112.401 220.375 0.389685
129.61 211.763 0.273917
139.6 232.975 0.181966
156.338 221.195 0.1233
156.439 234.343 0.0944724
165.241 221.629 0.0732207
181.65 223.991 0.0753528
200.377 218.58 0.0627591
207.054 227.903 0.0664938
204.674 238.88 0.0590009
212.592 221.963 0.0696055
222.72 222.72 0.068255
228.56 223.894 0.0656486
239.838 228.98 0.058318
246.401 236.629 0.0569427
259.859 219.468 0.0643555
269.941 239.219 0.0590624
280.52 224.778 0.0612301
291.708 219.938 0.0591307
300 232.017 0.0610077
308.292 219.938 0.0591307
319.48 224.778 0.0612301
330.059 239.219 0.0590624
340.141 219.468 0.0643555
353.599 236.629 0.0569427
360.162 228.98 0.058318
371.44 223.894 0.0656486
377.28 222.72 0.068255
387.408 221.963 0.0696055
395.326 238.88 0.0590009
392.946 227.903 0.0664938
399.623 218.58 0.0627591
418.35 223.991 0.0753528
434.759 221.629 0.0732207
443.561 234.343 0.0944724
443.662 221.195 0.1233
460.4 232.975 0.181966
470.39 211.763 0.273917
487.599 220.375 0.389685
512.928 226.548 0.508796
106.409 228.03 0.468642
110.626 236.455 0.34147
122.62 230.942 0.234825
132.031 224.274 0.152134
149.085 234.18 0.104515
165.17 240.586 0.0814657
161.353 230.091 0.0660043
169 230.849 0.0658129
181.291 231.251 0.0635946
191.717 227.081 0.0592476
205.615 244.771 0.0684115
218.58 231.719 0.061432
223.894 228.56 0.0656486
234.058 234.058 0.0611966
255.377 246.272 0.0623028
257.767 234.033 0.0592975
273.573 247.604 0.0542653
270.68 227.356 0.0610488
286.052 239.351 0.0587325
293.146 239.757 0.0612048
300 244.144 0.0725511
306.854 239.757 0.0612048
313.948 239.351 0.0587325
329.32 227.356 0.0610488
326.427 247.604 0.0542653
342.233 234.033 0.0592975
344.623 246.272 0.0623028
365.942 234.058 0.0611966
376.106 228.56 0.0656486
381.42 231.719 0.061432
394.385 244.771 0.0684115
408.283 227.081 0.0592476
418.709 231.251 0.0635946
431 230.849 0.0658129
438.647 230.091 0.0660043
434.83 240.586 0.0814657
450.915 234.18 0.104515
467.969 224.274 0.152134
477.38 230.942 0.234825
489.374 236.455 0.34147
493.591 228.03 0.468642
70.8298 230.809 0.562978
104.486 241.896 0.431182
118.56 241.563 0.307251
124.644 246.058 0.203972
132.89 243.273 0.133742
138.318 239.709 0.0985264
169.965 245.147 0.0713855
159.324 247.175 0.0712384
189.395 246.19 0.0617406
182.162 240.291 0.0593685
187.44 236.404 0.0659932
210.765 254.911 0.0606248
217.738 247.714 0.063801
228.98 239.838 0.058318
246.272 255.377 0.0623028
238.542 238.542 0.0568603
265.337 242.463 0.0541991
264.063 236.161 0.0620349
281.793 231.32 0.0623817
279.122 244.442 0.0574055
290.157 244.399 0.0590684
300 247.56 0.0707275
309.843 244.399 0.0590684
320.878 244.442 0.0574055
318.207 231.32 0.0623817
335.937 236.161 0.0620349
334.663 242.463 0.0541991
361.458 238.542 0.0568603
353.728 255.377 0.0623028
371.02 239.838 0.058318
382.262 247.714 0.063801
389.235 254.911 0.0606248
412.56 236.404 0.0659932
417.838 240.291 0.0593685
410.605 246.19 0.0617406
440.676 247.175 0.0712384
430.035 245.147 0.0713855
461.682 239.709 0.0985264
467.11 243.273 0.133742
475.356 246.058 0.203972
481.44 241.563 0.307251
495.514 241.896 0.431182
529.17 230.809 0.562978
86.2515 248.156 0.544767
104.581 253.042 0.404059
114.023 249.545 0.280813
123.621 255.021 0.182577
127.556 263.426 0.120166
146.835 241.836 0.0899726
135.845 248.665 0.0676778
177.6 247.131 0.0674328
181.369 263.306 0.0598704
194.284 251.027 0.0570522
200.599 257.274 0.0577168
198.701 245.806 0.0550245
225.079 249.496 0.0564468
236.629 246.401 0.0569427
234.033 257.767 0.0592975
242.463 265.337 0.0541991
250.272 250.272 0.0571585
266.482 256.961 0.059766
271.11 253.119 0.0635075
278.048 253.816 0.0627001
290.496 254.215 0.0608729
300 268.353 0.0562286
309.504 254.215 0.0608729
321.952 253.816 0.0627001
328.89 253.119 0.0635075
333.518 256.961 0.059766
349.728 250.272 0.0571585
357.537 265.337 0.0541991
365.967 257.767 0.0592975
363.371 246.401 0.0569427
374.921 249.496 0.0564468
401.299 245.806 0.0550245
399.401 257.274 0.0577168
405.716 251.027 0.0570522
418.631 263.306 0.0598704
422.4 247.131 0.0674328
464.155 248.665 0.0676778
453.165 241.836 0.0899726
472.444 263.426 0.120166
476.379 255.021 0.182577
485.977 249.545 0.280813
495.419 253.042 0.404059
513.748 248.156 0.544767
69.9199 257.839 0.515867
99.35 263.113 0.38287
113.179 264.21 0.264813
120.6 266.446 0.169508
147.314 260.133 0.110569
148.217 250.188 0.0832345
154.979 263.444 0.0721188
160.097 253.915 0.064099
177.645 271.832 0.0630301
193.614 257.016 0.0637667
196.716 271.121 0.0644058
205.709 260.832 0.0639754
213.196 260.316 0.0641997
219.468 259.859 0.0643555
247.604 273.573 0.0542653
236.161 264.063 0.0620349
256.961 266.482 0.059766
265.846 265.846 0.0624228
285.444 259.984 0.062748
285.722 267.544 0.055468
284.202 279.185 0.0670617
300 258.885 0.0642047
315.798 279.185 0.0670617
314.278 267.544 0.055468
314.556 259.984 0.062748
334.154 265.846 0.0624228
343.039 266.482 0.059766
363.839 264.063 0.0620349
352.396 273.573 0.0542653
380.532 259.859 0.0643555
386.804 260.316 0.0641997
394.291 260.832 0.0639754
403.284 271.121 0.0644058
406.386 257.016 0.0637667
422.355 271.832 0.0630301
439.903 253.915 0.064099
445.021 263.444 0.0721188
451.783 250.188 0.0832345
452.686 260.133 0.110569
479.4 266.446 0.169508
486.821 264.21 0.264813
500.65 263.113 0.38287
530.08 257.839 0.515867
84.0685 270.405 0.505385
93.8543 275.376 0.376819
109.005 273.92 0.252757
128.195 279.766 0.159838
135.984 266.137 0.0995944
144.819 273.04 0.0793789
159.594 272.294 0.066624
166.531 264.593 0.0719025
169.267 269.67 0.0650932
182.135 277.99 0.0676605
204.894 270.537 0.0587813
217.767 267.73 0.0658635
212.183 266.215 0.0616633
239.219 269.941 0.0590624
227.356 270.68 0.0610488
231.32 281.793 0.0623817
253.119 271.11 0.0635075
259.984 285.444 0.062748
275.364 275.364 0.0627863
273.863 257.746 0.0637569
290.89 263.286 0.0664815
300 274.057 0.0646589
309.11 263.286 0.0664815
326.137 257.746 0.0637569
324.636 275.364 0.0627863
340.016 285.444 0.062748
346.881 271.11 0.0635075
368.68 281.793 0.0623817
372.644 270.68 0.0610488
360.781 269.941 0.0590624
387.817 266.215 0.0616633
382.233 267.73 0.0658635
395.106 270.537 0.0587813
417.865 277.99 0.0676605
430.733 269.67 0.0650932
433.469 264.593 0.0719025
440.406 272.294 0.066624
455.181 273.04 0.0793789
464.016 266.137 0.0995944
471.805 279.766 0.159838
490.995 273.92 0.252757
506.146 275.376 0.376819
515.932 270.405 0.505385
67.6023 283.698 0.492778
102.611 279.488 0.368919
109.827 281.412 0.239377
120.107 280.147 0.154615
133.669 273.918 0.0978461
153.293 289.888 0.0813881
156.392 278.902 0.0706258
166.398 292.766 0.0632185
190.037 286.538 0.0650139
189.184 277.466 0.0603257
205.325 281.693 0.0586579
208.742 293.017 0.0599914
217.191 286.651 0.0575129
224.778 280.52 0.0612301
239.351 286.052 0.0587325
244.442 279.122 0.0574055
253.816 278.048 0.0627001
267.544 285.722 0.055468
257.746 273.863 0.0637569
289.366 289.366 0.0702034
290.497 274.321 0.0758216
300 288.349 0.0700421
309.503 274.321 0.0758216
310.634 289.366 0.0702034
342.254 273.863 0.0637569
332.456 285.722 0.055468
346.184 278.048 0.0627001
355.558 279.122 0.0574055
360.649 286.052 0.0587325
375.222 280.52 0.0612301
382.809 286.651 0.0575129
391.258 293.017 0.0599914
394.675 281.693 0.0586579
410.816 277.466 0.0603257
409.963 286.538 0.0650139
433.602 292.766 0.0632185
443.608 278.902 0.0706258
446.707 289.888 0.0813881
466.331 273.918 0.0978461
479.893 280.147 0.154615
490.173 281.412 0.239377
497.389 279.488 0.368919
532.398 283.698 0.492778
91.3257 289.417 0.493786
108.045 293.402 0.35859
123.579 291.876 0.239569
130.4 293.815 0.155803
138.435 294.434 0.0966794
140.731 279.049 0.0799018
160.529 295.415 0.0641213
174.957 296.341 0.0651205
181.411 287.174 0.0635937
189.031 293.508 0.0613343
199.132 277.179 0.064735
195.088 289.58 0.0624968
227.775 286.677 0.0579814
219.938 291.708 0.0591307
239.757 293.146 0.0612048
244.399 290.157 0.0590684
254.215 290.496 0.0608729
279.185 284.202 0.0670617
263.286 290.89 0.0664815
274.321 290.497 0.0758216
294.603 294.603 0.0730302
300 318.067 0.0754396
305.397 294.603 0.0730302
325.679 290.497 0.0758216
336.714 290.89 0.0664815
320.815 284.202 0.0670617
345.785 290.496 0.0608729
355.601 290.157 0.0590684
360.243 293.146 0.0612048
380.062 291.708 0.0591307
372.225 286.677 0.0579814
404.912 289.58 0.0624968
400.868 277.179 0.064735
410.969 293.508 0.0613343
418.589 287.174 0.0635937
425.043 296.341 0.0651205
439.471 295.415 0.0641213
459.269 279.049 0.0799018
461.565 294.434 0.0966794
469.6 293.815 0.155803
476.421 291.876 0.239569
491.955 293.402 0.35859
508.674 289.417 0.493786
67.0785 300 0.495734
97.3376 300 0.351767
110.78 300 0.235307
117.329 300 0.154249
131.838 300 0.0946898
143.605 300 0.0701614
150.303 300 0.0729095
164.835 300 0.0643259
187.912 300 0.0578232
200.801 300 0.0727853
196.528 300 0.0730279
217.146 300 0.0609098
209.833 300 0.0598479
232.017 300 0.0610077
244.144 300 0.0725511
247.56 300 0.0707275
268.353 300 0.0562286
258.885 300 0.0642047
274.057 300 0.0646589
288.349 300 0.0700421
318.067 300 0.0754396
300 300 0.0578804
281.933 300 0.0754396
311.651 300 0.0700421
325.943 300 0.0646589
341.115 300 0.0642047
331.647 300 0.0562286
352.44 300 0.0707275
355.856 300 0.0725511
367.983 300 0.0610077
390.167 300 0.0598479
382.854 300 0.0609098
403.472 300 0.0730279
399.199 300 0.0727853
412.088 300 0.0578232
435.165 300 0.0643259
449.697 300 0.0729095
456.395 300 0.0701614
468.162 300 0.0946898
482.671 300 0.154249
489.22 300 0.235307
502.662 300 0.351767
532.922 300 0.495734
91.3257 310.583 0.493786
108.045 306.598 0.35859
123.579 308.124 0.239569
130.4 306.185 0.155803
138.435 305.566 0.0966794
140.731 320.951 0.0799018
160.529 304.585 0.0641213
174.957 303.659 0.0651205
181.411 312.826 0.0635937
189.031 306.492 0.0613343
199.132 322.821 0.064735
195.088 310.42 0.0624968
227.775 313.323 0.0579814
219.938 308.292 0.0591307
239.757 306.854 0.0612048
244.399 309.843 0.0590684
254.215 309.504 0.0608729
279.185 315.798 0.0670617
263.286 309.11 0.0664815
274.321 309.503 0.0758216
294.603 305.397 0.0730302
300 281.933 0.0754396
305.397 305.397 0.0730302
325.679 309.503 0.0758216
336.714 309.11 0.0664815
320.815 315.798 0.0670617
345.785 309.504 0.0608729
355.601 309.843 0.0590684
360.243 306.854 0.0612048
380.062 308.292 0.0591307
372.225 313.323 0.0579814
404.912 310.42 0.0624968
400.868 322.821 0.064735
410.969 306.492 0.0613343
418.589 312.826 0.0635937
425.043 303.659 0.0651205
439.471 304.585 0.0641213
459.269 320.951 0.0799018
461.565 305.566 0.0966794
469.6 306.185 0.155803
476.421 308.124 0.239569
491.955 306.598 0.35859
508.674 310.583 0.493786
67.6023 316.302 0.492778
102.611 320.512 0.368919
109.827 318.588 0.239377
120.107 319.853 0.154615
133.669 326.082 0.0978461
153.293 310.112 0.0813881
156.392 321.098 0.0706258
166.398 307.234 0.0632185
190.037 313.462 0.0650139
189.184 322.534 0.0603257
205.325 318.307 0.0586579
208.742 306.983 0.0599914
217.191 313.349 0.0575129
224.778 319.48 0.0612301
239.351 313.948 0.0587325
244.442 320.878 0.0574055
253.816 321.952 0.0627001
267.544 314.278 0.055468
257.746 326.137 0.0637569
289.366 310.634 0.0702034
290.497 325.679 0.0758216
300 311.651 0.0700421
309.503 325.679 0.0758216
310.634 310.634 0.0702034
342.254 326.137 0.0637569
332.456 314.278 0.055468
346.184 321.952 0.0627001
355.558 320.878 0.0574055
360.649 313.948 0.0587325
375.222 319.48 0.0612301
382.809 313.349 0.0575129
391.258 306.983 0.0599914
394.675 318.307 0.0586579
410.816 322.534 0.0603257
409.963 313.462 0.0650139
433.602 307.234 0.0632185
443.608 321.098 0.0706258
446.707 310.112 0.0813881
466.331 326.082 0.0978461
479.893 319.853 0.154615
490.173 318.588 0.239377
497.389 320.512 0.368919
532.398 316.302 0.492778
84.0685 329.595 0.505385
93.8543 324.624 0.376819
109.005 326.08 0.252757
128.195 320.234 0.159838
135.984 333.863 0.0995944
144.819 326.96 0.0793789
159.594 327.706 0.066624
166.531 335.407 0.0719025
169.267 330.33 0.0650932
182.135 322.01 0.0676605
204.894 329.463 0.0587813
217.767 332.27 0.0658635
212.183 333.785 0.0616633
239.219 330.059 0.0590624
227.356 329.32 0.0610488
231.32 318.207 0.0623817
253.119 328.89 0.0635075
259.984 314.556 0.062748
275.364 324.636 0.0627863
273.863 342.254 0.0637569
290.89 336.714 0.0664815
300 325.943 0.0646589
309.11 336.714 0.0664815
326.137 342.254 0.0637569
324.636 324.636 0.0627863
340.016 314.556 0.062748
346.881 328.89 0.0635075
368.68 318.207 0.0623817
372.644 329.32 0.0610488
360.781 330.059 0.0590624
387.817 333.785 0.0616633
382.233 332.27 0.0658635
395.106 329.463 0.0587813
417.865 322.01 0.0676605
430.733 330.33 0.0650932
433.469 335.407 0.0719025
440.406 327.706 0.066624
455.181 326.96 0.0793789
464.016 333.863 0.0995944
471.805 320.234 0.159838
490.995 326.08 0.252757
506.146 324.624 0.376819
515.932 329.595 0.505385
69.9199 342.161 0.515867
99.35 336.887 0.38287
113.179 335.79 0.264813
120.6 333.554 0.169508
147.314 339.867 0.110569
148.217 349.812 0.0832345
154.979 336.556 0.0721188
160.097 346.085 0.064099
177.645 328.168 0.0630301
193.614 342.984 0.0637667
196.716 328.879 0.0644058
205.709 339.168 0.0639754
213.196 339.684 0.0641997
219.468 340.141 0.0643555
247.604 326.427 0.0542653
236.161 335.937 0.0620349
256.961 333.518 0.059766
265.846 334.154 0.0624228
285.444 340.016 0.062748
285.722 332.456 0.055468
284.202 320.815 0.0670617
300 341.115 0.0642047
315.798 320.815 0.0670617
314.278 332.456 0.055468
314.556 340.016 0.062748
334.154 334.154 0.0624228
343.039 333.518 0.059766
363.839 335.937 0.0620349
352.396 326.427 0.0542653
380.532 340.141 0.0643555
386.804 339.684 0.0641997
394.291 339.168 0.0639754
403.284 328.879 0.0644058
406.386 342.984 0.0637667
422.355 328.168 0.0630301
439.903 346.085 0.064099
445.021 336.556 0.0721188
451.783 349.812 0.0832345
452.686 339.867 0.110569
479.4 333.554 0.169508
486.821 335.79 0.264813
500.65 336.887 0.38287
530.08 342.161 0.515867
86.2515 351.844 0.544767
104.581 346.958 0.404059
114.023 350.455 0.280813
123.621 344.979 0.182577
127.556 336.574 0.120166
146.835 358.164 0.0899726
135.845 351.335 0.0676778
177.6 352.869 0.0674328
181.369 336.694 0.0598704
194.284 348.973 0.0570522
200.599 342.726 0.0577168
198.701 354.194 0.0550245
225.079 350.504 0.0564468
236.629 353.599 0.0569427
234.033 342.233 0.0592975
242.463 334.663 0.0541991
250.272 349.728 0.0571585
266.482 343.039 0.059766
271.11 346.881 0.0635075
278.048 346.184 0.0627001
290.496 345.785 0.0608729
300 331.647 0.0562286
309.504 345.785 0.0608729
321.952 346.184 0.0627001
328.89 346.881 0.0635075
333.518 343.039 0.059766
349.728 349.728 0.0571585
357.537 334.663 0.0541991
365.967 342.233 0.0592975
363.371 353.599 0.0569427
374.921 350.504 0.0564468
401.299 354.194 0.0550245
399.401 342.726 0.0577168
405.716 348.973 0.0570522
418.631 336.694 0.0598704
422.4 352.869 0.0674328
464.155 351.335 0.0676778
453.165 358.164 0.0899726
472.444 336.574 0.120166
476.379 344.979 0.182577
485.977 350.455 0.280813
495.419 346.958 0.404059
513.748 351.844 0.544767
70.8298 369.191 0.562978
104.486 358.104 0.431182
118.56 358.437 0.307251
124.644 353.942 0.203972
132.89 356.727 0.133742
138.318 360.291 0.0985264
169.965 354.853 0.0713855
159.324 352.825 0.0712384
189.395 353.81 0.0617406
182.162 359.709 0.0593685
187.44 363.596 0.0659932
210.765 345.089 0.0606248
217.738 352.286 0.063801
228.98 360.162 0.058318
246.272 344.623 0.0623028
238.542 361.458 0.0568603
265.337 357.537 0.0541991
264.063 363.839 0.0620349
281.793 368.68 0.0623817
279.122 355.558 0.0574055
290.157 355.601 0.0590684
300 352.44 0.0707275
309.843 355.601 0.0590684
320.878 355.558 0.0574055
318.207 368.68 0.0623817
335.937 363.839 0.0620349
334.663 357.537 0.0541991
361.458 361.458 0.0568603
353.728 344.623 0.0623028
371.02 360.162 0.058318
382.262 352.286 0.063801
389.235 345.089 0.0606248
412.56 363.596 0.0659932
417.838 359.709 0.0593685
410.605 353.81 0.0617406
440.676 352.825 0.0712384
430.035 354.853 0.0713855
461.682 360.291 0.0985264
467.11 356.727 0.133742
475.356 353.942 0.203972
481.44 358.437 0.307251
495.514 358.104 0.431182
529.17 369.191 0.562978
106.409 371.97 0.468642
110.626 363.545 0.34147
122.62 369.058 0.234825
132.031 375.726 0.152134
149.085 365.82 0.104515
165.17 359.414 0.0814657
161.353 369.909 0.0660043
169 369.151 0.0658129
181.291 368.749 0.0635946
191.717 372.919 0.0592476
205.615 355.229 0.0684115
218.58 368.281 0.061432
223.894 371.44 0.0656486
234.058 365.942 0.0611966
255.377 353.728 0.0623028
257.767 365.967 0.0592975
273.573 352.396 0.0542653
270.68 372.644 0.0610488
286.052 360.649 0.0587325
293.146 360.243 0.0612048
300 355.856 0.0725511
306.854 360.243 0.0612048
313.948 360.649 0.0587325
329.32 372.644 0.0610488
326.427 352.396 0.0542653
342.233 365.967 0.0592975
344.623 353.728 0.0623028
365.942 365.942 0.0611966
376.106 371.44 0.0656486
381.42 368.281 0.061432
394.385 355.229 0.0684115
408.283 372.919 0.0592476
418.709 368.749 0.0635946
431 369.151 0.0658129
438.647 369.909 0.0660043
434.83 359.414 0.0814657
450.915 365.82 0.104515
467.969 375.726 0.152134
477.38 369.058 0.234825
489.374 363.545 0.34147
493.591 371.97 0.468642
87.0718 373.452 0.508796
112.401 379.625 0.389685
129.61 388.237 0.273917
139.6 367.025 0.181966
156.338 378.805 0.1233
156.439 365.657 0.0944724
165.241 378.371 0.0732207
181.65 376.009 0.0753528
200.377 381.42 0.0627591
207.054 372.097 0.0664938
204.674 361.12 0.0590009
212.592 378.037 0.0696055
222.72 377.28 0.068255
228.56 376.106 0.0656486
239.838 371.02 0.058318
246.401 363.371 0.0569427
259.859 380.532 0.0643555
269.941 360.781 0.0590624
280.52 375.222 0.0612301
291.708 380.062 0.0591307
300 367.983 0.0610077
308.292 380.062 0.0591307
319.48 375.222 0.0612301
330.059 360.781 0.0590624
340.141 380.532 0.0643555
353.599 363.371 0.0569427
360.162 371.02 0.058318
371.44 376.106 0.0656486
377.28 377.28 0.068255
387.408 378.037 0.0696055
395.326 361.12 0.0590009
392.946 372.097 0.0664938
399.623 381.42 0.0627591
418.35 376.009 0.0753528
434.759 378.371 0.0732207
443.561 365.657 0.0944724
443.662 378.805 0.1233
460.4 367.025 0.181966
470.39 388.237 0.273917
487.599 379.625 0.389685
512.928 373.452 0.508796
82.1138 397.203 0.562062
113.08 388.862 0.439484
118.911 374.835 0.327504
140.332 382.509 0.229084
146.044 385.258 0.149481
158.082 385.986 0.105214
150.111 392.87 0.0894876
166.491 392.471 0.073777
185.616 383.248 0.069299
191.797 387.144 0.0615778
207.23 383.185 0.0595051
211.341 388.659 0.0666652
221.963 387.408 0.0696055
231.719 381.42 0.061432
247.714 382.262 0.063801
249.496 374.921 0.0564468
260.316 386.804 0.0641997
266.215 387.817 0.0616633
286.651 382.809 0.0575129
286.677 372.225 0.0579814
300 390.167 0.0598479
313.323 372.225 0.0579814
313.349 382.809 0.0575129
333.785 387.817 0.0616633
339.684 386.804 0.0641997
350.504 374.921 0.0564468
352.286 382.262 0.063801
368.281 381.42 0.061432
378.037 387.408 0.0696055
388.659 388.659 0.0666652
392.77 383.185 0.0595051
408.203 387.144 0.0615778
414.384 383.248 0.069299
433.509 392.471 0.073777
449.889 392.87 0.0894876
441.918 385.986 0.105214
453.956 385.258 0.149481
459.668 382.509 0.229084
481.089 374.835 0.327504
486.92 388.862 0.439484
517.886 397.203 0.562062
106.397 394.484 0.501239
119.142 395.193 0.391041
131.529 395.897 0.278965
138.934 394.3 0.190967
159.19 406.59 0.137963
164.059 399.919 0.0991967
173.746 398.962 0.0807031
177.285 380.364 0.0724162
191.995 395.769 0.0642748
199.02 400.98 0.0607581
216.815 392.77 0.0595051
238.88 395.326 0.0590009
244.771 394.385 0.0684115
254.911 389.235 0.0606248
245.806 401.299 0.0550245
260.832 394.291 0.0639754
267.73 382.233 0.0658635
293.017 391.258 0.0599914
289.58 404.912 0.0624968
300 382.854 0.0609098
310.42 404.912 0.0624968
306.983 391.258 0.0599914
332.27 382.233 0.0658635
339.168 394.291 0.0639754
354.194 401.299 0.0550245
345.089 389.235 0.0606248
355.229 394.385 0.0684115
361.12 395.326 0.0590009
383.185 392.77 0.0595051
400.98 400.98 0.0607581
408.005 395.769 0.0642748
422.715 380.364 0.0724162
426.254 398.962 0.0807031
435.941 399.919 0.0991967
440.81 406.59 0.137963
461.066 394.3 0.190967
468.471 395.897 0.278965
480.858 395.193 0.391041
493.603 394.484 0.501239
96.9157 418.903 0.574605
123.517 405.281 0.454537
135.12 408.493 0.342976
145.379 399.338 0.248366
157.149 395.983 0.171232
163.78 410.141 0.116005
181.035 407.386 0.0897535
186.264 399.857 0.0786727
193.292 406.708 0.0647989
204.231 408.005 0.0642748
212.856 408.203 0.0615778
227.903 392.946 0.0664938
227.081 408.283 0.0592476
236.404 412.56 0.0659932
257.274 399.401 0.0577168
271.121 403.284 0.0644058
270.537 395.106 0.0587813
281.693 394.675 0.0586579
277.179 400.868 0.064735
300 403.472 0.0730279
322.821 400.868 0.064735
318.307 394.675 0.0586579
329.463 395.106 0.0587813
328.879 403.284 0.0644058
342.726 399.401 0.0577168
363.596 412.56 0.0659932
372.919 408.283 0.0592476
372.097 392.946 0.0664938
387.144 408.203 0.0615778
395.769 408.005 0.0642748
406.708 406.708 0.0647989
413.736 399.857 0.0786727
418.965 407.386 0.0897535
436.22 410.141 0.116005
442.851 395.983 0.171232
454.621 399.338 0.248366
464.88 408.493 0.342976
476.483 405.281 0.454537
503.084 418.903 0.574605
102.231 436.838 0.523281
134.865 421.56 0.41205
147.987 411.617 0.30714
153.367 426.694 0.225427
161.164 420.59 0.158241
170.888 415.514 0.113253
183.399 416.601 0.0963949
200.143 413.736 0.0786727
219.636 422.715 0.0724162
216.752 414.384 0.069299
218.58 399.623 0.0627591
231.251 418.709 0.0635946
240.291 417.838 0.0593685
251.027 405.716 0.0570522
257.016 406.386 0.0637667
277.99 417.865 0.0676605
277.466 410.816 0.0603257
293.508 410.969 0.0613343
300 399.199 0.0727853
306.492 410.969 0.0613343
322.534 410.816 0.0603257
322.01 417.865 0.0676605
342.984 406.386 0.0637667
348.973 405.716 0.0570522
359.709 417.838 0.0593685
368.749 418.709 0.0635946
381.42 399.623 0.0627591
383.248 414.384 0.069299
380.364 422.715 0.0724162
399.857 413.736 0.0786727
416.601 416.601 0.0963949
429.112 415.514 0.113253
438.836 420.59 0.158241
446.633 426.694 0.225427
452.013 411.617 0.30714
465.135 421.56 0.41205
497.769 436.838 0.523281
119.071 436.652 0.497452
145.867 430.902 0.394129
154.369 407.037 0.300889
160.511 428.086 0.213891
167.784 432.216 0.154022
184.486 429.112 0.113253
192.614 418.965 0.0897535
201.038 426.254 0.0807031
207.529 433.509 0.073777
223.991 418.35 0.0753528
230.849 431 0.0658129
246.19 410.605 0.0617406
263.306 418.631 0.0598704
271.832 422.355 0.0630301
269.67 430.733 0.0650932
286.538 409.963 0.0650139
287.174 418.589 0.0635937
300 412.088 0.0578232
312.826 418.589 0.0635937
313.462 409.963 0.0650139
330.33 430.733 0.0650932
328.168 422.355 0.0630301
336.694 418.631 0.0598704
353.81 410.605 0.0617406
369.151 431 0.0658129
376.009 418.35 0.0753528
392.471 433.509 0.073777
398.962 426.254 0.0807031
407.386 418.965 0.0897535
415.514 429.112 0.113253
432.216 432.216 0.154022
439.489 428.086 0.213891
445.631 407.037 0.300889
454.133 430.902 0.394129
480.929 436.652 0.497452
141.694 436.727 0.481893
159.986 434.265 0.388874
179.887 420.113 0.305183
171.914 439.489 0.213891
179.41 438.836 0.158241
189.859 436.22 0.116005
200.081 435.941 0.0991967
207.13 449.889 0.0894876
221.629 434.759 0.0732207
230.091 438.647 0.0660043
247.175 440.676 0.0712384
247.131 422.4 0.0674328
253.915 439.903 0.064099
264.593 433.469 0.0719025
292.766 433.602 0.0632185
296.341 425.043 0.0651205
300 435.165 0.0643259
303.659 425.043 0.0651205
307.234 433.602 0.0632185
335.407 433.469 0.0719025
346.085 439.903 0.064099
352.869 422.4 0.0674328
352.825 440.676 0.0712384
369.909 438.647 0.0660043
378.371 434.759 0.0732207
392.87 449.889 0.0894876
399.919 435.941 0.0991967
410.141 436.22 0.116005
420.59 438.836 0.158241
428.086 439.489 0.213891
420.113 420.113 0.305183
440.014 434.265 0.388874
458.306 436.727 0.481893
119.114 461.668 0.569438
155.389 444.611 0.478371
165.735 440.014 0.388874
192.963 445.631 0.300889
173.306 446.633 0.225427
204.017 442.851 0.171232
193.41 440.81 0.137963
214.014 441.918 0.105214
234.343 443.561 0.0944724
240.586 434.83 0.0814657
245.147 430.035 0.0713855
248.665 464.155 0.0676778
263.444 445.021 0.0721188
272.294 440.406 0.066624
278.902 443.608 0.0706258
295.415 439.471 0.0641213
300 449.697 0.0729095
304.585 439.471 0.0641213
321.098 443.608 0.0706258
327.706 440.406 0.066624
336.556 445.021 0.0721188
351.335 464.155 0.0676778
354.853 430.035 0.0713855
359.414 434.83 0.0814657
365.657 443.561 0.0944724
385.986 441.918 0.105214
406.59 440.81 0.137963
395.983 442.851 0.171232
426.694 446.633 0.225427
407.037 445.631 0.300889
434.265 440.014 0.388874
444.611 444.611 0.478371
480.886 461.668 0.569438
138.332 480.886 0.569438
163.273 458.306 0.481893
169.098 454.133 0.394129
188.383 452.013 0.30714
200.662 454.621 0.248366
205.7 461.066 0.190967
214.742 453.956 0.149481
221.195 443.662 0.1233
234.18 450.915 0.104515
239.709 461.682 0.0985264
241.836 453.165 0.0899726
250.188 451.783 0.0832345
273.04 455.181 0.0793789
289.888 446.707 0.0813881
279.049 459.269 0.0799018
300 456.395 0.0701614
320.951 459.269 0.0799018
310.112 446.707 0.0813881
326.96 455.181 0.0793789
349.812 451.783 0.0832345
358.164 453.165 0.0899726
360.291 461.682 0.0985264
365.82 450.915 0.104515
378.805 443.662 0.1233
385.258 453.956 0.149481
394.3 461.066 0.190967
399.338 454.621 0.248366
411.617 452.013 0.30714
430.902 454.133 0.394129
436.727 458.306 0.481893
461.668 480.886 0.569438
163.348 480.929 0.497452
178.44 465.135 0.41205
191.507 464.88 0.342976
204.103 468.471 0.278965
217.491 459.668 0.229084
232.975 460.4 0.181966
224.274 467.969 0.152134
243.273 467.11 0.133742
263.426 472.444 0.120166
260.133 452.686 0.110569
266.137 464.016 0.0995944
273.918 466.331 0.0978461
294.434 461.565 0.0966794
300 468.162 0.0946898
305.566 461.565 0.0966794
326.082 466.331 0.0978461
333.863 464.016 0.0995944
339.867 452.686 0.110569
336.574 472.444 0.120166
356.727 467.11 0.133742
375.726 467.969 0.152134
367.025 460.4 0.181966
382.509 459.668 0.229084
395.897 468.471 0.278965
408.493 464.88 0.342976
421.56 465.135 0.41205
436.652 480.929 0.497452
163.162 497.769 0.523281
194.719 476.483 0.454537
204.807 480.858 0.391041
225.165 481.089 0.327504
211.763 470.39 0.273917
230.942 477.38 0.234825
246.058 475.356 0.203972
255.021 476.379 0.182577
266.446 479.4 0.169508
279.766 471.805 0.159838
280.147 479.893 0.154615
293.815 469.6 0.155803
300 482.671 0.154249
306.185 469.6 0.155803
319.853 479.893 0.154615
320.234 471.805 0.159838
333.554 479.4 0.169508
344.979 476.379 0.182577
353.942 475.356 0.203972
369.058 477.38 0.234825
388.237 470.39 0.273917
374.835 481.089 0.327504
395.193 480.858 0.391041
405.281 476.483 0.454537
436.838 497.769 0.523281
181.097 503.084 0.574605
205.516 493.603 0.501239
211.138 486.92 0.439484
220.375 487.599 0.389685
236.455 489.374 0.34147
241.563 481.44 0.307251
249.545 485.977 0.280813
264.21 486.821 0.264813
273.92 490.995 0.252757
281.412 490.173 0.239377
291.876 476.421 0.239569
300 489.22 0.235307
308.124 476.421 0.239569
318.588 490.173 0.239377
326.08 490.995 0.252757
335.79 486.821 0.264813
350.455 485.977 0.280813
358.437 481.44 0.307251
363.545 489.374 0.34147
379.625 487.599 0.389685
388.862 486.92 0.439484
394.484 493.603 0.501239
418.903 503.084 0.574605
202.797 517.886 0.562062
226.548 512.928 0.508796
228.03 493.591 0.468642
241.896 495.514 0.431182
253.042 495.419 0.404059
263.113 500.65 0.38287
275.376 506.146 0.376819
279.488 497.389 0.368919
293.402 491.955 0.35859
300 502.662 0.351767
306.598 491.955 0.35859
320.512 497.389 0.368919
324.624 506.146 0.376819
336.887 500.65 0.38287
346.958 495.419 0.404059
358.104 495.514 0.431182
371.97 493.591 0.468642
373.452 512.928 0.508796
397.203 517.886 0.562062
230.809 529.17 0.562978
248.156 513.748 0.544767
257.839 530.08 0.515867
270.405 515.932 0.505385
283.698 532.398 0.492778
289.417 508.674 0.493786
300 532.922 0.495734
310.583 508.674 0.493786
316.302 532.398 0.492778
329.595 515.932 0.505385
342.161 530.08 0.515867
351.844 513.748 0.544767
369.191 529.17 0.562978
end.
