begin.
284.939 244.243 0.583388
288.069 244.307 0.571091
290.952 243.436 0.545495
293.4 243.303 0.539814
295.665 243.134 0.532327
298.047 243.419 0.535666
300 243.096 0.53939
301.953 243.419 0.535666
304.335 243.134 0.532327
306.6 243.303 0.539814
309.048 243.436 0.545495
311.931 244.307 0.571091
315.061 244.243 0.583388
277.114 247.359 0.586514
279.925 247.195 0.535631
282.728 248.554 0.498674
285.602 249.353 0.459232
288.615 250.666 0.429051
291.137 251.371 0.41379
293.774 252.023 0.418323
296.079 252.191 0.41438
297.795 251.98 0.403419
300 251.948 0.396625
302.205 251.98 0.403419
303.921 252.191 0.41438
306.226 252.023 0.418323
308.863 251.371 0.41379
311.385 250.666 0.429051
314.398 249.353 0.459232
317.272 248.554 0.498674
320.075 247.195 0.535631
322.886 247.359 0.586514
271.012 250.45 0.603653
273.988 250.376 0.532037
277.987 252.221 0.461011
281.467 254.658 0.415213
284.461 256.202 0.392803
286.931 256.63 0.367343
288.967 256.809 0.344621
291.403 256.996 0.330562
293.552 257.139 0.323459
295.611 257.274 0.315164
297.845 257.662 0.315537
300 257.806 0.310851
302.155 257.662 0.315537
304.389 257.274 0.315164
306.448 257.139 0.323459
308.597 256.996 0.330562
311.033 256.809 0.344621
313.069 256.63 0.367343
315.539 256.202 0.392803
318.533 254.658 0.415213
322.013 252.221 0.461011
326.012 250.376 0.532037
328.988 250.45 0.603653
267.714 252.142 0.547506
271.981 254.388 0.482311
276.365 257.64 0.42166
279.419 258.999 0.379139
282.447 259.542 0.342168
285.071 259.393 0.316243
287.063 259.687 0.29275
289.357 260.71 0.273999
291.735 260.953 0.261902
293.977 260.438 0.25148
295.876 260.766 0.247173
297.981 260.811 0.245008
300 260.668 0.243752
302.019 260.811 0.245008
304.124 260.766 0.247173
306.023 260.438 0.25148
308.265 260.953 0.261902
310.643 260.71 0.273999
312.937 259.687 0.29275
314.929 259.393 0.316243
317.553 259.542 0.342168
320.581 258.999 0.379139
323.635 257.64 0.42166
328.019 254.388 0.482311
332.286 252.142 0.547506
265.457 255.231 0.521972
269.675 257.774 0.436475
274.682 260.428 0.383615
277.455 261.632 0.348806
280.134 261.854 0.304074
282.961 263.025 0.271099
285.143 262.925 0.244122
287.531 263.389 0.232845
289.686 263.814 0.216865
291.898 264.34 0.212111
293.813 264.497 0.203953
295.814 265.046 0.20009
297.704 265.199 0.200524
300 265.142 0.199104
302.296 265.199 0.200524
304.186 265.046 0.20009
306.187 264.497 0.203953
308.102 264.34 0.212111
310.314 263.814 0.216865
312.469 263.389 0.232845
314.857 262.925 0.244122
317.039 263.025 0.271099
319.866 261.854 0.304074
322.545 261.632 0.348806
325.318 260.428 0.383615
330.325 257.774 0.436475
334.543 255.231 0.521972
259.986 257.199 0.59438
263.569 257.755 0.508992
268.683 261.18 0.421026
272.605 263.528 0.360813
275.528 264.616 0.325944
278.614 265.004 0.276521
280.603 265.531 0.242877
283.242 265.914 0.21828
285.477 266.514 0.201778
287.667 266.257 0.193902
289.793 267.218 0.185121
292.233 267.52 0.185974
294.172 267.666 0.189097
296.141 267.721 0.196552
298.101 267.463 0.195788
300 267.704 0.187758
301.899 267.463 0.195788
303.859 267.721 0.196552
305.828 267.666 0.189097
307.767 267.52 0.185974
310.207 267.218 0.185121
312.333 266.257 0.193902
314.523 266.514 0.201778
316.758 265.914 0.21828
319.397 265.531 0.242877
321.386 265.004 0.276521
324.472 264.616 0.325944
327.395 263.528 0.360813
331.317 261.18 0.421026
336.431 257.755 0.508992
340.014 257.199 0.59438
257.199 259.986 0.59438
261.433 261.433 0.504494
267.268 264.17 0.418415
270.651 265.85 0.359479
273.335 266.595 0.307132
276.784 267.272 0.261912
278.355 268.2 0.229603
281.701 268.71 0.202104
283.716 268.721 0.191468
285.979 269.669 0.190452
288.068 270.452 0.193498
290.38 270.556 0.193715
292.391 270.943 0.200022
294.34 271.075 0.199573
296.098 271.285 0.206395
298.242 271.322 0.203842
300 271.27 0.211865
301.758 271.322 0.203842
303.902 271.285 0.206395
305.66 271.075 0.199573
307.609 270.943 0.200022
309.62 270.556 0.193715
311.932 270.452 0.193498
314.021 269.669 0.190452
316.284 268.721 0.191468
318.299 268.71 0.202104
321.645 268.2 0.229603
323.216 267.272 0.261912
326.665 266.595 0.307132
329.349 265.85 0.359479
332.732 264.17 0.418415
338.567 261.433 0.504494
342.801 259.986 0.59438
257.755 263.569 0.508992
264.17 267.268 0.418415
268.646 268.646 0.365071
270.985 268.786 0.290736
274.527 269.976 0.249179
276.277 270.056 0.209427
279.531 271.357 0.201331
281.771 271.815 0.192147
284.53 272.611 0.192945
286.659 272.578 0.193893
288.628 272.483 0.201062
290.596 273.491 0.211715
292.318 273.538 0.215216
294.296 273.625 0.223822
296.583 273.654 0.222218
298.532 273.816 0.228344
300 273.677 0.228645
301.468 273.816 0.228344
303.417 273.654 0.222218
305.704 273.625 0.223822
307.682 273.538 0.215216
309.404 273.491 0.211715
311.372 272.483 0.201062
313.341 272.578 0.193893
315.47 272.611 0.192945
318.229 271.815 0.192147
320.469 271.357 0.201331
323.723 270.056 0.209427
325.473 269.976 0.249179
329.015 268.786 0.290736
331.354 268.646 0.365071
335.83 267.268 0.418415
342.245 263.569 0.508992
255.231 265.457 0.521972
261.18 268.683 0.421026
265.85 270.651 0.359479
268.786 270.985 0.290736
271.977 271.977 0.243723
274.666 272.372 0.205142
277.696 273.48 0.195587
279.928 273.973 0.189033
282.269 274.456 0.194291
284.942 274.953 0.208081
286.604 274.983 0.207053
288.547 275.047 0.209642
291.024 276.054 0.221652
292.7 275.961 0.232763
294.401 275.989 0.239355
296.405 276.267 0.246593
298.401 276.126 0.244439
300 275.926 0.240605
301.599 276.126 0.244439
303.595 276.267 0.246593
305.599 275.989 0.239355
307.3 275.961 0.232763
308.976 276.054 0.221652
311.453 275.047 0.209642
313.396 274.983 0.207053
315.058 274.953 0.208081
317.731 274.456 0.194291
320.072 273.973 0.189033
322.304 273.48 0.195587
325.334 272.372 0.205142
328.023 271.977 0.243723
331.214 270.985 0.290736
334.15 270.651 0.359479
338.82 268.683 0.421026
344.769 265.457 0.521972
252.142 267.714 0.547506
257.774 269.675 0.436475
263.528 272.605 0.360813
266.595 273.335 0.307132
269.976 274.527 0.249179
272.372 274.666 0.205142
275.797 275.797 0.195791
278.341 275.758 0.189669
280.228 276.676 0.197834
283.057 276.837 0.21218
284.865 277.757 0.218969
286.738 278.199 0.229354
289.215 278.353 0.23599
291.462 278.612 0.244729
292.805 278.241 0.249668
294.506 278.353 0.258444
296.325 278.615 0.256214
298.465 278.742 0.254669
300 278.937 0.259343
301.535 278.742 0.254669
303.675 278.615 0.256214
305.494 278.353 0.258444
307.195 278.241 0.249668
308.538 278.612 0.244729
310.785 278.353 0.23599
313.262 278.199 0.229354
315.135 277.757 0.218969
316.943 276.837 0.21218
319.772 276.676 0.197834
321.659 275.758 0.189669
324.203 275.797 0.195791
327.628 274.666 0.205142
330.024 274.527 0.249179
333.405 273.335 0.307132
336.472 272.605 0.360813
342.226 269.675 0.436475
347.858 267.714 0.547506
250.45 271.012 0.603653
254.388 271.981 0.482311
260.428 274.682 0.383615
264.616 275.528 0.325944
267.272 276.784 0.261912
270.056 276.277 0.209427
273.48 277.696 0.195587
275.758 278.341 0.189669
278.455 278.455 0.187026
281.404 278.815 0.201979
283.675 279.415 0.223067
285.347 279.866 0.242707
287.217 280.126 0.250382
288.886 280.142 0.258833
291.003 280.326 0.261842
293.023 280.102 0.267053
294.608 279.99 0.266531
296.364 280.447 0.266712
298.084 280.532 0.270533
300 280.47 0.270053
301.916 280.532 0.270533
303.636 280.447 0.266712
305.392 279.99 0.266531
306.977 280.102 0.267053
308.997 280.326 0.261842
311.114 280.142 0.258833
312.783 280.126 0.250382
314.653 279.866 0.242707
316.325 279.415 0.223067
318.596 278.815 0.201979
321.545 278.455 0.187026
324.242 278.341 0.189669
326.52 277.696 0.195587
329.944 276.277 0.209427
332.728 276.784 0.261912
335.384 275.528 0.325944
339.572 274.682 0.383615
345.612 271.981 0.482311
349.55 271.012 0.603653
250.376 273.988 0.532037
257.64 276.365 0.42166
261.632 277.455 0.348806
265.004 278.614 0.276521
268.2 278.355 0.229603
271.357 279.531 0.201331
273.973 279.928 0.189033
276.676 280.228 0.197834
278.815 281.404 0.201979
281.466 281.466 0.215798
283.475 281.339 0.231148
285.605 281.764 0.250142
287.89 281.899 0.269897
289.159 282.321 0.270182
291.051 282.264 0.267627
293.031 282.116 0.273469
294.865 282.242 0.272013
296.664 282.521 0.275195
298.456 282.819 0.285911
300 282.665 0.286718
301.544 282.819 0.285911
303.336 282.521 0.275195
305.135 282.242 0.272013
306.969 282.116 0.273469
308.949 282.264 0.267627
310.841 282.321 0.270182
312.11 281.899 0.269897
314.395 281.764 0.250142
316.525 281.339 0.231148
318.534 281.466 0.215798
321.185 281.404 0.201979
323.324 280.228 0.197834
326.027 279.928 0.189033
328.643 279.531 0.201331
331.8 278.355 0.229603
334.996 278.614 0.276521
338.368 277.455 0.348806
342.36 276.365 0.42166
349.624 273.988 0.532037
247.359 277.114 0.586514
252.221 277.987 0.461011
258.999 279.419 0.379139
261.854 280.134 0.304074
265.531 280.603 0.242877
268.71 281.701 0.202104
271.815 281.771 0.192147
274.456 282.269 0.194291
276.837 283.057 0.21218
279.415 283.675 0.223067
281.339 283.475 0.231148
283.847 283.847 0.242833
286.048 283.768 0.253267
287.936 283.974 0.266019
289.352 284.024 0.276193
291.316 284.326 0.275699
292.961 284.709 0.283836
294.856 285.071 0.290895
296.789 284.672 0.291234
298.24 285.004 0.304853
300 284.83 0.308374
301.76 285.004 0.304853
303.211 284.672 0.291234
305.144 285.071 0.290895
307.039 284.709 0.283836
308.684 284.326 0.275699
310.648 284.024 0.276193
312.064 283.974 0.266019
313.952 283.768 0.253267
316.153 283.847 0.242833
318.661 283.475 0.231148
320.585 283.675 0.223067
323.163 283.057 0.21218
325.544 282.269 0.194291
328.185 281.771 0.192147
331.29 281.701 0.202104
334.469 280.603 0.242877
338.146 280.134 0.304074
341.001 279.419 0.379139
347.779 277.987 0.461011
352.641 277.114 0.586514
247.195 279.925 0.535631
254.658 281.467 0.415213
259.542 282.447 0.342168
263.025 282.961 0.271099
265.914 283.242 0.21828
268.721 283.716 0.191468
272.611 284.53 0.192945
274.953 284.942 0.208081
277.757 284.865 0.218969
279.866 285.347 0.242707
281.764 285.605 0.250142
283.768 286.048 0.253267
285.893 285.893 0.258179
288.035 286.251 0.278212
289.77 286.43 0.290445
291.17 286.414 0.296819
293.277 286.771 0.308405
294.985 286.563 0.304602
296.956 286.854 0.319606
298.548 286.918 0.324036
300 286.735 0.329616
301.452 286.918 0.324036
303.044 286.854 0.319606
305.015 286.563 0.304602
306.723 286.771 0.308405
308.83 286.414 0.296819
310.23 286.43 0.290445
311.965 286.251 0.278212
314.107 285.893 0.258179
316.232 286.048 0.253267
318.236 285.605 0.250142
320.134 285.347 0.242707
322.243 284.865 0.218969
325.047 284.942 0.208081
327.389 284.53 0.192945
331.279 283.716 0.191468
334.086 283.242 0.21828
336.975 282.961 0.271099
340.458 282.447 0.342168
345.342 281.467 0.415213
352.805 279.925 0.535631
248.554 282.728 0.498674
256.202 284.461 0.392803
259.393 285.071 0.316243
262.925 285.143 0.244122
266.514 285.477 0.201778
269.669 285.979 0.190452
272.578 286.659 0.193893
274.983 286.604 0.207053
278.199 286.738 0.229354
280.126 287.217 0.250382
281.899 287.89 0.269897
283.974 287.936 0.266019
286.251 288.035 0.278212
288.297 288.297 0.295504
289.987 288.329 0.306697
291.797 288.166 0.313701
293.409 288.413 0.317936
295.161 288.235 0.322803
296.616 288.194 0.324173
298.33 288.23 0.329363
300 288.275 0.332838
301.67 288.23 0.329363
303.384 288.194 0.324173
304.839 288.235 0.322803
306.591 288.413 0.317936
308.203 288.166 0.313701
310.013 288.329 0.306697
311.703 288.297 0.295504
313.749 288.035 0.278212
316.026 287.936 0.266019
318.101 287.89 0.269897
319.874 287.217 0.250382
321.801 286.738 0.229354
325.017 286.604 0.207053
327.422 286.659 0.193893
330.331 285.979 0.190452
333.486 285.477 0.201778
337.075 285.143 0.244122
340.607 285.071 0.316243
343.798 284.461 0.392803
351.446 282.728 0.498674
244.243 284.939 0.583388
249.353 285.602 0.459232
256.63 286.931 0.367343
259.687 287.063 0.29275
263.389 287.531 0.232845
266.257 287.667 0.193902
270.452 288.068 0.193498
272.483 288.628 0.201062
275.047 288.547 0.209642
278.353 289.215 0.23599
280.142 288.886 0.258833
282.321 289.159 0.270182
284.024 289.352 0.276193
286.43 289.77 0.290445
288.329 289.987 0.306697
289.962 289.962 0.313032
291.59 290.073 0.325215
293.243 289.789 0.329196
294.847 289.698 0.331405
296.702 289.976 0.33622
298.361 289.862 0.338217
300 289.754 0.332956
301.639 289.862 0.338217
303.298 289.976 0.33622
305.153 289.698 0.331405
306.757 289.789 0.329196
308.41 290.073 0.325215
310.038 289.962 0.313032
311.671 289.987 0.306697
313.57 289.77 0.290445
315.976 289.352 0.276193
317.679 289.159 0.270182
319.858 288.886 0.258833
321.647 289.215 0.23599
324.953 288.547 0.209642
327.517 288.628 0.201062
329.548 288.068 0.193498
333.743 287.667 0.193902
336.611 287.531 0.232845
340.313 287.063 0.29275
343.37 286.931 0.367343
350.647 285.602 0.459232
355.757 284.939 0.583388
244.307 288.069 0.571091
250.666 288.615 0.429051
256.809 288.967 0.344621
260.71 289.357 0.273999
263.814 289.686 0.216865
267.218 289.793 0.185121
270.556 290.38 0.193715
273.491 290.596 0.211715
276.054 291.024 0.221652
278.612 291.462 0.244729
280.326 291.003 0.261842
282.264 291.051 0.267627
284.326 291.316 0.275699
286.414 291.17 0.296819
288.166 291.797 0.313701
290.073 291.59 0.325215
291.531 291.531 0.333732
293.611 291.683 0.336226
294.89 291.687 0.343977
296.608 292.091 0.352113
298.255 291.903 0.351715
300 291.962 0.347859
301.745 291.903 0.351715
303.392 292.091 0.352113
305.11 291.687 0.343977
306.389 291.683 0.336226
308.469 291.531 0.333732
309.927 291.59 0.325215
311.834 291.797 0.313701
313.586 291.17 0.296819
315.674 291.316 0.275699
317.736 291.051 0.267627
319.674 291.003 0.261842
321.388 291.462 0.244729
323.946 291.024 0.221652
326.509 290.596 0.211715
329.444 290.38 0.193715
332.782 289.793 0.185121
336.186 289.686 0.216865
339.29 289.357 0.273999
343.191 288.967 0.344621
349.334 288.615 0.429051
355.693 288.069 0.571091
243.436 290.952 0.545495
251.371 291.137 0.41379
256.996 291.403 0.330562
260.953 291.735 0.261902
264.34 291.898 0.212111
267.52 292.233 0.185974
270.943 292.391 0.200022
273.538 292.318 0.215216
275.961 292.7 0.232763
278.241 292.805 0.249668
280.102 293.023 0.267053
282.116 293.031 0.273469
284.709 292.961 0.283836
286.771 293.277 0.308405
288.413 293.409 0.317936
289.789 293.243 0.329196
291.683 293.611 0.336226
293.506 293.506 0.35219
295.011 293.509 0.358564
296.837 293.762 0.364503
298.339 293.838 0.368966
300 294.053 0.366965
301.661 293.838 0.368966
303.163 293.762 0.364503
304.989 293.509 0.358564
306.494 293.506 0.35219
308.317 293.611 0.336226
310.211 293.243 0.329196
311.587 293.409 0.317936
313.229 293.277 0.308405
315.291 292.961 0.283836
317.884 293.031 0.273469
319.898 293.023 0.267053
321.759 292.805 0.249668
324.039 292.7 0.232763
326.462 292.318 0.215216
329.057 292.391 0.200022
332.48 292.233 0.185974
335.66 291.898 0.212111
339.047 291.735 0.261902
343.004 291.403 0.330562
348.629 291.137 0.41379
356.564 290.952 0.545495
243.303 293.4 0.539814
252.023 293.774 0.418323
257.139 293.552 0.323459
260.438 293.977 0.25148
264.497 293.813 0.203953
267.666 294.172 0.189097
271.075 294.34 0.199573
273.625 294.296 0.223822
275.989 294.401 0.239355
278.353 294.506 0.258444
279.99 294.608 0.266531
282.242 294.865 0.272013
285.071 294.856 0.290895
286.563 294.985 0.304602
288.235 295.161 0.322803
289.698 294.847 0.331405
291.687 294.89 0.343977
293.509 295.011 0.358564
295.164 295.164 0.372123
296.775 295.271 0.374521
298.305 294.952 0.374078
300 294.749 0.370712
301.695 294.952 0.374078
303.225 295.271 0.374521
304.836 295.164 0.372123
306.491 295.011 0.358564
308.313 294.89 0.343977
310.302 294.847 0.331405
311.765 295.161 0.322803
313.437 294.985 0.304602
314.929 294.856 0.290895
317.758 294.865 0.272013
320.01 294.608 0.266531
321.647 294.506 0.258444
324.011 294.401 0.239355
326.375 294.296 0.223822
328.925 294.34 0.199573
332.334 294.172 0.189097
335.503 293.813 0.203953
339.562 293.977 0.25148
342.861 293.552 0.323459
347.977 293.774 0.418323
356.697 293.4 0.539814
243.134 295.665 0.532327
252.191 296.079 0.41438
257.274 295.611 0.315164
260.766 295.876 0.247173
265.046 295.814 0.20009
267.721 296.141 0.196552
271.285 296.098 0.206395
273.654 296.583 0.222218
276.267 296.405 0.246593
278.615 296.325 0.256214
280.447 296.364 0.266712
282.521 296.664 0.275195
284.672 296.789 0.291234
286.854 296.956 0.319606
288.194 296.616 0.324173
289.976 296.702 0.33622
292.091 296.608 0.352113
293.762 296.837 0.364503
295.271 296.775 0.374521
296.665 296.665 0.379051
298.181 296.408 0.377102
300 296.094 0.358318
301.819 296.408 0.377102
303.335 296.665 0.379051
304.729 296.775 0.374521
306.238 296.837 0.364503
307.909 296.608 0.352113
310.024 296.702 0.33622
311.806 296.616 0.324173
313.146 296.956 0.319606
315.328 296.789 0.291234
317.479 296.664 0.275195
319.553 296.364 0.266712
321.385 296.325 0.256214
323.733 296.405 0.246593
326.346 296.583 0.222218
328.715 296.098 0.206395
332.279 296.141 0.196552
334.954 295.814 0.20009
339.234 295.876 0.247173
342.726 295.611 0.315164
347.809 296.079 0.41438
356.866 295.665 0.532327
243.419 298.047 0.535666
251.98 297.795 0.403419
257.662 297.845 0.315537
260.811 297.981 0.245008
265.199 297.704 0.200524
267.463 298.101 0.195788
271.322 298.242 0.203842
273.816 298.532 0.228344
276.126 298.401 0.244439
278.742 298.465 0.254669
280.532 298.084 0.270533
282.819 298.456 0.285911
285.004 298.24 0.304853
286.918 298.548 0.324036
288.23 298.33 0.329363
289.862 298.361 0.338217
291.903 298.255 0.351715
293.838 298.339 0.368966
294.952 298.305 0.374078
296.408 298.181 0.377102
298.053 298.053 0.351791
300 298.253 0.32864
301.947 298.053 0.351791
303.592 298.181 0.377102
305.048 298.305 0.374078
306.162 298.339 0.368966
308.097 298.255 0.351715
310.138 298.361 0.338217
311.77 298.33 0.329363
313.082 298.548 0.324036
314.996 298.24 0.304853
317.181 298.456 0.285911
319.468 298.084 0.270533
321.258 298.465 0.254669
323.874 298.401 0.244439
326.184 298.532 0.228344
328.678 298.242 0.203842
332.537 298.101 0.195788
334.801 297.704 0.200524
339.189 297.981 0.245008
342.338 297.845 0.315537
348.02 297.795 0.403419
356.581 298.047 0.535666
243.096 300 0.53939
251.948 300 0.396625
257.806 300 0.310851
260.668 300 0.243752
265.142 300 0.199104
267.704 300 0.187758
271.27 300 0.211865
273.677 300 0.228645
275.926 300 0.240605
278.937 300 0.259343
280.47 300 0.270053
282.665 300 0.286718
284.83 300 0.308374
286.735 300 0.329616
288.275 300 0.332838
289.754 300 0.332956
291.962 300 0.347859
294.053 300 0.366965
294.749 300 0.370712
296.094 300 0.358318
298.253 300 0.32864
300 300 0.30509
301.747 300 0.32864
303.906 300 0.358318
305.251 300 0.370712
305.947 300 0.366965
308.038 300 0.347859
310.246 300 0.332956
311.725 300 0.332838
313.265 300 0.329616
315.17 300 0.308374
317.335 300 0.286718
319.53 300 0.270053
321.063 300 0.259343
324.074 300 0.240605
326.323 300 0.228645
328.73 300 0.211865
332.296 300 0.187758
334.858 300 0.199104
339.332 300 0.243752
342.194 300 0.310851
348.052 300 0.396625
356.904 300 0.53939
243.419 301.953 0.535666
251.98 302.205 0.403419
257.662 302.155 0.315537
260.811 302.019 0.245008
265.199 302.296 0.200524
267.463 301.899 0.195788
271.322 301.758 0.203842
273.816 301.468 0.228344
276.126 301.599 0.244439
278.742 301.535 0.254669
280.532 301.916 0.270533
282.819 301.544 0.285911
285.004 301.76 0.304853
286.918 301.452 0.324036
288.23 301.67 0.329363
289.862 301.639 0.338217
291.903 301.745 0.351715
293.838 301.661 0.368966
294.952 301.695 0.374078
296.408 301.819 0.377102
298.053 301.947 0.351791
300 301.747 0.32864
301.947 301.947 0.351791
303.592 301.819 0.377102
305.048 301.695 0.374078
306.162 301.661 0.368966
308.097 301.745 0.351715
310.138 301.639 0.338217
311.77 301.67 0.329363
313.082 301.452 0.324036
314.996 301.76 0.304853
317.181 301.544 0.285911
319.468 301.916 0.270533
321.258 301.535 0.254669
323.874 301.599 0.244439
326.184 301.468 0.228344
328.678 301.758 0.203842
332.537 301.899 0.195788
334.801 302.296 0.200524
339.189 302.019 0.245008
342.338 302.155 0.315537
348.02 302.205 0.403419
356.581 301.953 0.535666
243.134 304.335 0.532327
252.191 303.921 0.41438
257.274 304.389 0.315164
260.766 304.124 0.247173
265.046 304.186 0.20009
267.721 303.859 0.196552
271.285 303.902 0.206395
273.654 303.417 0.222218
276.267 303.595 0.246593
278.615 303.675 0.256214
280.447 303.636 0.266712
282.521 303.336 0.275195
284.672 303.211 0.291234
286.854 303.044 0.319606
288.194 303.384 0.324173
289.976 303.298 0.33622
292.091 303.392 0.352113
293.762 303.163 0.364503
295.271 303.225 0.374521
296.665 303.335 0.379051
298.181 303.592 0.377102
300 303.906 0.358318
301.819 303.592 0.377102
303.335 303.335 0.379051
304.729 303.225 0.374521
306.238 303.163 0.364503
307.909 303.392 0.352113
310.024 303.298 0.33622
311.806 303.384 0.324173
313.146 303.044 0.319606
315.328 303.211 0.291234
317.479 303.336 0.275195
319.553 303.636 0.266712
321.385 303.675 0.256214
323.733 303.595 0.246593
326.346 303.417 0.222218
328.715 303.902 0.206395
332.279 303.859 0.196552
334.954 304.186 0.20009
339.234 304.124 0.247173
342.726 304.389 0.315164
347.809 303.921 0.41438
356.866 304.335 0.532327
243.303 306.6 0.539814
252.023 306.226 0.418323
257.139 306.448 0.323459
260.438 306.023 0.25148
264.497 306.187 0.203953
267.666 305.828 0.189097
271.075 305.66 0.199573
273.625 305.704 0.223822
275.989 305.599 0.239355
278.353 305.494 0.258444
279.99 305.392 0.266531
282.242 305.135 0.272013
285.071 305.144 0.290895
286.563 305.015 0.304602
288.235 304.839 0.322803
289.698 305.153 0.331405
291.687 305.11 0.343977
293.509 304.989 0.358564
295.164 304.836 0.372123
296.775 304.729 0.374521
298.305 305.048 0.374078
300 305.251 0.370712
301.695 305.048 0.374078
303.225 304.729 0.374521
304.836 304.836 0.372123
306.491 304.989 0.358564
308.313 305.11 0.343977
310.302 305.153 0.331405
311.765 304.839 0.322803
313.437 305.015 0.304602
314.929 305.144 0.290895
317.758 305.135 0.272013
320.01 305.392 0.266531
321.647 305.494 0.258444
324.011 305.599 0.239355
326.375 305.704 0.223822
328.925 305.66 0.199573
332.334 305.828 0.189097
335.503 306.187 0.203953
339.562 306.023 0.25148
342.861 306.448 0.323459
347.977 306.226 0.418323
356.697 306.6 0.539814
243.436 309.048 0.545495
251.371 308.863 0.41379
256.996 308.597 0.330562
260.953 308.265 0.261902
264.34 308.102 0.212111
267.52 307.767 0.185974
270.943 307.609 0.200022
273.538 307.682 0.215216
275.961 307.3 0.232763
278.241 307.195 0.249668
280.102 306.977 0.267053
282.116 306.969 0.273469
284.709 307.039 0.283836
286.771 306.723 0.308405
288.413 306.591 0.317936
289.789 306.757 0.329196
291.683 306.389 0.336226
293.506 306.494 0.35219
295.011 306.491 0.358564
296.837 306.238 0.364503
298.339 306.162 0.368966
300 305.947 0.366965
301.661 306.162 0.368966
303.163 306.238 0.364503
304.989 306.491 0.358564
306.494 306.494 0.35219
308.317 306.389 0.336226
310.211 306.757 0.329196
311.587 306.591 0.317936
313.229 306.723 0.308405
315.291 307.039 0.283836
317.884 306.969 0.273469
319.898 306.977 0.267053
321.759 307.195 0.249668
324.039 307.3 0.232763
326.462 307.682 0.215216
329.057 307.609 0.200022
332.48 307.767 0.185974
335.66 308.102 0.212111
339.047 308.265 0.261902
343.004 308.597 0.330562
348.629 308.863 0.41379
356.564 309.048 0.545495
244.307 311.931 0.571091
250.666 311.385 0.429051
256.809 311.033 0.344621
260.71 310.643 0.273999
263.814 310.314 0.216865
267.218 310.207 0.185121
270.556 309.62 0.193715
273.491 309.404 0.211715
276.054 308.976 0.221652
278.612 308.538 0.244729
280.326 308.997 0.261842
282.264 308.949 0.267627
284.326 308.684 0.275699
286.414 308.83 0.296819
288.166 308.203 0.313701
290.073 308.41 0.325215
291.531 308.469 0.333732
293.611 308.317 0.336226
294.89 308.313 0.343977
296.608 307.909 0.352113
298.255 308.097 0.351715
300 308.038 0.347859
301.745 308.097 0.351715
303.392 307.909 0.352113
305.11 308.313 0.343977
306.389 308.317 0.336226
308.469 308.469 0.333732
309.927 308.41 0.325215
311.834 308.203 0.313701
313.586 308.83 0.296819
315.674 308.684 0.275699
317.736 308.949 0.267627
319.674 308.997 0.261842
321.388 308.538 0.244729
323.946 308.976 0.221652
326.509 309.404 0.211715
329.444 309.62 0.193715
332.782 310.207 0.185121
336.186 310.314 0.216865
339.29 310.643 0.273999
343.191 311.033 0.344621
349.334 311.385 0.429051
355.693 311.931 0.571091
244.243 315.061 0.583388
249.353 314.398 0.459232
256.63 313.069 0.367343
259.687 312.937 0.29275
263.389 312.469 0.232845
266.257 312.333 0.193902
270.452 311.932 0.193498
272.483 311.372 0.201062
275.047 311.453 0.209642
278.353 310.785 0.23599
280.142 311.114 0.258833
282.321 310.841 0.270182
284.024 310.648 0.276193
286.43 310.23 0.290445
288.329 310.013 0.306697
289.962 310.038 0.313032
291.59 309.927 0.325215
293.243 310.211 0.329196
294.847 310.302 0.331405
296.702 310.024 0.33622
298.361 310.138 0.338217
300 310.246 0.332956
301.639 310.138 0.338217
303.298 310.024 0.33622
305.153 310.302 0.331405
306.757 310.211 0.329196
308.41 309.927 0.325215
310.038 310.038 0.313032
311.671 310.013 0.306697
313.57 310.23 0.290445
315.976 310.648 0.276193
317.679 310.841 0.270182
319.858 311.114 0.258833
321.647 310.785 0.23599
324.953 311.453 0.209642
327.517 311.372 0.201062
329.548 311.932 0.193498
333.743 312.333 0.193902
336.611 312.469 0.232845
340.313 312.937 0.29275
343.37 313.069 0.367343
350.647 314.398 0.459232
355.757 315.061 0.583388
248.554 317.272 0.498674
256.202 315.539 0.392803
259.393 314.929 0.316243
262.925 314.857 0.244122
266.514 314.523 0.201778
269.669 314.021 0.190452
272.578 313.341 0.193893
274.983 313.396 0.207053
278.199 313.262 0.229354
280.126 312.783 0.250382
281.899 312.11 0.269897
283.974 312.064 0.266019
286.251 311.965 0.278212
288.297 311.703 0.295504
289.987 311.671 0.306697
291.797 311.834 0.313701
293.409 311.587 0.317936
295.161 311.765 0.322803
296.616 311.806 0.324173
298.33 311.77 0.329363
300 311.725 0.332838
301.67 311.77 0.329363
303.384 311.806 0.324173
304.839 311.765 0.322803
306.591 311.587 0.317936
308.203 311.834 0.313701
310.013 311.671 0.306697
311.703 311.703 0.295504
313.749 311.965 0.278212
316.026 312.064 0.266019
318.101 312.11 0.269897
319.874 312.783 0.250382
321.801 313.262 0.229354
325.017 313.396 0.207053
327.422 313.341 0.193893
330.331 314.021 0.190452
333.486 314.523 0.201778
337.075 314.857 0.244122
340.607 314.929 0.316243
343.798 315.539 0.392803
351.446 317.272 0.498674
247.195 320.075 0.535631
254.658 318.533 0.415213
259.542 317.553 0.342168
263.025 317.039 0.271099
265.914 316.758 0.21828
268.721 316.284 0.191468
272.611 315.47 0.192945
274.953 315.058 0.208081
277.757 315.135 0.218969
279.866 314.653 0.242707
281.764 314.395 0.250142
283.768 313.952 0.253267
285.893 314.107 0.258179
288.035 313.749 0.278212
289.77 313.57 0.290445
291.17 313.586 0.296819
293.277 313.229 0.308405
294.985 313.437 0.304602
296.956 313.146 0.319606
298.548 313.082 0.324036
300 313.265 0.329616
301.452 313.082 0.324036
303.044 313.146 0.319606
305.015 313.437 0.304602
306.723 313.229 0.308405
308.83 313.586 0.296819
310.23 313.57 0.290445
311.965 313.749 0.278212
314.107 314.107 0.258179
316.232 313.952 0.253267
318.236 314.395 0.250142
320.134 314.653 0.242707
322.243 315.135 0.218969
325.047 315.058 0.208081
327.389 315.47 0.192945
331.279 316.284 0.191468
334.086 316.758 0.21828
336.975 317.039 0.271099
340.458 317.553 0.342168
345.342 318.533 0.415213
352.805 320.075 0.535631
247.359 322.886 0.586514
252.221 322.013 0.461011
258.999 320.581 0.379139
261.854 319.866 0.304074
265.531 319.397 0.242877
268.71 318.299 0.202104
271.815 318.229 0.192147
274.456 317.731 0.194291
276.837 316.943 0.21218
279.415 316.325 0.223067
281.339 316.525 0.231148
283.847 316.153 0.242833
286.048 316.232 0.253267
287.936 316.026 0.266019
289.352 315.976 0.276193
291.316 315.674 0.275699
292.961 315.291 0.283836
294.856 314.929 0.290895
296.789 315.328 0.291234
298.24 314.996 0.304853
300 315.17 0.308374
301.76 314.996 0.304853
303.211 315.328 0.291234
305.144 314.929 0.290895
307.039 315.291 0.283836
308.684 315.674 0.275699
310.648 315.976 0.276193
312.064 316.026 0.266019
313.952 316.232 0.253267
316.153 316.153 0.242833
318.661 316.525 0.231148
320.585 316.325 0.223067
323.163 316.943 0.21218
325.544 317.731 0.194291
328.185 318.229 0.192147
331.29 318.299 0.202104
334.469 319.397 0.242877
338.146 319.866 0.304074
341.001 320.581 0.379139
347.779 322.013 0.461011
352.641 322.886 0.586514
250.376 326.012 0.532037
257.64 323.635 0.42166
261.632 322.545 0.348806
265.004 321.386 0.276521
268.2 321.645 0.229603
271.357 320.469 0.201331
273.973 320.072 0.189033
276.676 319.772 0.197834
278.815 318.596 0.201979
281.466 318.534 0.215798
283.475 318.661 0.231148
285.605 318.236 0.250142
287.89 318.101 0.269897
289.159 317.679 0.270182
291.051 317.736 0.267627
293.031 317.884 0.273469
294.865 317.758 0.272013
296.664 317.479 0.275195
298.456 317.181 0.285911
300 317.335 0.286718
301.544 317.181 0.285911
303.336 317.479 0.275195
305.135 317.758 0.272013
306.969 317.884 0.273469
308.949 317.736 0.267627
310.841 317.679 0.270182
312.11 318.101 0.269897
314.395 318.236 0.250142
316.525 318.661 0.231148
318.534 318.534 0.215798
321.185 318.596 0.201979
323.324 319.772 0.197834
326.027 320.072 0.189033
328.643 320.469 0.201331
331.8 321.645 0.229603
334.996 321.386 0.276521
338.368 322.545 0.348806
342.36 323.635 0.42166
349.624 326.012 0.532037
250.45 328.988 0.603653
254.388 328.019 0.482311
260.428 325.318 0.383615
264.616 324.472 0.325944
267.272 323.216 0.261912
270.056 323.723 0.209427
273.48 322.304 0.195587
275.758 321.659 0.189669
278.455 321.545 0.187026
281.404 321.185 0.201979
283.675 320.585 0.223067
285.347 320.134 0.242707
287.217 319.874 0.250382
288.886 319.858 0.258833
291.003 319.674 0.261842
293.023 319.898 0.267053
294.608 320.01 0.266531
296.364 319.553 0.266712
298.084 319.468 0.270533
300 319.53 0.270053
301.916 319.468 0.270533
303.636 319.553 0.266712
305.392 320.01 0.266531
306.977 319.898 0.267053
308.997 319.674 0.261842
311.114 319.858 0.258833
312.783 319.874 0.250382
314.653 320.134 0.242707
316.325 320.585 0.223067
318.596 321.185 0.201979
321.545 321.545 0.187026
324.242 321.659 0.189669
326.52 322.304 0.195587
329.944 323.723 0.209427
332.728 323.216 0.261912
335.384 324.472 0.325944
339.572 325.318 0.383615
345.612 328.019 0.482311
349.55 328.988 0.603653
252.142 332.286 0.547506
257.774 330.325 0.436475
263.528 327.395 0.360813
266.595 326.665 0.307132
269.976 325.473 0.249179
272.372 325.334 0.205142
275.797 324.203 0.195791
278.341 324.242 0.189669
280.228 323.324 0.197834
283.057 323.163 0.21218
284.865 322.243 0.218969
286.738 321.801 0.229354
289.215 321.647 0.23599
291.462 321.388 0.244729
292.805 321.759 0.249668
294.506 321.647 0.258444
296.325 321.385 0.256214
298.465 321.258 0.254669
300 321.063 0.259343
301.535 321.258 0.254669
303.675 321.385 0.256214
305.494 321.647 0.258444
307.195 321.759 0.249668
308.538 321.388 0.244729
310.785 321.647 0.23599
313.262 321.801 0.229354
315.135 322.243 0.218969
316.943 323.163 0.21218
319.772 323.324 0.197834
321.659 324.242 0.189669
324.203 324.203 0.195791
327.628 325.334 0.205142
330.024 325.473 0.249179
333.405 326.665 0.307132
336.472 327.395 0.360813
342.226 330.325 0.436475
347.858 332.286 0.547506
255.231 334.543 0.521972
261.18 331.317 0.421026
265.85 329.349 0.359479
268.786 329.015 0.290736
271.977 328.023 0.243723
274.666 327.628 0.205142
277.696 326.52 0.195587
279.928 326.027 0.189033
282.269 325.544 0.194291
284.942 325.047 0.208081
286.604 325.017 0.207053
288.547 324.953 0.209642
291.024 323.946 0.221652
292.7 324.039 0.232763
294.401 324.011 0.239355
296.405 323.733 0.246593
298.401 323.874 0.244439
300 324.074 0.240605
301.599 323.874 0.244439
303.595 323.733 0.246593
305.599 324.011 0.239355
307.3 324.039 0.232763
308.976 323.946 0.221652
311.453 324.953 0.209642
313.396 325.017 0.207053
315.058 325.047 0.208081
317.731 325.544 0.194291
320.072 326.027 0.189033
322.304 326.52 0.195587
325.334 327.628 0.205142
328.023 328.023 0.243723
331.214 329.015 0.290736
334.15 329.349 0.359479
338.82 331.317 0.421026
344.769 334.543 0.521972
257.755 336.431 0.508992
264.17 332.732 0.418415
268.646 331.354 0.365071
270.985 331.214 0.290736
274.527 330.024 0.249179
276.277 329.944 0.209427
279.531 328.643 0.201331
281.771 328.185 0.192147
284.53 327.389 0.192945
286.659 327.422 0.193893
288.628 327.517 0.201062
290.596 326.509 0.211715
292.318 326.462 0.215216
294.296 326.375 0.223822
296.583 326.346 0.222218
298.532 326.184 0.228344
300 326.323 0.228645
301.468 326.184 0.228344
303.417 326.346 0.222218
305.704 326.375 0.223822
307.682 326.462 0.215216
309.404 326.509 0.211715
311.372 327.517 0.201062
313.341 327.422 0.193893
315.47 327.389 0.192945
318.229 328.185 0.192147
320.469 328.643 0.201331
323.723 329.944 0.209427
325.473 330.024 0.249179
329.015 331.214 0.290736
331.354 331.354 0.365071
335.83 332.732 0.418415
342.245 336.431 0.508992
257.199 340.014 0.59438
261.433 338.567 0.504494
267.268 335.83 0.418415
270.651 334.15 0.359479
273.335 333.405 0.307132
276.784 332.728 0.261912
278.355 331.8 0.229603
281.701 331.29 0.202104
283.716 331.279 0.191468
285.979 330.331 0.190452
288.068 329.548 0.193498
290.38 329.444 0.193715
292.391 329.057 0.200022
294.34 328.925 0.199573
296.098 328.715 0.206395
298.242 328.678 0.203842
300 328.73 0.211865
301.758 328.678 0.203842
303.902 328.715 0.206395
305.66 328.925 0.199573
307.609 329.057 0.200022
309.62 329.444 0.193715
311.932 329.548 0.193498
314.021 330.331 0.190452
316.284 331.279 0.191468
318.299 331.29 0.202104
321.645 331.8 0.229603
323.216 332.728 0.261912
326.665 333.405 0.307132
329.349 334.15 0.359479
332.732 335.83 0.418415
338.567 338.567 0.504494
342.801 340.014 0.59438
259.986 342.801 0.59438
263.569 342.245 0.508992
268.683 338.82 0.421026
272.605 336.472 0.360813
275.528 335.384 0.325944
278.614 334.996 0.276521
280.603 334.469 0.242877
283.242 334.086 0.21828
285.477 333.486 0.201778
287.667 333.743 0.193902
289.793 332.782 0.185121
292.233 332.48 0.185974
294.172 332.334 0.189097
296.141 332.279 0.196552
298.101 332.537 0.195788
300 332.296 0.187758
301.899 332.537 0.195788
303.859 332.279 0.196552
305.828 332.334 0.189097
307.767 332.48 0.185974
310.207 332.782 0.185121
312.333 333.743 0.193902
314.523 333.486 0.201778
316.758 334.086 0.21828
319.397 334.469 0.242877
321.386 334.996 0.276521
324.472 335.384 0.325944
327.395 336.472 0.360813
331.317 338.82 0.421026
336.431 342.245 0.508992
340.014 342.801 0.59438
265.457 344.769 0.521972
269.675 342.226 0.436475
274.682 339.572 0.383615
277.455 338.368 0.348806
280.134 338.146 0.304074
282.961 336.975 0.271099
285.143 337.075 0.244122
287.531 336.611 0.232845
289.686 336.186 0.216865
291.898 335.66 0.212111
293.813 335.503 0.203953
295.814 334.954 0.20009
297.704 334.801 0.200524
300 334.858 0.199104
302.296 334.801 0.200524
304.186 334.954 0.20009
306.187 335.503 0.203953
308.102 335.66 0.212111
310.314 336.186 0.216865
312.469 336.611 0.232845
314.857 337.075 0.244122
317.039 336.975 0.271099
319.866 338.146 0.304074
322.545 338.368 0.348806
325.318 339.572 0.383615
330.325 342.226 0.436475
334.543 344.769 0.521972
267.714 347.858 0.547506
271.981 345.612 0.482311
276.365 342.36 0.42166
279.419 341.001 0.379139
282.447 340.458 0.342168
285.071 340.607 0.316243
287.063 340.313 0.29275
289.357 339.29 0.273999
291.735 339.047 0.261902
293.977 339.562 0.25148
295.876 339.234 0.247173
297.981 339.189 0.245008
300 339.332 0.243752
302.019 339.189 0.245008
304.124 339.234 0.247173
306.023 339.562 0.25148
308.265 339.047 0.261902
310.643 339.29 0.273999
312.937 340.313 0.29275
314.929 340.607 0.316243
317.553 340.458 0.342168
320.581 341.001 0.379139
323.635 342.36 0.42166
328.019 345.612 0.482311
332.286 347.858 0.547506
271.012 349.55 0.603653
273.988 349.624 0.532037
277.987 347.779 0.461011
281.467 345.342 0.415213
284.461 343.798 0.392803
286.931 343.37 0.367343
288.967 343.191 0.344621
291.403 343.004 0.330562
293.552 342.861 0.323459
295.611 342.726 0.315164
297.845 342.338 0.315537
300 342.194 0.310851
302.155 342.338 0.315537
304.389 342.726 0.315164
306.448 342.861 0.323459
308.597 343.004 0.330562
311.033 343.191 0.344621
313.069 343.37 0.367343
315.539 343.798 0.392803
318.533 345.342 0.415213
322.013 347.779 0.461011
326.012 349.624 0.532037
328.988 349.55 0.603653
277.114 352.641 0.586514
279.925 352.805 0.535631
282.728 351.446 0.498674
285.602 350.647 0.459232
288.615 349.334 0.429051
291.137 348.629 0.41379
293.774 347.977 0.418323
296.079 347.809 0.41438
297.795 348.02 0.403419
300 348.052 0.396625
302.205 348.02 0.403419
303.921 347.809 0.41438
306.226 347.977 0.418323
308.863 348.629 0.41379
311.385 349.334 0.429051
314.398 350.647 0.459232
317.272 351.446 0.498674
320.075 352.805 0.535631
322.886 352.641 0.586514
284.939 355.757 0.583388
288.069 355.693 0.571091
290.952 356.564 0.545495
293.4 356.697 0.539814
295.665 356.866 0.532327
298.047 356.581 0.535666
300 356.904 0.53939
301.953 356.581 0.535666
304.335 356.866 0.532327
306.6 356.697 0.539814
309.048 356.564 0.545495
311.931 355.693 0.571091
315.061 355.757 0.583388
end.
