begin.
278.345 221.409 0.565905
283.419 222.671 0.554655
287.309 221.209 0.532684
290.669 221.389 0.527124
293.605 220.968 0.513759
297.08 222.039 0.514834
300 220.989 0.518178
302.92 222.039 0.514834
306.395 220.968 0.513759
309.331 221.389 0.527124
312.691 221.209 0.532684
316.581 222.671 0.554655
321.655 221.409 0.565905
268.234 225.745 0.569852
272.158 226.189 0.518437
276.288 230.061 0.476865
280.136 232.06 0.441797
284.556 233.706 0.423029
288.011 233.258 0.404326
291.32 233.254 0.400601
294.646 233.811 0.39653
296.639 233.836 0.386154
300 233.974 0.377451
303.361 233.836 0.386154
305.354 233.811 0.39653
308.68 233.254 0.400601
311.989 233.258 0.404326
315.444 233.706 0.423029
319.864 232.06 0.441797
323.712 230.061 0.476865
327.842 226.189 0.518437
331.766 225.745 0.569852
259.417 230.421 0.579259
264.383 231.145 0.505151
270.567 235.594 0.44228
275.119 237.252 0.40268
278.092 238.876 0.372564
282.114 238.687 0.339731
284.856 238.407 0.311031
288.004 238.721 0.291152
290.502 238.684 0.282041
293.618 239.171 0.266484
297.178 239.287 0.262672
300 239.26 0.263094
302.822 239.287 0.262672
306.382 239.171 0.266484
309.498 238.684 0.282041
311.996 238.721 0.291152
315.144 238.407 0.311031
317.886 238.687 0.339731
321.908 238.876 0.372564
324.881 237.252 0.40268
329.433 235.594 0.44228
335.617 231.145 0.505151
340.583 230.421 0.579259
253.93 232.81 0.527086
262.138 238.581 0.454824
267.607 242.022 0.411924
271.548 242.995 0.36331
274.265 243.141 0.308515
278.458 242.276 0.271981
281.581 242.332 0.237648
285.312 244.706 0.209554
288.467 245.155 0.201329
291.681 244.007 0.187864
294.288 244.884 0.17965
297.214 245.39 0.181638
300 245.169 0.182761
302.786 245.39 0.181638
305.712 244.884 0.17965
308.319 244.007 0.187864
311.533 245.155 0.201329
314.688 244.706 0.209554
318.419 242.332 0.237648
321.542 242.276 0.271981
325.735 243.141 0.308515
328.452 242.995 0.36331
332.393 242.022 0.411924
337.862 238.581 0.454824
346.07 232.81 0.527086
251.899 237.578 0.507679
258.806 243.254 0.420963
264.294 245.57 0.370371
268.029 245.74 0.317167
272.268 245.128 0.266394
276.171 247.603 0.211741
278.765 246.797 0.178172
282.449 248.447 0.164167
285.385 248.631 0.161569
288.556 249.891 0.151515
291.223 250.003 0.141246
293.683 250.849 0.145072
296.731 250.76 0.144095
300 250.441 0.140793
303.269 250.76 0.144095
306.317 250.849 0.145072
308.777 250.003 0.141246
311.444 249.891 0.151515
314.615 248.631 0.161569
317.551 248.447 0.164167
321.235 246.797 0.178172
323.829 247.603 0.211741
327.732 245.128 0.266394
331.971 245.74 0.317167
335.706 245.57 0.370371
341.194 243.254 0.420963
348.101 237.578 0.507679
243.932 239.133 0.569438
250.562 241.505 0.488425
257.423 246.917 0.408704
262.578 249.087 0.348058
264.941 249.272 0.287905
269.499 250.385 0.226204
272.444 250.962 0.178386
275.927 252.377 0.16148
279.493 253.623 0.150149
282.544 252.416 0.142983
285.552 253.842 0.140268
288.36 254.365 0.145069
291.231 254.055 0.147585
294.366 254.152 0.148691
297.267 253.896 0.147365
300 253.726 0.139533
302.733 253.896 0.147365
305.634 254.152 0.148691
308.769 254.055 0.147585
311.64 254.365 0.145069
314.448 253.842 0.140268
317.456 252.416 0.142983
320.507 253.623 0.150149
324.073 252.377 0.16148
327.556 250.962 0.178386
330.501 250.385 0.226204
335.059 249.272 0.287905
337.422 249.087 0.348058
342.577 246.917 0.408704
349.438 241.505 0.488425
356.068 239.133 0.569438
239.133 243.932 0.569438
248.186 248.186 0.477042
254.894 250.604 0.397393
259.563 252.286 0.333169
261.399 251.288 0.262721
267.721 253.583 0.208015
269.17 254.9 0.167664
274.507 256.374 0.154653
276.663 255.895 0.149497
279.549 255.75 0.140299
282.772 256.626 0.127856
286.291 255.583 0.126426
289.224 256.859 0.135503
291.624 257.188 0.138705
294.23 257.626 0.139049
296.989 257.514 0.130923
300 257.14 0.137835
303.011 257.514 0.130923
305.77 257.626 0.139049
308.376 257.188 0.138705
310.776 256.859 0.135503
313.709 255.583 0.126426
317.228 256.626 0.127856
320.451 255.75 0.140299
323.337 255.895 0.149497
325.493 256.374 0.154653
330.83 254.9 0.167664
332.279 253.583 0.208015
338.601 251.288 0.262721
340.437 252.286 0.333169
345.106 250.604 0.397393
351.814 248.186 0.477042
360.867 243.932 0.569438
241.505 250.562 0.488425
250.604 254.894 0.397393
256.657 256.657 0.335061
258.091 255.635 0.249792
264.196 257.738 0.190828
266.002 257.645 0.152759
271.72 259.2 0.146078
273.727 258.882 0.142085
277.933 260.494 0.130303
280.893 260.086 0.133804
283.002 260.184 0.131054
285.993 261.509 0.124201
288.718 261.005 0.122396
291.593 260.895 0.132659
294.775 260.697 0.127934
297.351 260.939 0.129709
300 260.829 0.13478
302.649 260.939 0.129709
305.225 260.697 0.127934
308.407 260.895 0.132659
311.282 261.005 0.122396
314.007 261.509 0.124201
316.998 260.184 0.131054
319.107 260.086 0.133804
322.067 260.494 0.130303
326.273 258.882 0.142085
328.28 259.2 0.146078
333.998 257.645 0.152759
335.804 257.738 0.190828
341.909 255.635 0.249792
343.343 256.657 0.335061
349.396 254.894 0.397393
358.495 250.562 0.488425
237.578 251.899 0.507679
246.917 257.423 0.408704
252.286 259.563 0.333169
255.635 258.091 0.249792
260.851 260.851 0.188253
263.707 260.948 0.154588
268.385 262.364 0.134628
271.325 262.107 0.136955
274.47 262.285 0.127281
278.23 263.247 0.13905
280.611 263.423 0.139775
283.099 263.65 0.133644
286.09 264.873 0.133367
288.651 263.806 0.133563
292.089 263.892 0.126118
294.936 264.808 0.125846
297.691 264.771 0.128275
300 264.67 0.131695
302.309 264.771 0.128275
305.064 264.808 0.125846
307.911 263.892 0.126118
311.349 263.806 0.133563
313.91 264.873 0.133367
316.901 263.65 0.133644
319.389 263.423 0.139775
321.77 263.247 0.13905
325.53 262.285 0.127281
328.675 262.107 0.136955
331.615 262.364 0.134628
336.293 260.948 0.154588
339.149 260.851 0.188253
344.365 258.091 0.249792
347.714 259.563 0.333169
353.083 257.423 0.408704
362.422 251.899 0.507679
232.81 253.93 0.527086
243.254 258.806 0.420963
249.087 262.578 0.348058
251.288 261.399 0.262721
257.738 264.196 0.190828
260.948 263.707 0.154588
265.759 265.759 0.142329
268.86 265.16 0.135517
271.047 266.452 0.132418
275.269 266.025 0.127906
277.346 266.7 0.122894
280.89 266.682 0.133691
283.787 267.143 0.130019
287.071 268.141 0.130743
288.739 267.452 0.13693
292.159 267.373 0.139838
294.671 268.452 0.137551
297.887 268.01 0.141499
300 269.261 0.148283
302.113 268.01 0.141499
305.329 268.452 0.137551
307.841 267.373 0.139838
311.261 267.452 0.13693
312.929 268.141 0.130743
316.213 267.143 0.130019
319.11 266.682 0.133691
322.654 266.7 0.122894
324.731 266.025 0.127906
328.953 266.452 0.132418
331.14 265.16 0.135517
334.241 265.759 0.142329
339.052 263.707 0.154588
342.262 264.196 0.190828
348.712 261.399 0.262721
350.913 262.578 0.348058
356.746 258.806 0.420963
367.19 253.93 0.527086
230.421 259.417 0.579259
238.581 262.138 0.454824
245.57 264.294 0.370371
249.272 264.941 0.287905
253.583 267.721 0.208015
257.645 266.002 0.152759
262.364 268.385 0.134628
265.16 268.86 0.135517
268.853 268.853 0.129689
272.424 268.947 0.126631
274.886 269.618 0.129385
277.996 270.286 0.133304
281.2 270.043 0.125247
283.21 270.076 0.132818
286.658 270.76 0.134882
289.717 270.561 0.142461
292.396 270.258 0.144816
294.493 271.062 0.148371
297.078 271.346 0.154844
300 270.763 0.146583
302.922 271.346 0.154844
305.507 271.062 0.148371
307.604 270.258 0.144816
310.283 270.561 0.142461
313.342 270.76 0.134882
316.79 270.076 0.132818
318.8 270.043 0.125247
322.004 270.286 0.133304
325.114 269.618 0.129385
327.576 268.947 0.126631
331.147 268.853 0.129689
334.84 268.86 0.135517
337.636 268.385 0.134628
342.355 266.002 0.152759
346.417 267.721 0.208015
350.728 264.941 0.287905
354.43 264.294 0.370371
361.419 262.138 0.454824
369.579 259.417 0.579259
231.145 264.383 0.505151
242.022 267.607 0.411924
245.74 268.029 0.317167
250.385 269.499 0.226204
254.9 269.17 0.167664
259.2 271.72 0.146078
262.107 271.325 0.136955
266.452 271.047 0.132418
268.947 272.424 0.126631
272.512 272.512 0.127434
275.065 272.483 0.128382
278.22 273.545 0.126438
282.216 273.124 0.137104
284.276 274.362 0.141017
287.092 273.958 0.136892
290.205 274.053 0.157413
292.259 274.236 0.163989
294.418 274.089 0.157829
297.349 274.445 0.149843
300 274.067 0.148198
302.651 274.445 0.149843
305.582 274.089 0.157829
307.741 274.236 0.163989
309.795 274.053 0.157413
312.908 273.958 0.136892
315.724 274.362 0.141017
317.784 273.124 0.137104
321.78 273.545 0.126438
324.935 272.483 0.128382
327.488 272.512 0.127434
331.053 272.424 0.126631
333.548 271.047 0.132418
337.893 271.325 0.136955
340.8 271.72 0.146078
345.1 269.17 0.167664
349.615 269.499 0.226204
354.26 268.029 0.317167
357.978 267.607 0.411924
368.855 264.383 0.505151
225.745 268.234 0.569852
235.594 270.567 0.44228
242.995 271.548 0.36331
245.128 272.268 0.266394
250.962 272.444 0.178386
256.374 274.507 0.154653
258.882 273.727 0.142085
262.285 274.47 0.127281
266.025 275.269 0.127906
269.618 274.886 0.129385
272.483 275.065 0.128382
276.269 276.269 0.138335
278.379 277.066 0.150317
281.865 276.872 0.152645
284.117 276.496 0.150347
287.632 276.422 0.152423
290.007 276.489 0.159421
291.511 276.336 0.159702
294.673 275.886 0.154802
296.845 276.516 0.14524
300 276.354 0.14094
303.155 276.516 0.14524
305.327 275.886 0.154802
308.489 276.336 0.159702
309.993 276.489 0.159421
312.368 276.422 0.152423
315.883 276.496 0.150347
318.135 276.872 0.152645
321.621 277.066 0.150317
323.731 276.269 0.138335
327.517 275.065 0.128382
330.382 274.886 0.129385
333.975 275.269 0.127906
337.715 274.47 0.127281
341.118 273.727 0.142085
343.626 274.507 0.154653
349.038 272.444 0.178386
354.872 272.268 0.266394
357.005 271.548 0.36331
364.406 270.567 0.44228
374.255 268.234 0.569852
226.189 272.158 0.518437
237.252 275.119 0.40268
243.141 274.265 0.308515
247.603 276.171 0.211741
252.377 275.927 0.16148
255.895 276.663 0.149497
260.494 277.933 0.130303
263.247 278.23 0.13905
266.7 277.346 0.122894
270.286 277.996 0.133304
273.545 278.22 0.126438
277.066 278.379 0.150317
278.562 278.562 0.156977
281.713 279.358 0.163161
284.029 279.278 0.153929
286.561 279.239 0.155128
289.94 279.836 0.163577
291.721 278.898 0.163003
295.336 279.795 0.155653
297.54 280.186 0.156272
300 279.916 0.156269
302.46 280.186 0.156272
304.664 279.795 0.155653
308.279 278.898 0.163003
310.06 279.836 0.163577
313.439 279.239 0.155128
315.971 279.278 0.153929
318.287 279.358 0.163161
321.438 278.562 0.156977
322.934 278.379 0.150317
326.455 278.22 0.126438
329.714 277.996 0.133304
333.3 277.346 0.122894
336.753 278.23 0.13905
339.506 277.933 0.130303
344.105 276.663 0.149497
347.623 275.927 0.16148
352.397 276.171 0.211741
356.859 274.265 0.308515
362.748 275.119 0.40268
373.811 272.158 0.518437
230.061 276.288 0.476865
238.876 278.092 0.372564
242.276 278.458 0.271981
246.797 278.765 0.178172
253.623 279.493 0.150149
255.75 279.549 0.140299
260.086 280.893 0.133804
263.423 280.611 0.139775
266.682 280.89 0.133691
270.043 281.2 0.125247
273.124 282.216 0.137104
276.872 281.865 0.152645
279.358 281.713 0.163161
282.398 282.398 0.160233
284.313 282.32 0.158119
288.001 281.57 0.155987
290.166 282.096 0.15711
292.829 281.877 0.161857
294.95 282.041 0.158912
297.345 282.471 0.168407
300 283.21 0.177625
302.655 282.471 0.168407
305.05 282.041 0.158912
307.171 281.877 0.161857
309.834 282.096 0.15711
311.999 281.57 0.155987
315.687 282.32 0.158119
317.602 282.398 0.160233
320.642 281.713 0.163161
323.128 281.865 0.152645
326.876 282.216 0.137104
329.957 281.2 0.125247
333.318 280.89 0.133691
336.577 280.611 0.139775
339.914 280.893 0.133804
344.25 279.549 0.140299
346.377 279.493 0.150149
353.203 278.765 0.178172
357.724 278.458 0.271981
361.124 278.092 0.372564
369.939 276.288 0.476865
221.409 278.345 0.565905
232.06 280.136 0.441797
238.687 282.114 0.339731
242.332 281.581 0.237648
248.447 282.449 0.164167
252.416 282.544 0.142983
256.626 282.772 0.127856
260.184 283.002 0.131054
263.65 283.099 0.133644
267.143 283.787 0.130019
270.076 283.21 0.132818
274.362 284.276 0.141017
276.496 284.117 0.150347
279.278 284.029 0.153929
282.32 284.313 0.158119
284.665 284.665 0.151514
287.264 284.835 0.155231
289.735 284.629 0.164387
292.13 284.68 0.170593
295.123 285.224 0.172154
297.713 285.035 0.17262
300 284.435 0.169561
302.287 285.035 0.17262
304.877 285.224 0.172154
307.87 284.68 0.170593
310.265 284.629 0.164387
312.736 284.835 0.155231
315.335 284.665 0.151514
317.68 284.313 0.158119
320.722 284.029 0.153929
323.504 284.117 0.150347
325.638 284.276 0.141017
329.924 283.21 0.132818
332.857 283.787 0.130019
336.35 283.099 0.133644
339.816 283.002 0.131054
343.374 282.772 0.127856
347.584 282.544 0.142983
351.553 282.449 0.164167
357.668 281.581 0.237648
361.313 282.114 0.339731
367.94 280.136 0.441797
378.591 278.345 0.565905
222.671 283.419 0.554655
233.706 284.556 0.423029
238.407 284.856 0.311031
244.706 285.312 0.209554
248.631 285.385 0.161569
253.842 285.552 0.140268
255.583 286.291 0.126426
261.509 285.993 0.124201
264.873 286.09 0.133367
268.141 287.071 0.130743
270.76 286.658 0.134882
273.958 287.092 0.136892
276.422 287.632 0.152423
279.239 286.561 0.155128
281.57 288.001 0.155987
284.835 287.264 0.155231
287.555 287.555 0.164054
290.408 287.655 0.173371
292.145 287.19 0.175896
294.777 287.825 0.171105
297.141 287.498 0.171546
300 287.706 0.175399
302.859 287.498 0.171546
305.223 287.825 0.171105
307.855 287.19 0.175896
309.592 287.655 0.173371
312.445 287.555 0.164054
315.165 287.264 0.155231
318.43 288.001 0.155987
320.761 286.561 0.155128
323.578 287.632 0.152423
326.042 287.092 0.136892
329.24 286.658 0.134882
331.859 287.071 0.130743
335.127 286.09 0.133367
338.491 285.993 0.124201
344.417 286.291 0.126426
346.158 285.552 0.140268
351.369 285.385 0.161569
355.294 285.312 0.209554
361.593 284.856 0.311031
366.294 284.556 0.423029
377.329 283.419 0.554655
221.209 287.309 0.532684
233.258 288.011 0.404326
238.721 288.004 0.291152
245.155 288.467 0.201329
249.891 288.556 0.151515
254.365 288.36 0.145069
256.859 289.224 0.135503
261.005 288.718 0.122396
263.806 288.651 0.133563
267.452 288.739 0.13693
270.561 289.717 0.142461
274.053 290.205 0.157413
276.489 290.007 0.159421
279.836 289.94 0.163577
282.096 290.166 0.15711
284.629 289.735 0.164387
287.655 290.408 0.173371
289.952 289.952 0.172849
292.281 289.511 0.172016
295.018 289.468 0.170351
297.329 290.076 0.179258
300 290.398 0.178995
302.671 290.076 0.179258
304.982 289.468 0.170351
307.719 289.511 0.172016
310.048 289.952 0.172849
312.345 290.408 0.173371
315.371 289.735 0.164387
317.904 290.166 0.15711
320.164 289.94 0.163577
323.511 290.007 0.159421
325.947 290.205 0.157413
329.439 289.717 0.142461
332.548 288.739 0.13693
336.194 288.651 0.133563
338.995 288.718 0.122396
343.141 289.224 0.135503
345.635 288.36 0.145069
350.109 288.556 0.151515
354.845 288.467 0.201329
361.279 288.004 0.291152
366.742 288.011 0.404326
378.791 287.309 0.532684
221.389 290.669 0.527124
233.254 291.32 0.400601
238.684 290.502 0.282041
244.007 291.681 0.187864
250.003 291.223 0.141246
254.055 291.231 0.147585
257.188 291.624 0.138705
260.895 291.593 0.132659
263.892 292.089 0.126118
267.373 292.159 0.139838
270.258 292.396 0.144816
274.236 292.259 0.163989
276.336 291.511 0.159702
278.898 291.721 0.163003
281.877 292.829 0.161857
284.68 292.13 0.170593
287.19 292.145 0.175896
289.511 292.281 0.172016
292.28 292.28 0.169159
295.188 293.062 0.162475
297.808 292.28 0.180626
300 292.024 0.180716
302.192 292.28 0.180626
304.812 293.062 0.162475
307.72 292.28 0.169159
310.489 292.281 0.172016
312.81 292.145 0.175896
315.32 292.13 0.170593
318.123 292.829 0.161857
321.102 291.721 0.163003
323.664 291.511 0.159702
325.764 292.259 0.163989
329.742 292.396 0.144816
332.627 292.159 0.139838
336.108 292.089 0.126118
339.105 291.593 0.132659
342.812 291.624 0.138705
345.945 291.231 0.147585
349.997 291.223 0.141246
355.993 291.681 0.187864
361.316 290.502 0.282041
366.746 291.32 0.400601
378.611 290.669 0.527124
220.968 293.605 0.513759
233.811 294.646 0.39653
239.171 293.618 0.266484
244.884 294.288 0.17965
250.849 293.683 0.145072
254.152 294.366 0.148691
257.626 294.23 0.139049
260.697 294.775 0.127934
264.808 294.936 0.125846
268.452 294.671 0.137551
271.062 294.493 0.148371
274.089 294.418 0.157829
275.886 294.673 0.154802
279.795 295.336 0.155653
282.041 294.95 0.158912
285.224 295.123 0.172154
287.825 294.777 0.171105
289.468 295.018 0.170351
293.062 295.188 0.162475
295.229 295.229 0.161443
297.74 294.713 0.178224
300 294.831 0.176488
302.26 294.713 0.178224
304.771 295.229 0.161443
306.938 295.188 0.162475
310.532 295.018 0.170351
312.175 294.777 0.171105
314.776 295.123 0.172154
317.959 294.95 0.158912
320.205 295.336 0.155653
324.114 294.673 0.154802
325.911 294.418 0.157829
328.938 294.493 0.148371
331.548 294.671 0.137551
335.192 294.936 0.125846
339.303 294.775 0.127934
342.374 294.23 0.139049
345.848 294.366 0.148691
349.151 293.683 0.145072
355.116 294.288 0.17965
360.829 293.618 0.266484
366.189 294.646 0.39653
379.032 293.605 0.513759
222.039 297.08 0.514834
233.836 296.639 0.386154
239.287 297.178 0.262672
245.39 297.214 0.181638
250.76 296.731 0.144095
253.896 297.267 0.147365
257.514 296.989 0.130923
260.939 297.351 0.129709
264.771 297.691 0.128275
268.01 297.887 0.141499
271.346 297.078 0.154844
274.445 297.349 0.149843
276.516 296.845 0.14524
280.186 297.54 0.156272
282.471 297.345 0.168407
285.035 297.713 0.17262
287.498 297.141 0.171546
290.076 297.329 0.179258
292.28 297.808 0.180626
294.713 297.74 0.178224
298.702 298.702 0.216357
300 299.673 0.218394
301.298 298.702 0.216357
305.287 297.74 0.178224
307.72 297.808 0.180626
309.924 297.329 0.179258
312.502 297.141 0.171546
314.965 297.713 0.17262
317.529 297.345 0.168407
319.814 297.54 0.156272
323.484 296.845 0.14524
325.555 297.349 0.149843
328.654 297.078 0.154844
331.99 297.887 0.141499
335.229 297.691 0.128275
339.061 297.351 0.129709
342.486 296.989 0.130923
346.104 297.267 0.147365
349.24 296.731 0.144095
354.61 297.214 0.181638
360.713 297.178 0.262672
366.164 296.639 0.386154
377.961 297.08 0.514834
220.989 300 0.518178
233.974 300 0.377451
239.26 300 0.263094
245.169 300 0.182761
250.441 300 0.140793
253.726 300 0.139533
257.14 300 0.137835
260.829 300 0.13478
264.67 300 0.131695
269.261 300 0.148283
270.763 300 0.146583
274.067 300 0.148198
276.354 300 0.14094
279.916 300 0.156269
283.21 300 0.177625
284.435 300 0.169561
287.706 300 0.175399
290.398 300 0.178995
292.024 300 0.180716
294.831 300 0.176488
299.673 300 0.218394
300 300 0.20586
300.327 300 0.218394
305.169 300 0.176488
307.976 300 0.180716
309.602 300 0.178995
312.294 300 0.175399
315.565 300 0.169561
316.79 300 0.177625
320.084 300 0.156269
323.646 300 0.14094
325.933 300 0.148198
329.237 300 0.146583
330.739 300 0.148283
335.33 300 0.131695
339.171 300 0.13478
342.86 300 0.137835
346.274 300 0.139533
349.559 300 0.140793
354.831 300 0.182761
360.74 300 0.263094
366.026 300 0.377451
379.011 300 0.518178
222.039 302.92 0.514834
233.836 303.361 0.386154
239.287 302.822 0.262672
245.39 302.786 0.181638
250.76 303.269 0.144095
253.896 302.733 0.147365
257.514 303.011 0.130923
260.939 302.649 0.129709
264.771 302.309 0.128275
268.01 302.113 0.141499
271.346 302.922 0.154844
274.445 302.651 0.149843
276.516 303.155 0.14524
280.186 302.46 0.156272
282.471 302.655 0.168407
285.035 302.287 0.17262
287.498 302.859 0.171546
290.076 302.671 0.179258
292.28 302.192 0.180626
294.713 302.26 0.178224
298.702 301.298 0.216357
300 300.327 0.218394
301.298 301.298 0.216357
305.287 302.26 0.178224
307.72 302.192 0.180626
309.924 302.671 0.179258
312.502 302.859 0.171546
314.965 302.287 0.17262
317.529 302.655 0.168407
319.814 302.46 0.156272
323.484 303.155 0.14524
325.555 302.651 0.149843
328.654 302.922 0.154844
331.99 302.113 0.141499
335.229 302.309 0.128275
339.061 302.649 0.129709
342.486 303.011 0.130923
346.104 302.733 0.147365
349.24 303.269 0.144095
354.61 302.786 0.181638
360.713 302.822 0.262672
366.164 303.361 0.386154
377.961 302.92 0.514834
220.968 306.395 0.513759
233.811 305.354 0.39653
239.171 306.382 0.266484
244.884 305.712 0.17965
250.849 306.317 0.145072
254.152 305.634 0.148691
257.626 305.77 0.139049
260.697 305.225 0.127934
264.808 305.064 0.125846
268.452 305.329 0.137551
271.062 305.507 0.148371
274.089 305.582 0.157829
275.886 305.327 0.154802
279.795 304.664 0.155653
282.041 305.05 0.158912
285.224 304.877 0.172154
287.825 305.223 0.171105
289.468 304.982 0.170351
293.062 304.812 0.162475
295.229 304.771 0.161443
297.74 305.287 0.178224
300 305.169 0.176488
302.26 305.287 0.178224
304.771 304.771 0.161443
306.938 304.812 0.162475
310.532 304.982 0.170351
312.175 305.223 0.171105
314.776 304.877 0.172154
317.959 305.05 0.158912
320.205 304.664 0.155653
324.114 305.327 0.154802
325.911 305.582 0.157829
328.938 305.507 0.148371
331.548 305.329 0.137551
335.192 305.064 0.125846
339.303 305.225 0.127934
342.374 305.77 0.139049
345.848 305.634 0.148691
349.151 306.317 0.145072
355.116 305.712 0.17965
360.829 306.382 0.266484
366.189 305.354 0.39653
379.032 306.395 0.513759
221.389 309.331 0.527124
233.254 308.68 0.400601
238.684 309.498 0.282041
244.007 308.319 0.187864
250.003 308.777 0.141246
254.055 308.769 0.147585
257.188 308.376 0.138705
260.895 308.407 0.132659
263.892 307.911 0.126118
267.373 307.841 0.139838
270.258 307.604 0.144816
274.236 307.741 0.163989
276.336 308.489 0.159702
278.898 308.279 0.163003
281.877 307.171 0.161857
284.68 307.87 0.170593
287.19 307.855 0.175896
289.511 307.719 0.172016
292.28 307.72 0.169159
295.188 306.938 0.162475
297.808 307.72 0.180626
300 307.976 0.180716
302.192 307.72 0.180626
304.812 306.938 0.162475
307.72 307.72 0.169159
310.489 307.719 0.172016
312.81 307.855 0.175896
315.32 307.87 0.170593
318.123 307.171 0.161857
321.102 308.279 0.163003
323.664 308.489 0.159702
325.764 307.741 0.163989
329.742 307.604 0.144816
332.627 307.841 0.139838
336.108 307.911 0.126118
339.105 308.407 0.132659
342.812 308.376 0.138705
345.945 308.769 0.147585
349.997 308.777 0.141246
355.993 308.319 0.187864
361.316 309.498 0.282041
366.746 308.68 0.400601
378.611 309.331 0.527124
221.209 312.691 0.532684
233.258 311.989 0.404326
238.721 311.996 0.291152
245.155 311.533 0.201329
249.891 311.444 0.151515
254.365 311.64 0.145069
256.859 310.776 0.135503
261.005 311.282 0.122396
263.806 311.349 0.133563
267.452 311.261 0.13693
270.561 310.283 0.142461
274.053 309.795 0.157413
276.489 309.993 0.159421
279.836 310.06 0.163577
282.096 309.834 0.15711
284.629 310.265 0.164387
287.655 309.592 0.173371
289.952 310.048 0.172849
292.281 310.489 0.172016
295.018 310.532 0.170351
297.329 309.924 0.179258
300 309.602 0.178995
302.671 309.924 0.179258
304.982 310.532 0.170351
307.719 310.489 0.172016
310.048 310.048 0.172849
312.345 309.592 0.173371
315.371 310.265 0.164387
317.904 309.834 0.15711
320.164 310.06 0.163577
323.511 309.993 0.159421
325.947 309.795 0.157413
329.439 310.283 0.142461
332.548 311.261 0.13693
336.194 311.349 0.133563
338.995 311.282 0.122396
343.141 310.776 0.135503
345.635 311.64 0.145069
350.109 311.444 0.151515
354.845 311.533 0.201329
361.279 311.996 0.291152
366.742 311.989 0.404326
378.791 312.691 0.532684
222.671 316.581 0.554655
233.706 315.444 0.423029
238.407 315.144 0.311031
244.706 314.688 0.209554
248.631 314.615 0.161569
253.842 314.448 0.140268
255.583 313.709 0.126426
261.509 314.007 0.124201
264.873 313.91 0.133367
268.141 312.929 0.130743
270.76 313.342 0.134882
273.958 312.908 0.136892
276.422 312.368 0.152423
279.239 313.439 0.155128
281.57 311.999 0.155987
284.835 312.736 0.155231
287.555 312.445 0.164054
290.408 312.345 0.173371
292.145 312.81 0.175896
294.777 312.175 0.171105
297.141 312.502 0.171546
300 312.294 0.175399
302.859 312.502 0.171546
305.223 312.175 0.171105
307.855 312.81 0.175896
309.592 312.345 0.173371
312.445 312.445 0.164054
315.165 312.736 0.155231
318.43 311.999 0.155987
320.761 313.439 0.155128
323.578 312.368 0.152423
326.042 312.908 0.136892
329.24 313.342 0.134882
331.859 312.929 0.130743
335.127 313.91 0.133367
338.491 314.007 0.124201
344.417 313.709 0.126426
346.158 314.448 0.140268
351.369 314.615 0.161569
355.294 314.688 0.209554
361.593 315.144 0.311031
366.294 315.444 0.423029
377.329 316.581 0.554655
221.409 321.655 0.565905
232.06 319.864 0.441797
238.687 317.886 0.339731
242.332 318.419 0.237648
248.447 317.551 0.164167
252.416 317.456 0.142983
256.626 317.228 0.127856
260.184 316.998 0.131054
263.65 316.901 0.133644
267.143 316.213 0.130019
270.076 316.79 0.132818
274.362 315.724 0.141017
276.496 315.883 0.150347
279.278 315.971 0.153929
282.32 315.687 0.158119
284.665 315.335 0.151514
287.264 315.165 0.155231
289.735 315.371 0.164387
292.13 315.32 0.170593
295.123 314.776 0.172154
297.713 314.965 0.17262
300 315.565 0.169561
302.287 314.965 0.17262
304.877 314.776 0.172154
307.87 315.32 0.170593
310.265 315.371 0.164387
312.736 315.165 0.155231
315.335 315.335 0.151514
317.68 315.687 0.158119
320.722 315.971 0.153929
323.504 315.883 0.150347
325.638 315.724 0.141017
329.924 316.79 0.132818
332.857 316.213 0.130019
336.35 316.901 0.133644
339.816 316.998 0.131054
343.374 317.228 0.127856
347.584 317.456 0.142983
351.553 317.551 0.164167
357.668 318.419 0.237648
361.313 317.886 0.339731
367.94 319.864 0.441797
378.591 321.655 0.565905
230.061 323.712 0.476865
238.876 321.908 0.372564
242.276 321.542 0.271981
246.797 321.235 0.178172
253.623 320.507 0.150149
255.75 320.451 0.140299
260.086 319.107 0.133804
263.423 319.389 0.139775
266.682 319.11 0.133691
270.043 318.8 0.125247
273.124 317.784 0.137104
276.872 318.135 0.152645
279.358 318.287 0.163161
282.398 317.602 0.160233
284.313 317.68 0.158119
288.001 318.43 0.155987
290.166 317.904 0.15711
292.829 318.123 0.161857
294.95 317.959 0.158912
297.345 317.529 0.168407
300 316.79 0.177625
302.655 317.529 0.168407
305.05 317.959 0.158912
307.171 318.123 0.161857
309.834 317.904 0.15711
311.999 318.43 0.155987
315.687 317.68 0.158119
317.602 317.602 0.160233
320.642 318.287 0.163161
323.128 318.135 0.152645
326.876 317.784 0.137104
329.957 318.8 0.125247
333.318 319.11 0.133691
336.577 319.389 0.139775
339.914 319.107 0.133804
344.25 320.451 0.140299
346.377 320.507 0.150149
353.203 321.235 0.178172
357.724 321.542 0.271981
361.124 321.908 0.372564
369.939 323.712 0.476865
226.189 327.842 0.518437
237.252 324.881 0.40268
243.141 325.735 0.308515
247.603 323.829 0.211741
252.377 324.073 0.16148
255.895 323.337 0.149497
260.494 322.067 0.130303
263.247 321.77 0.13905
266.7 322.654 0.122894
270.286 322.004 0.133304
273.545 321.78 0.126438
277.066 321.621 0.150317
278.562 321.438 0.156977
281.713 320.642 0.163161
284.029 320.722 0.153929
286.561 320.761 0.155128
289.94 320.164 0.163577
291.721 321.102 0.163003
295.336 320.205 0.155653
297.54 319.814 0.156272
300 320.084 0.156269
302.46 319.814 0.156272
304.664 320.205 0.155653
308.279 321.102 0.163003
310.06 320.164 0.163577
313.439 320.761 0.155128
315.971 320.722 0.153929
318.287 320.642 0.163161
321.438 321.438 0.156977
322.934 321.621 0.150317
326.455 321.78 0.126438
329.714 322.004 0.133304
333.3 322.654 0.122894
336.753 321.77 0.13905
339.506 322.067 0.130303
344.105 323.337 0.149497
347.623 324.073 0.16148
352.397 323.829 0.211741
356.859 325.735 0.308515
362.748 324.881 0.40268
373.811 327.842 0.518437
225.745 331.766 0.569852
235.594 329.433 0.44228
242.995 328.452 0.36331
245.128 327.732 0.266394
250.962 327.556 0.178386
256.374 325.493 0.154653
258.882 326.273 0.142085
262.285 325.53 0.127281
266.025 324.731 0.127906
269.618 325.114 0.129385
272.483 324.935 0.128382
276.269 323.731 0.138335
278.379 322.934 0.150317
281.865 323.128 0.152645
284.117 323.504 0.150347
287.632 323.578 0.152423
290.007 323.511 0.159421
291.511 323.664 0.159702
294.673 324.114 0.154802
296.845 323.484 0.14524
300 323.646 0.14094
303.155 323.484 0.14524
305.327 324.114 0.154802
308.489 323.664 0.159702
309.993 323.511 0.159421
312.368 323.578 0.152423
315.883 323.504 0.150347
318.135 323.128 0.152645
321.621 322.934 0.150317
323.731 323.731 0.138335
327.517 324.935 0.128382
330.382 325.114 0.129385
333.975 324.731 0.127906
337.715 325.53 0.127281
341.118 326.273 0.142085
343.626 325.493 0.154653
349.038 327.556 0.178386
354.872 327.732 0.266394
357.005 328.452 0.36331
364.406 329.433 0.44228
374.255 331.766 0.569852
231.145 335.617 0.505151
242.022 332.393 0.411924
245.74 331.971 0.317167
250.385 330.501 0.226204
254.9 330.83 0.167664
259.2 328.28 0.146078
262.107 328.675 0.136955
266.452 328.953 0.132418
268.947 327.576 0.126631
272.512 327.488 0.127434
275.065 327.517 0.128382
278.22 326.455 0.126438
282.216 326.876 0.137104
284.276 325.638 0.141017
287.092 326.042 0.136892
290.205 325.947 0.157413
292.259 325.764 0.163989
294.418 325.911 0.157829
297.349 325.555 0.149843
300 325.933 0.148198
302.651 325.555 0.149843
305.582 325.911 0.157829
307.741 325.764 0.163989
309.795 325.947 0.157413
312.908 326.042 0.136892
315.724 325.638 0.141017
317.784 326.876 0.137104
321.78 326.455 0.126438
324.935 327.517 0.128382
327.488 327.488 0.127434
331.053 327.576 0.126631
333.548 328.953 0.132418
337.893 328.675 0.136955
340.8 328.28 0.146078
345.1 330.83 0.167664
349.615 330.501 0.226204
354.26 331.971 0.317167
357.978 332.393 0.411924
368.855 335.617 0.505151
230.421 340.583 0.579259
238.581 337.862 0.454824
245.57 335.706 0.370371
249.272 335.059 0.287905
253.583 332.279 0.208015
257.645 333.998 0.152759
262.364 331.615 0.134628
265.16 331.14 0.135517
268.853 331.147 0.129689
272.424 331.053 0.126631
274.886 330.382 0.129385
277.996 329.714 0.133304
281.2 329.957 0.125247
283.21 329.924 0.132818
286.658 329.24 0.134882
289.717 329.439 0.142461
292.396 329.742 0.144816
294.493 328.938 0.148371
297.078 328.654 0.154844
300 329.237 0.146583
302.922 328.654 0.154844
305.507 328.938 0.148371
307.604 329.742 0.144816
310.283 329.439 0.142461
313.342 329.24 0.134882
316.79 329.924 0.132818
318.8 329.957 0.125247
322.004 329.714 0.133304
325.114 330.382 0.129385
327.576 331.053 0.126631
331.147 331.147 0.129689
334.84 331.14 0.135517
337.636 331.615 0.134628
342.355 333.998 0.152759
346.417 332.279 0.208015
350.728 335.059 0.287905
354.43 335.706 0.370371
361.419 337.862 0.454824
369.579 340.583 0.579259
232.81 346.07 0.527086
243.254 341.194 0.420963
249.087 337.422 0.348058
251.288 338.601 0.262721
257.738 335.804 0.190828
260.948 336.293 0.154588
265.759 334.241 0.142329
268.86 334.84 0.135517
271.047 333.548 0.132418
275.269 333.975 0.127906
277.346 333.3 0.122894
280.89 333.318 0.133691
283.787 332.857 0.130019
287.071 331.859 0.130743
288.739 332.548 0.13693
292.159 332.627 0.139838
294.671 331.548 0.137551
297.887 331.99 0.141499
300 330.739 0.148283
302.113 331.99 0.141499
305.329 331.548 0.137551
307.841 332.627 0.139838
311.261 332.548 0.13693
312.929 331.859 0.130743
316.213 332.857 0.130019
319.11 333.318 0.133691
322.654 333.3 0.122894
324.731 333.975 0.127906
328.953 333.548 0.132418
331.14 334.84 0.135517
334.241 334.241 0.142329
339.052 336.293 0.154588
342.262 335.804 0.190828
348.712 338.601 0.262721
350.913 337.422 0.348058
356.746 341.194 0.420963
367.19 346.07 0.527086
237.578 348.101 0.507679
246.917 342.577 0.408704
252.286 340.437 0.333169
255.635 341.909 0.249792
260.851 339.149 0.188253
263.707 339.052 0.154588
268.385 337.636 0.134628
271.325 337.893 0.136955
274.47 337.715 0.127281
278.23 336.753 0.13905
280.611 336.577 0.139775
283.099 336.35 0.133644
286.09 335.127 0.133367
288.651 336.194 0.133563
292.089 336.108 0.126118
294.936 335.192 0.125846
297.691 335.229 0.128275
300 335.33 0.131695
302.309 335.229 0.128275
305.064 335.192 0.125846
307.911 336.108 0.126118
311.349 336.194 0.133563
313.91 335.127 0.133367
316.901 336.35 0.133644
319.389 336.577 0.139775
321.77 336.753 0.13905
325.53 337.715 0.127281
328.675 337.893 0.136955
331.615 337.636 0.134628
336.293 339.052 0.154588
339.149 339.149 0.188253
344.365 341.909 0.249792
347.714 340.437 0.333169
353.083 342.577 0.408704
362.422 348.101 0.507679
241.505 349.438 0.488425
250.604 345.106 0.397393
256.657 343.343 0.335061
258.091 344.365 0.249792
264.196 342.262 0.190828
266.002 342.355 0.152759
271.72 340.8 0.146078
273.727 341.118 0.142085
277.933 339.506 0.130303
280.893 339.914 0.133804
283.002 339.816 0.131054
285.993 338.491 0.124201
288.718 338.995 0.122396
291.593 339.105 0.132659
294.775 339.303 0.127934
297.351 339.061 0.129709
300 339.171 0.13478
302.649 339.061 0.129709
305.225 339.303 0.127934
308.407 339.105 0.132659
311.282 338.995 0.122396
314.007 338.491 0.124201
316.998 339.816 0.131054
319.107 339.914 0.133804
322.067 339.506 0.130303
326.273 341.118 0.142085
328.28 340.8 0.146078
333.998 342.355 0.152759
335.804 342.262 0.190828
341.909 344.365 0.249792
343.343 343.343 0.335061
349.396 345.106 0.397393
358.495 349.438 0.488425
239.133 356.068 0.569438
248.186 351.814 0.477042
254.894 349.396 0.397393
259.563 347.714 0.333169
261.399 348.712 0.262721
267.721 346.417 0.208015
269.17 345.1 0.167664
274.507 343.626 0.154653
276.663 344.105 0.149497
279.549 344.25 0.140299
282.772 343.374 0.127856
286.291 344.417 0.126426
289.224 343.141 0.135503
291.624 342.812 0.138705
294.23 342.374 0.139049
296.989 342.486 0.130923
300 342.86 0.137835
303.011 342.486 0.130923
305.77 342.374 0.139049
308.376 342.812 0.138705
310.776 343.141 0.135503
313.709 344.417 0.126426
317.228 343.374 0.127856
320.451 344.25 0.140299
323.337 344.105 0.149497
325.493 343.626 0.154653
330.83 345.1 0.167664
332.279 346.417 0.208015
338.601 348.712 0.262721
340.437 347.714 0.333169
345.106 349.396 0.397393
351.814 351.814 0.477042
360.867 356.068 0.569438
243.932 360.867 0.569438
250.562 358.495 0.488425
257.423 353.083 0.408704
262.578 350.913 0.348058
264.941 350.728 0.287905
269.499 349.615 0.226204
272.444 349.038 0.178386
275.927 347.623 0.16148
279.493 346.377 0.150149
282.544 347.584 0.142983
285.552 346.158 0.140268
288.36 345.635 0.145069
291.231 345.945 0.147585
294.366 345.848 0.148691
297.267 346.104 0.147365
300 346.274 0.139533
302.733 346.104 0.147365
305.634 345.848 0.148691
308.769 345.945 0.147585
311.64 345.635 0.145069
314.448 346.158 0.140268
317.456 347.584 0.142983
320.507 346.377 0.150149
324.073 347.623 0.16148
327.556 349.038 0.178386
330.501 349.615 0.226204
335.059 350.728 0.287905
337.422 350.913 0.348058
342.577 353.083 0.408704
349.438 358.495 0.488425
356.068 360.867 0.569438
251.899 362.422 0.507679
258.806 356.746 0.420963
264.294 354.43 0.370371
268.029 354.26 0.317167
272.268 354.872 0.266394
276.171 352.397 0.211741
278.765 353.203 0.178172
282.449 351.553 0.164167
285.385 351.369 0.161569
288.556 350.109 0.151515
291.223 349.997 0.141246
293.683 349.151 0.145072
296.731 349.24 0.144095
300 349.559 0.140793
303.269 349.24 0.144095
306.317 349.151 0.145072
308.777 349.997 0.141246
311.444 350.109 0.151515
314.615 351.369 0.161569
317.551 351.553 0.164167
321.235 353.203 0.178172
323.829 352.397 0.211741
327.732 354.872 0.266394
331.971 354.26 0.317167
335.706 354.43 0.370371
341.194 356.746 0.420963
348.101 362.422 0.507679
253.93 367.19 0.527086
262.138 361.419 0.454824
267.607 357.978 0.411924
271.548 357.005 0.36331
274.265 356.859 0.308515
278.458 357.724 0.271981
281.581 357.668 0.237648
285.312 355.294 0.209554
288.467 354.845 0.201329
291.681 355.993 0.187864
294.288 355.116 0.17965
297.214 354.61 0.181638
300 354.831 0.182761
302.786 354.61 0.181638
305.712 355.116 0.17965
308.319 355.993 0.187864
311.533 354.845 0.201329
314.688 355.294 0.209554
318.419 357.668 0.237648
321.542 357.724 0.271981
325.735 356.859 0.308515
328.452 357.005 0.36331
332.393 357.978 0.411924
337.862 361.419 0.454824
346.07 367.19 0.527086
259.417 369.579 0.579259
264.383 368.855 0.505151
270.567 364.406 0.44228
275.119 362.748 0.40268
278.092 361.124 0.372564
282.114 361.313 0.339731
284.856 361.593 0.311031
288.004 361.279 0.291152
290.502 361.316 0.282041
293.618 360.829 0.266484
297.178 360.713 0.262672
300 360.74 0.263094
302.822 360.713 0.262672
306.382 360.829 0.266484
309.498 361.316 0.282041
311.996 361.279 0.291152
315.144 361.593 0.311031
317.886 361.313 0.339731
321.908 361.124 0.372564
324.881 362.748 0.40268
329.433 364.406 0.44228
335.617 368.855 0.505151
340.583 369.579 0.579259
268.234 374.255 0.569852
272.158 373.811 0.518437
276.288 369.939 0.476865
280.136 367.94 0.441797
284.556 366.294 0.423029
288.011 366.742 0.404326
291.32 366.746 0.400601
294.646 366.189 0.39653
296.639 366.164 0.386154
300 366.026 0.377451
303.361 366.164 0.386154
305.354 366.189 0.39653
308.68 366.746 0.400601
311.989 366.742 0.404326
315.444 366.294 0.423029
319.864 367.94 0.441797
323.712 369.939 0.476865
327.842 373.811 0.518437
331.766 374.255 0.569852
278.345 378.591 0.565905
283.419 377.329 0.554655
287.309 378.791 0.532684
290.669 378.611 0.527124
293.605 379.032 0.513759
297.08 377.961 0.514834
300 379.011 0.518178
302.92 377.961 0.514834
306.395 379.032 0.513759
309.331 378.611 0.527124
312.691 378.791 0.532684
316.581 377.329 0.554655
321.655 378.591 0.565905
end.
