begin.
292.62 272.778 0.742397
293.921 272.681 0.728101
295.218 272.568 0.717002
296.516 272.496 0.711333
297.741 272.482 0.708596
298.914 272.499 0.707518
300 272.451 0.703844
301.086 272.499 0.707518
302.259 272.482 0.708596
303.484 272.496 0.711333
304.782 272.568 0.717002
306.079 272.681 0.728101
307.38 272.778 0.742397
288.403 274.287 0.745186
289.843 274.087 0.708072
291.242 274.055 0.683756
292.596 274.055 0.66546
293.922 274.146 0.655453
295.196 274.262 0.652921
296.538 274.387 0.65721
297.776 274.418 0.651355
298.898 274.413 0.644507
300 274.444 0.641414
301.102 274.413 0.644507
302.224 274.418 0.651355
303.462 274.387 0.65721
304.804 274.262 0.652921
306.078 274.146 0.655453
307.404 274.055 0.66546
308.758 274.055 0.683756
310.157 274.087 0.708072
311.597 274.287 0.745186
285.819 275.533 0.753988
287.007 275.479 0.708793
288.33 275.577 0.675333
289.831 275.797 0.64933
291.402 275.965 0.616669
292.828 276.239 0.595228
294.112 276.487 0.578048
295.349 276.679 0.571165
296.565 276.829 0.565508
297.741 276.903 0.560513
298.915 276.956 0.561542
300 277.007 0.56163
301.085 276.956 0.561542
302.259 276.903 0.560513
303.435 276.829 0.565508
304.651 276.679 0.571165
305.888 276.487 0.578048
307.172 276.239 0.595228
308.598 275.965 0.616669
310.169 275.797 0.64933
311.67 275.577 0.675333
312.993 275.479 0.708793
314.181 275.533 0.753988
284.478 276.621 0.715067
285.857 276.712 0.681488
287.174 277.093 0.649271
288.659 277.537 0.612394
290.231 277.981 0.569701
291.737 278.286 0.531368
293.11 278.635 0.506042
294.355 278.926 0.495156
295.626 279.169 0.496191
296.771 279.278 0.500942
297.84 279.393 0.501822
298.973 279.468 0.505268
300 279.47 0.506155
301.027 279.468 0.505268
302.16 279.393 0.501822
303.229 279.278 0.500942
304.374 279.169 0.496191
305.645 278.926 0.495156
306.89 278.635 0.506042
308.263 278.286 0.531368
309.769 277.981 0.569701
311.341 277.537 0.612394
312.826 277.093 0.649271
314.143 276.712 0.681488
315.522 276.621 0.715067
282.997 278.036 0.702448
284.475 278.089 0.652464
286.195 278.489 0.62322
287.73 279.102 0.579706
289.201 279.689 0.530683
290.659 280.234 0.494871
292.086 280.613 0.482966
293.375 280.921 0.495807
294.589 281.192 0.506481
295.729 281.322 0.515581
296.778 281.368 0.523045
297.856 281.466 0.529678
298.937 281.488 0.53377
300 281.471 0.533194
301.063 281.488 0.53377
302.144 281.466 0.529678
303.222 281.368 0.523045
304.271 281.322 0.515581
305.411 281.192 0.506481
306.625 280.921 0.495807
307.914 280.613 0.482966
309.341 280.234 0.494871
310.799 279.689 0.530683
312.27 279.102 0.579706
313.805 278.489 0.62322
315.525 278.089 0.652464
317.003 278.036 0.702448
280.508 279.312 0.745918
281.717 279.291 0.69507
283.224 279.577 0.655555
284.9 280.044 0.601016
286.747 280.734 0.552013
288.326 281.212 0.5041
289.732 281.824 0.487522
291.142 282.222 0.497478
292.465 282.58 0.519175
293.581 282.785 0.543933
294.686 283.001 0.562139
295.794 283.101 0.575295
296.866 283.159 0.58855
297.928 283.176 0.598437
298.983 283.145 0.601298
300 283.208 0.600331
301.017 283.145 0.601298
302.072 283.176 0.598437
303.134 283.159 0.58855
304.206 283.101 0.575295
305.314 283.001 0.562139
306.419 282.785 0.543933
307.535 282.58 0.519175
308.858 282.222 0.497478
310.268 281.824 0.487522
311.674 281.212 0.5041
313.253 280.734 0.552013
315.1 280.044 0.601016
316.776 279.577 0.655555
318.283 279.291 0.69507
319.492 279.312 0.745918
279.312 280.508 0.745918
280.598 280.598 0.702826
282.114 280.871 0.657415
283.77 281.45 0.597794
285.549 282.088 0.534908
287.311 282.75 0.498946
288.816 283.283 0.500408
290.197 283.609 0.518298
291.454 283.866 0.548302
292.675 284.17 0.576037
293.796 284.414 0.601649
294.859 284.517 0.621078
295.91 284.518 0.637342
296.933 284.558 0.645232
297.902 284.583 0.65666
299.001 284.64 0.657004
300 284.619 0.661798
300.999 284.64 0.657004
302.098 284.583 0.65666
303.067 284.558 0.645232
304.09 284.518 0.637342
305.141 284.517 0.621078
306.204 284.414 0.601649
307.325 284.17 0.576037
308.546 283.866 0.548302
309.803 283.609 0.518298
311.184 283.283 0.500408
312.689 282.75 0.498946
314.451 282.088 0.534908
316.23 281.45 0.597794
317.886 280.871 0.657415
319.402 280.598 0.702826
320.688 280.508 0.745918
279.291 281.717 0.69507
280.871 282.114 0.657415
282.704 282.704 0.598922
284.421 283.313 0.530745
286.239 283.998 0.49751
287.779 284.536 0.503751
289.256 284.93 0.546135
290.516 285.121 0.576122
291.727 285.426 0.608724
292.834 285.486 0.631937
293.875 285.474 0.652371
294.915 285.574 0.670316
295.901 285.608 0.682182
296.917 285.657 0.691517
297.998 285.766 0.698902
298.985 285.781 0.701639
300 285.777 0.703656
301.015 285.781 0.701639
302.002 285.766 0.698902
303.083 285.657 0.691517
304.099 285.608 0.682182
305.085 285.574 0.670316
306.125 285.474 0.652371
307.166 285.486 0.631937
308.273 285.426 0.608724
309.484 285.121 0.576122
310.744 284.93 0.546135
312.221 284.536 0.503751
313.761 283.998 0.49751
315.579 283.313 0.530745
317.296 282.704 0.598922
319.129 282.114 0.657415
320.709 281.717 0.69507
278.036 282.997 0.702448
279.577 283.224 0.655555
281.45 283.77 0.597794
283.313 284.421 0.530745
285.115 285.115 0.496454
286.744 285.657 0.507237
288.177 286.083 0.547716
289.514 286.341 0.587704
290.717 286.53 0.625958
291.806 286.607 0.649812
292.811 286.61 0.671092
293.883 286.663 0.68907
294.942 286.692 0.705765
296.001 286.791 0.71996
297.031 286.854 0.729332
298.047 286.95 0.738269
299.031 286.963 0.741505
300 286.994 0.742243
300.969 286.963 0.741505
301.953 286.95 0.738269
302.969 286.854 0.729332
303.999 286.791 0.71996
305.058 286.692 0.705765
306.117 286.663 0.68907
307.189 286.61 0.671092
308.194 286.607 0.649812
309.283 286.53 0.625958
310.486 286.341 0.587704
311.823 286.083 0.547716
313.256 285.657 0.507237
314.885 285.115 0.496454
316.687 284.421 0.530745
318.55 283.77 0.597794
320.423 283.224 0.655555
321.964 282.997 0.702448
276.621 284.478 0.715067
278.089 284.475 0.652464
280.044 284.9 0.601016
282.088 285.549 0.534908
283.998 286.239 0.49751
285.657 286.744 0.507237
287.162 287.162 0.550099
288.533 287.361 0.593021
289.678 287.626 0.636339
290.789 287.645 0.663192
291.817 287.784 0.688308
292.866 287.858 0.70767
293.947 287.92 0.7267
295.09 288.074 0.744312
296.087 288.137 0.758968
297.103 288.196 0.770254
298.093 288.206 0.777555
299.073 288.261 0.782126
300 288.26 0.783797
300.927 288.261 0.782126
301.907 288.206 0.777555
302.897 288.196 0.770254
303.913 288.137 0.758968
304.91 288.074 0.744312
306.053 287.92 0.7267
307.134 287.858 0.70767
308.183 287.784 0.688308
309.211 287.645 0.663192
310.322 287.626 0.636339
311.467 287.361 0.593021
312.838 287.162 0.550099
314.343 286.744 0.507237
316.002 286.239 0.49751
317.912 285.549 0.534908
319.956 284.9 0.601016
321.911 284.475 0.652464
323.379 284.478 0.715067
275.533 285.819 0.753988
276.712 285.857 0.681488
278.489 286.195 0.62322
280.734 286.747 0.552013
282.75 287.311 0.498946
284.536 287.779 0.503751
286.083 288.177 0.547716
287.361 288.533 0.593021
288.726 288.726 0.640142
289.812 288.734 0.668645
290.869 288.818 0.694044
291.891 288.875 0.718105
293.03 289.072 0.740622
294.094 289.15 0.760351
295.148 289.296 0.777924
296.165 289.351 0.790923
297.134 289.385 0.803006
298.125 289.47 0.812366
299.051 289.502 0.817715
300 289.474 0.819225
300.949 289.502 0.817715
301.875 289.47 0.812366
302.866 289.385 0.803006
303.835 289.351 0.790923
304.852 289.296 0.777924
305.906 289.15 0.760351
306.97 289.072 0.740622
308.109 288.875 0.718105
309.131 288.818 0.694044
310.188 288.734 0.668645
311.274 288.726 0.640142
312.639 288.533 0.593021
313.917 288.177 0.547716
315.464 287.779 0.503751
317.25 287.311 0.498946
319.266 286.747 0.552013
321.511 286.195 0.62322
323.288 285.857 0.681488
324.467 285.819 0.753988
275.479 287.007 0.708793
277.093 287.174 0.649271
279.102 287.73 0.579706
281.212 288.326 0.5041
283.283 288.816 0.500408
284.93 289.256 0.546135
286.341 289.514 0.587704
287.626 289.678 0.636339
288.734 289.812 0.668645
289.823 289.823 0.695836
290.892 289.901 0.721963
292.053 290.075 0.748559
293.202 290.249 0.772387
294.207 290.374 0.790722
295.232 290.448 0.807887
296.225 290.525 0.826041
297.191 290.566 0.837841
298.149 290.607 0.847852
299.087 290.634 0.855149
300 290.621 0.857802
300.913 290.634 0.855149
301.851 290.607 0.847852
302.809 290.566 0.837841
303.775 290.525 0.826041
304.768 290.448 0.807887
305.793 290.374 0.790722
306.798 290.249 0.772387
307.947 290.075 0.748559
309.108 289.901 0.721963
310.177 289.823 0.695836
311.266 289.812 0.668645
312.374 289.678 0.636339
313.659 289.514 0.587704
315.07 289.256 0.546135
316.717 288.816 0.500408
318.788 288.326 0.5041
320.898 287.73 0.579706
322.907 287.174 0.649271
324.521 287.007 0.708793
274.287 288.403 0.745186
275.577 288.33 0.675333
277.537 288.659 0.612394
279.689 289.201 0.530683
281.824 289.732 0.487522
283.609 290.197 0.518298
285.121 290.516 0.576122
286.53 290.717 0.625958
287.645 290.789 0.663192
288.818 290.869 0.694044
289.901 290.892 0.721963
291.098 291.098 0.751914
292.24 291.234 0.777783
293.296 291.383 0.801793
294.303 291.447 0.823129
295.329 291.557 0.842951
296.267 291.583 0.859192
297.235 291.615 0.871648
298.163 291.586 0.881413
299.065 291.597 0.886128
300 291.578 0.888067
300.935 291.597 0.886128
301.837 291.586 0.881413
302.765 291.615 0.871648
303.733 291.583 0.859192
304.671 291.557 0.842951
305.697 291.447 0.823129
306.704 291.383 0.801793
307.76 291.234 0.777783
308.902 291.098 0.751914
310.099 290.892 0.721963
311.182 290.869 0.694044
312.355 290.789 0.663192
313.47 290.717 0.625958
314.879 290.516 0.576122
316.391 290.197 0.518298
318.176 289.732 0.487522
320.311 289.201 0.530683
322.463 288.659 0.612394
324.423 288.33 0.675333
325.713 288.403 0.745186
274.087 289.843 0.708072
275.797 289.831 0.64933
277.981 290.231 0.569701
280.234 290.659 0.494871
282.222 291.142 0.497478
283.866 291.454 0.548302
285.426 291.727 0.608724
286.607 291.806 0.649812
287.784 291.817 0.688308
288.875 291.891 0.718105
290.075 292.053 0.748559
291.234 292.24 0.777783
292.351 292.351 0.804507
293.411 292.462 0.832189
294.404 292.515 0.85507
295.348 292.48 0.873236
296.281 292.478 0.887591
297.233 292.469 0.899712
298.142 292.464 0.908532
299.063 292.485 0.91444
300 292.485 0.916751
300.937 292.485 0.91444
301.858 292.464 0.908532
302.767 292.469 0.899712
303.719 292.478 0.887591
304.652 292.48 0.873236
305.596 292.515 0.85507
306.589 292.462 0.832189
307.649 292.351 0.804507
308.766 292.24 0.777783
309.925 292.053 0.748559
311.125 291.891 0.718105
312.216 291.817 0.688308
313.393 291.806 0.649812
314.574 291.727 0.608724
316.134 291.454 0.548302
317.778 291.142 0.497478
319.766 290.659 0.494871
322.019 290.231 0.569701
324.203 289.831 0.64933
325.913 289.843 0.708072
274.055 291.242 0.683756
275.965 291.402 0.616669
278.286 291.737 0.531368
280.613 292.086 0.482966
282.58 292.465 0.519175
284.17 292.675 0.576037
285.486 292.834 0.631937
286.61 292.811 0.671092
287.858 292.866 0.70767
289.072 293.03 0.740622
290.249 293.202 0.772387
291.383 293.296 0.801793
292.462 293.411 0.832189
293.465 293.465 0.858952
294.401 293.46 0.880741
295.331 293.429 0.898692
296.281 293.418 0.913914
297.197 293.422 0.925568
298.127 293.436 0.934423
299.065 293.474 0.939744
300 293.483 0.941358
300.935 293.474 0.939744
301.873 293.436 0.934423
302.803 293.422 0.925568
303.719 293.418 0.913914
304.669 293.429 0.898692
305.599 293.46 0.880741
306.535 293.465 0.858952
307.538 293.411 0.832189
308.617 293.296 0.801793
309.751 293.202 0.772387
310.928 293.03 0.740622
312.142 292.866 0.70767
313.39 292.811 0.671092
314.514 292.834 0.631937
315.83 292.675 0.576037
317.42 292.465 0.519175
319.387 292.086 0.482966
321.714 291.737 0.531368
324.035 291.402 0.616669
325.945 291.242 0.683756
272.778 292.62 0.742397
274.055 292.596 0.66546
276.239 292.828 0.595228
278.635 293.11 0.506042
280.921 293.375 0.495807
282.785 293.581 0.543933
284.414 293.796 0.601649
285.474 293.875 0.652371
286.663 293.883 0.68907
287.92 293.947 0.7267
289.15 294.094 0.760351
290.374 294.207 0.790722
291.447 294.303 0.823129
292.515 294.404 0.85507
293.46 294.401 0.880741
294.38 294.38 0.902464
295.315 294.387 0.920449
296.272 294.378 0.934988
297.2 294.406 0.946533
298.153 294.442 0.954213
299.078 294.449 0.958477
300 294.431 0.960168
300.922 294.449 0.958477
301.847 294.442 0.954213
302.8 294.406 0.946533
303.728 294.378 0.934988
304.685 294.387 0.920449
305.62 294.38 0.902464
306.54 294.401 0.880741
307.485 294.404 0.85507
308.553 294.303 0.823129
309.626 294.207 0.790722
310.85 294.094 0.760351
312.08 293.947 0.7267
313.337 293.883 0.68907
314.526 293.875 0.652371
315.586 293.796 0.601649
317.215 293.581 0.543933
319.079 293.375 0.495807
321.365 293.11 0.506042
323.761 292.828 0.595228
325.945 292.596 0.66546
327.222 292.62 0.742397
272.681 293.921 0.728101
274.146 293.922 0.655453
276.487 294.112 0.578048
278.926 294.355 0.495156
281.192 294.589 0.506481
283.001 294.686 0.562139
284.517 294.859 0.621078
285.574 294.915 0.670316
286.692 294.942 0.705765
288.074 295.09 0.744312
289.296 295.148 0.777924
290.448 295.232 0.807887
291.557 295.329 0.842951
292.48 295.348 0.873236
293.429 295.331 0.898692
294.387 295.315 0.920449
295.35 295.35 0.937938
296.302 295.372 0.951367
297.237 295.413 0.960774
298.167 295.437 0.966694
299.082 295.442 0.970505
300 295.463 0.97103
300.918 295.442 0.970505
301.833 295.437 0.966694
302.763 295.413 0.960774
303.698 295.372 0.951367
304.65 295.35 0.937938
305.613 295.315 0.920449
306.571 295.331 0.898692
307.52 295.348 0.873236
308.443 295.329 0.842951
309.552 295.232 0.807887
310.704 295.148 0.777924
311.926 295.09 0.744312
313.308 294.942 0.705765
314.426 294.915 0.670316
315.483 294.859 0.621078
316.999 294.686 0.562139
318.808 294.589 0.506481
321.074 294.355 0.495156
323.513 294.112 0.578048
325.854 293.922 0.655453
327.319 293.921 0.728101
272.568 295.218 0.717002
274.262 295.196 0.652921
276.679 295.349 0.571165
279.169 295.626 0.496191
281.322 295.729 0.515581
283.101 295.794 0.575295
284.518 295.91 0.637342
285.608 295.901 0.682182
286.791 296.001 0.71996
288.137 296.087 0.758968
289.351 296.165 0.790923
290.525 296.225 0.826041
291.583 296.267 0.859192
292.478 296.281 0.887591
293.418 296.281 0.913914
294.378 296.272 0.934988
295.372 296.302 0.951367
296.321 296.321 0.963621
297.261 296.356 0.971178
298.184 296.373 0.975465
299.096 296.384 0.977666
300 296.384 0.978658
300.904 296.384 0.977666
301.816 296.373 0.975465
302.739 296.356 0.971178
303.679 296.321 0.963621
304.628 296.302 0.951367
305.622 296.272 0.934988
306.582 296.281 0.913914
307.522 296.281 0.887591
308.417 296.267 0.859192
309.475 296.225 0.826041
310.649 296.165 0.790923
311.863 296.087 0.758968
313.209 296.001 0.71996
314.392 295.901 0.682182
315.482 295.91 0.637342
316.899 295.794 0.575295
318.678 295.729 0.515581
320.831 295.626 0.496191
323.321 295.349 0.571165
325.738 295.196 0.652921
327.432 295.218 0.717002
272.496 296.516 0.711333
274.387 296.538 0.65721
276.829 296.565 0.565508
279.278 296.771 0.500942
281.368 296.778 0.523045
283.159 296.866 0.58855
284.558 296.933 0.645232
285.657 296.917 0.691517
286.854 297.031 0.729332
288.196 297.103 0.770254
289.385 297.134 0.803006
290.566 297.191 0.837841
291.615 297.235 0.871648
292.469 297.233 0.899712
293.422 297.197 0.925568
294.406 297.2 0.946533
295.413 297.237 0.960774
296.356 297.261 0.971178
297.281 297.281 0.97718
298.191 297.286 0.98038
299.095 297.285 0.983134
300 297.284 0.984102
300.905 297.285 0.983134
301.809 297.286 0.98038
302.719 297.281 0.97718
303.644 297.261 0.971178
304.587 297.237 0.960774
305.594 297.2 0.946533
306.578 297.197 0.925568
307.531 297.233 0.899712
308.385 297.235 0.871648
309.434 297.191 0.837841
310.615 297.134 0.803006
311.804 297.103 0.770254
313.146 297.031 0.729332
314.343 296.917 0.691517
315.442 296.933 0.645232
316.841 296.866 0.58855
318.632 296.778 0.523045
320.722 296.771 0.500942
323.171 296.565 0.565508
325.613 296.538 0.65721
327.504 296.516 0.711333
272.482 297.741 0.708596
274.418 297.776 0.651355
276.903 297.741 0.560513
279.393 297.84 0.501822
281.466 297.856 0.529678
283.176 297.928 0.598437
284.583 297.902 0.65666
285.766 297.998 0.698902
286.95 298.047 0.738269
288.206 298.093 0.777555
289.47 298.125 0.812366
290.607 298.149 0.847852
291.586 298.163 0.881413
292.464 298.142 0.908532
293.436 298.127 0.934423
294.442 298.153 0.954213
295.437 298.167 0.966694
296.373 298.184 0.975465
297.286 298.191 0.98038
298.188 298.188 0.984637
299.093 298.186 0.988286
300 298.185 0.989521
300.907 298.186 0.988286
301.812 298.188 0.984637
302.714 298.191 0.98038
303.627 298.184 0.975465
304.563 298.167 0.966694
305.558 298.153 0.954213
306.564 298.127 0.934423
307.536 298.142 0.908532
308.414 298.163 0.881413
309.393 298.149 0.847852
310.53 298.125 0.812366
311.794 298.093 0.777555
313.05 298.047 0.738269
314.234 297.998 0.698902
315.417 297.902 0.65666
316.824 297.928 0.598437
318.534 297.856 0.529678
320.607 297.84 0.501822
323.097 297.741 0.560513
325.582 297.776 0.651355
327.518 297.741 0.708596
272.499 298.914 0.707518
274.413 298.898 0.644507
276.956 298.915 0.561542
279.468 298.973 0.505268
281.488 298.937 0.53377
283.145 298.983 0.601298
284.64 299.001 0.657004
285.781 298.985 0.701639
286.963 299.031 0.741505
288.261 299.073 0.782126
289.502 299.051 0.817715
290.634 299.087 0.855149
291.597 299.065 0.886128
292.485 299.063 0.91444
293.474 299.065 0.939744
294.449 299.078 0.958477
295.442 299.082 0.970505
296.384 299.096 0.977666
297.285 299.095 0.983134
298.186 299.093 0.988286
299.092 299.092 0.992926
300 299.092 0.994587
300.908 299.092 0.992926
301.814 299.093 0.988286
302.715 299.095 0.983134
303.616 299.096 0.977666
304.558 299.082 0.970505
305.551 299.078 0.958477
306.526 299.065 0.939744
307.515 299.063 0.91444
308.403 299.065 0.886128
309.366 299.087 0.855149
310.498 299.051 0.817715
311.739 299.073 0.782126
313.037 299.031 0.741505
314.219 298.985 0.701639
315.36 299.001 0.657004
316.855 298.983 0.601298
318.512 298.937 0.53377
320.532 298.973 0.505268
323.044 298.915 0.561542
325.587 298.898 0.644507
327.501 298.914 0.707518
272.451 300 0.703844
274.444 300 0.641414
277.007 300 0.56163
279.47 300 0.506155
281.471 300 0.533194
283.208 300 0.600331
284.619 300 0.661798
285.777 300 0.703656
286.994 300 0.742243
288.26 300 0.783797
289.474 300 0.819225
290.621 300 0.857802
291.578 300 0.888067
292.485 300 0.916751
293.483 300 0.941358
294.431 300 0.960168
295.463 300 0.97103
296.384 300 0.978658
297.284 300 0.984102
298.185 300 0.989521
299.092 300 0.994587
300 300 0.996601
300.908 300 0.994587
301.815 300 0.989521
302.716 300 0.984102
303.616 300 0.978658
304.537 300 0.97103
305.569 300 0.960168
306.517 300 0.941358
307.515 300 0.916751
308.422 300 0.888067
309.379 300 0.857802
310.526 300 0.819225
311.74 300 0.783797
313.006 300 0.742243
314.223 300 0.703656
315.381 300 0.661798
316.792 300 0.600331
318.529 300 0.533194
320.53 300 0.506155
322.993 300 0.56163
325.556 300 0.641414
327.549 300 0.703844
272.499 301.086 0.707518
274.413 301.102 0.644507
276.956 301.085 0.561542
279.468 301.027 0.505268
281.488 301.063 0.53377
283.145 301.017 0.601298
284.64 300.999 0.657004
285.781 301.015 0.701639
286.963 300.969 0.741505
288.261 300.927 0.782126
289.502 300.949 0.817715
290.634 300.913 0.855149
291.597 300.935 0.886128
292.485 300.937 0.91444
293.474 300.935 0.939744
294.449 300.922 0.958477
295.442 300.918 0.970505
296.384 300.904 0.977666
297.285 300.905 0.983134
298.186 300.907 0.988286
299.092 300.908 0.992926
300 300.908 0.994587
300.908 300.908 0.992926
301.814 300.907 0.988286
302.715 300.905 0.983134
303.616 300.904 0.977666
304.558 300.918 0.970505
305.551 300.922 0.958477
306.526 300.935 0.939744
307.515 300.937 0.91444
308.403 300.935 0.886128
309.366 300.913 0.855149
310.498 300.949 0.817715
311.739 300.927 0.782126
313.037 300.969 0.741505
314.219 301.015 0.701639
315.36 300.999 0.657004
316.855 301.017 0.601298
318.512 301.063 0.53377
320.532 301.027 0.505268
323.044 301.085 0.561542
325.587 301.102 0.644507
327.501 301.086 0.707518
272.482 302.259 0.708596
274.418 302.224 0.651355
276.903 302.259 0.560513
279.393 302.16 0.501822
281.466 302.144 0.529678
283.176 302.072 0.598437
284.583 302.098 0.65666
285.766 302.002 0.698902
286.95 301.953 0.738269
288.206 301.907 0.777555
289.47 301.875 0.812366
290.607 301.851 0.847852
291.586 301.837 0.881413
292.464 301.858 0.908532
293.436 301.873 0.934423
294.442 301.847 0.954213
295.437 301.833 0.966694
296.373 301.816 0.975465
297.286 301.809 0.98038
298.188 301.812 0.984637
299.093 301.814 0.988286
300 301.815 0.989521
300.907 301.814 0.988286
301.812 301.812 0.984637
302.714 301.809 0.98038
303.627 301.816 0.975465
304.563 301.833 0.966694
305.558 301.847 0.954213
306.564 301.873 0.934423
307.536 301.858 0.908532
308.414 301.837 0.881413
309.393 301.851 0.847852
310.53 301.875 0.812366
311.794 301.907 0.777555
313.05 301.953 0.738269
314.234 302.002 0.698902
315.417 302.098 0.65666
316.824 302.072 0.598437
318.534 302.144 0.529678
320.607 302.16 0.501822
323.097 302.259 0.560513
325.582 302.224 0.651355
327.518 302.259 0.708596
272.496 303.484 0.711333
274.387 303.462 0.65721
276.829 303.435 0.565508
279.278 303.229 0.500942
281.368 303.222 0.523045
283.159 303.134 0.58855
284.558 303.067 0.645232
285.657 303.083 0.691517
286.854 302.969 0.729332
288.196 302.897 0.770254
289.385 302.866 0.803006
290.566 302.809 0.837841
291.615 302.765 0.871648
292.469 302.767 0.899712
293.422 302.803 0.925568
294.406 302.8 0.946533
295.413 302.763 0.960774
296.356 302.739 0.971178
297.281 302.719 0.97718
298.191 302.714 0.98038
299.095 302.715 0.983134
300 302.716 0.984102
300.905 302.715 0.983134
301.809 302.714 0.98038
302.719 302.719 0.97718
303.644 302.739 0.971178
304.587 302.763 0.960774
305.594 302.8 0.946533
306.578 302.803 0.925568
307.531 302.767 0.899712
308.385 302.765 0.871648
309.434 302.809 0.837841
310.615 302.866 0.803006
311.804 302.897 0.770254
313.146 302.969 0.729332
314.343 303.083 0.691517
315.442 303.067 0.645232
316.841 303.134 0.58855
318.632 303.222 0.523045
320.722 303.229 0.500942
323.171 303.435 0.565508
325.613 303.462 0.65721
327.504 303.484 0.711333
272.568 304.782 0.717002
274.262 304.804 0.652921
276.679 304.651 0.571165
279.169 304.374 0.496191
281.322 304.271 0.515581
283.101 304.206 0.575295
284.518 304.09 0.637342
285.608 304.099 0.682182
286.791 303.999 0.71996
288.137 303.913 0.758968
289.351 303.835 0.790923
290.525 303.775 0.826041
291.583 303.733 0.859192
292.478 303.719 0.887591
293.418 303.719 0.913914
294.378 303.728 0.934988
295.372 303.698 0.951367
296.321 303.679 0.963621
297.261 303.644 0.971178
298.184 303.627 0.975465
299.096 303.616 0.977666
300 303.616 0.978658
300.904 303.616 0.977666
301.816 303.627 0.975465
302.739 303.644 0.971178
303.679 303.679 0.963621
304.628 303.698 0.951367
305.622 303.728 0.934988
306.582 303.719 0.913914
307.522 303.719 0.887591
308.417 303.733 0.859192
309.475 303.775 0.826041
310.649 303.835 0.790923
311.863 303.913 0.758968
313.209 303.999 0.71996
314.392 304.099 0.682182
315.482 304.09 0.637342
316.899 304.206 0.575295
318.678 304.271 0.515581
320.831 304.374 0.496191
323.321 304.651 0.571165
325.738 304.804 0.652921
327.432 304.782 0.717002
272.681 306.079 0.728101
274.146 306.078 0.655453
276.487 305.888 0.578048
278.926 305.645 0.495156
281.192 305.411 0.506481
283.001 305.314 0.562139
284.517 305.141 0.621078
285.574 305.085 0.670316
286.692 305.058 0.705765
288.074 304.91 0.744312
289.296 304.852 0.777924
290.448 304.768 0.807887
291.557 304.671 0.842951
292.48 304.652 0.873236
293.429 304.669 0.898692
294.387 304.685 0.920449
295.35 304.65 0.937938
296.302 304.628 0.951367
297.237 304.587 0.960774
298.167 304.563 0.966694
299.082 304.558 0.970505
300 304.537 0.97103
300.918 304.558 0.970505
301.833 304.563 0.966694
302.763 304.587 0.960774
303.698 304.628 0.951367
304.65 304.65 0.937938
305.613 304.685 0.920449
306.571 304.669 0.898692
307.52 304.652 0.873236
308.443 304.671 0.842951
309.552 304.768 0.807887
310.704 304.852 0.777924
311.926 304.91 0.744312
313.308 305.058 0.705765
314.426 305.085 0.670316
315.483 305.141 0.621078
316.999 305.314 0.562139
318.808 305.411 0.506481
321.074 305.645 0.495156
323.513 305.888 0.578048
325.854 306.078 0.655453
327.319 306.079 0.728101
272.778 307.38 0.742397
274.055 307.404 0.66546
276.239 307.172 0.595228
278.635 306.89 0.506042
280.921 306.625 0.495807
282.785 306.419 0.543933
284.414 306.204 0.601649
285.474 306.125 0.652371
286.663 306.117 0.68907
287.92 306.053 0.7267
289.15 305.906 0.760351
290.374 305.793 0.790722
291.447 305.697 0.823129
292.515 305.596 0.85507
293.46 305.599 0.880741
294.38 305.62 0.902464
295.315 305.613 0.920449
296.272 305.622 0.934988
297.2 305.594 0.946533
298.153 305.558 0.954213
299.078 305.551 0.958477
300 305.569 0.960168
300.922 305.551 0.958477
301.847 305.558 0.954213
302.8 305.594 0.946533
303.728 305.622 0.934988
304.685 305.613 0.920449
305.62 305.62 0.902464
306.54 305.599 0.880741
307.485 305.596 0.85507
308.553 305.697 0.823129
309.626 305.793 0.790722
310.85 305.906 0.760351
312.08 306.053 0.7267
313.337 306.117 0.68907
314.526 306.125 0.652371
315.586 306.204 0.601649
317.215 306.419 0.543933
319.079 306.625 0.495807
321.365 306.89 0.506042
323.761 307.172 0.595228
325.945 307.404 0.66546
327.222 307.38 0.742397
274.055 308.758 0.683756
275.965 308.598 0.616669
278.286 308.263 0.531368
280.613 307.914 0.482966
282.58 307.535 0.519175
284.17 307.325 0.576037
285.486 307.166 0.631937
286.61 307.189 0.671092
287.858 307.134 0.70767
289.072 306.97 0.740622
290.249 306.798 0.772387
291.383 306.704 0.801793
292.462 306.589 0.832189
293.465 306.535 0.858952
294.401 306.54 0.880741
295.331 306.571 0.898692
296.281 306.582 0.913914
297.197 306.578 0.925568
298.127 306.564 0.934423
299.065 306.526 0.939744
300 306.517 0.941358
300.935 306.526 0.939744
301.873 306.564 0.934423
302.803 306.578 0.925568
303.719 306.582 0.913914
304.669 306.571 0.898692
305.599 306.54 0.880741
306.535 306.535 0.858952
307.538 306.589 0.832189
308.617 306.704 0.801793
309.751 306.798 0.772387
310.928 306.97 0.740622
312.142 307.134 0.70767
313.39 307.189 0.671092
314.514 307.166 0.631937
315.83 307.325 0.576037
317.42 307.535 0.519175
319.387 307.914 0.482966
321.714 308.263 0.531368
324.035 308.598 0.616669
325.945 308.758 0.683756
274.087 310.157 0.708072
275.797 310.169 0.64933
277.981 309.769 0.569701
280.234 309.341 0.494871
282.222 308.858 0.497478
283.866 308.546 0.548302
285.426 308.273 0.608724
286.607 308.194 0.649812
287.784 308.183 0.688308
288.875 308.109 0.718105
290.075 307.947 0.748559
291.234 307.76 0.777783
292.351 307.649 0.804507
293.411 307.538 0.832189
294.404 307.485 0.85507
295.348 307.52 0.873236
296.281 307.522 0.887591
297.233 307.531 0.899712
298.142 307.536 0.908532
299.063 307.515 0.91444
300 307.515 0.916751
300.937 307.515 0.91444
301.858 307.536 0.908532
302.767 307.531 0.899712
303.719 307.522 0.887591
304.652 307.52 0.873236
305.596 307.485 0.85507
306.589 307.538 0.832189
307.649 307.649 0.804507
308.766 307.76 0.777783
309.925 307.947 0.748559
311.125 308.109 0.718105
312.216 308.183 0.688308
313.393 308.194 0.649812
314.574 308.273 0.608724
316.134 308.546 0.548302
317.778 308.858 0.497478
319.766 309.341 0.494871
322.019 309.769 0.569701
324.203 310.169 0.64933
325.913 310.157 0.708072
274.287 311.597 0.745186
275.577 311.67 0.675333
277.537 311.341 0.612394
279.689 310.799 0.530683
281.824 310.268 0.487522
283.609 309.803 0.518298
285.121 309.484 0.576122
286.53 309.283 0.625958
287.645 309.211 0.663192
288.818 309.131 0.694044
289.901 309.108 0.721963
291.098 308.902 0.751914
292.24 308.766 0.777783
293.296 308.617 0.801793
294.303 308.553 0.823129
295.329 308.443 0.842951
296.267 308.417 0.859192
297.235 308.385 0.871648
298.163 308.414 0.881413
299.065 308.403 0.886128
300 308.422 0.888067
300.935 308.403 0.886128
301.837 308.414 0.881413
302.765 308.385 0.871648
303.733 308.417 0.859192
304.671 308.443 0.842951
305.697 308.553 0.823129
306.704 308.617 0.801793
307.76 308.766 0.777783
308.902 308.902 0.751914
310.099 309.108 0.721963
311.182 309.131 0.694044
312.355 309.211 0.663192
313.47 309.283 0.625958
314.879 309.484 0.576122
316.391 309.803 0.518298
318.176 310.268 0.487522
320.311 310.799 0.530683
322.463 311.341 0.612394
324.423 311.67 0.675333
325.713 311.597 0.745186
275.479 312.993 0.708793
277.093 312.826 0.649271
279.102 312.27 0.579706
281.212 311.674 0.5041
283.283 311.184 0.500408
284.93 310.744 0.546135
286.341 310.486 0.587704
287.626 310.322 0.636339
288.734 310.188 0.668645
289.823 310.177 0.695836
290.892 310.099 0.721963
292.053 309.925 0.748559
293.202 309.751 0.772387
294.207 309.626 0.790722
295.232 309.552 0.807887
296.225 309.475 0.826041
297.191 309.434 0.837841
298.149 309.393 0.847852
299.087 309.366 0.855149
300 309.379 0.857802
300.913 309.366 0.855149
301.851 309.393 0.847852
302.809 309.434 0.837841
303.775 309.475 0.826041
304.768 309.552 0.807887
305.793 309.626 0.790722
306.798 309.751 0.772387
307.947 309.925 0.748559
309.108 310.099 0.721963
310.177 310.177 0.695836
311.266 310.188 0.668645
312.374 310.322 0.636339
313.659 310.486 0.587704
315.07 310.744 0.546135
316.717 311.184 0.500408
318.788 311.674 0.5041
320.898 312.27 0.579706
322.907 312.826 0.649271
324.521 312.993 0.708793
275.533 314.181 0.753988
276.712 314.143 0.681488
278.489 313.805 0.62322
280.734 313.253 0.552013
282.75 312.689 0.498946
284.536 312.221 0.503751
286.083 311.823 0.547716
287.361 311.467 0.593021
288.726 311.274 0.640142
289.812 311.266 0.668645
290.869 311.182 0.694044
291.891 311.125 0.718105
293.03 310.928 0.740622
294.094 310.85 0.760351
295.148 310.704 0.777924
296.165 310.649 0.790923
297.134 310.615 0.803006
298.125 310.53 0.812366
299.051 310.498 0.817715
300 310.526 0.819225
300.949 310.498 0.817715
301.875 310.53 0.812366
302.866 310.615 0.803006
303.835 310.649 0.790923
304.852 310.704 0.777924
305.906 310.85 0.760351
306.97 310.928 0.740622
308.109 311.125 0.718105
309.131 311.182 0.694044
310.188 311.266 0.668645
311.274 311.274 0.640142
312.639 311.467 0.593021
313.917 311.823 0.547716
315.464 312.221 0.503751
317.25 312.689 0.498946
319.266 313.253 0.552013
321.511 313.805 0.62322
323.288 314.143 0.681488
324.467 314.181 0.753988
276.621 315.522 0.715067
278.089 315.525 0.652464
280.044 315.1 0.601016
282.088 314.451 0.534908
283.998 313.761 0.49751
285.657 313.256 0.507237
287.162 312.838 0.550099
288.533 312.639 0.593021
289.678 312.374 0.636339
290.789 312.355 0.663192
291.817 312.216 0.688308
292.866 312.142 0.70767
293.947 312.08 0.7267
295.09 311.926 0.744312
296.087 311.863 0.758968
297.103 311.804 0.770254
298.093 311.794 0.777555
299.073 311.739 0.782126
300 311.74 0.783797
300.927 311.739 0.782126
301.907 311.794 0.777555
302.897 311.804 0.770254
303.913 311.863 0.758968
304.91 311.926 0.744312
306.053 312.08 0.7267
307.134 312.142 0.70767
308.183 312.216 0.688308
309.211 312.355 0.663192
310.322 312.374 0.636339
311.467 312.639 0.593021
312.838 312.838 0.550099
314.343 313.256 0.507237
316.002 313.761 0.49751
317.912 314.451 0.534908
319.956 315.1 0.601016
321.911 315.525 0.652464
323.379 315.522 0.715067
278.036 317.003 0.702448
279.577 316.776 0.655555
281.45 316.23 0.597794
283.313 315.579 0.530745
285.115 314.885 0.496454
286.744 314.343 0.507237
288.177 313.917 0.547716
289.514 313.659 0.587704
290.717 313.47 0.625958
291.806 313.393 0.649812
292.811 313.39 0.671092
293.883 313.337 0.68907
294.942 313.308 0.705765
296.001 313.209 0.71996
297.031 313.146 0.729332
298.047 313.05 0.738269
299.031 313.037 0.741505
300 313.006 0.742243
300.969 313.037 0.741505
301.953 313.05 0.738269
302.969 313.146 0.729332
303.999 313.209 0.71996
305.058 313.308 0.705765
306.117 313.337 0.68907
307.189 313.39 0.671092
308.194 313.393 0.649812
309.283 313.47 0.625958
310.486 313.659 0.587704
311.823 313.917 0.547716
313.256 314.343 0.507237
314.885 314.885 0.496454
316.687 315.579 0.530745
318.55 316.23 0.597794
320.423 316.776 0.655555
321.964 317.003 0.702448
279.291 318.283 0.69507
280.871 317.886 0.657415
282.704 317.296 0.598922
284.421 316.687 0.530745
286.239 316.002 0.49751
287.779 315.464 0.503751
289.256 315.07 0.546135
290.516 314.879 0.576122
291.727 314.574 0.608724
292.834 314.514 0.631937
293.875 314.526 0.652371
294.915 314.426 0.670316
295.901 314.392 0.682182
296.917 314.343 0.691517
297.998 314.234 0.698902
298.985 314.219 0.701639
300 314.223 0.703656
301.015 314.219 0.701639
302.002 314.234 0.698902
303.083 314.343 0.691517
304.099 314.392 0.682182
305.085 314.426 0.670316
306.125 314.526 0.652371
307.166 314.514 0.631937
308.273 314.574 0.608724
309.484 314.879 0.576122
310.744 315.07 0.546135
312.221 315.464 0.503751
313.761 316.002 0.49751
315.579 316.687 0.530745
317.296 317.296 0.598922
319.129 317.886 0.657415
320.709 318.283 0.69507
279.312 319.492 0.745918
280.598 319.402 0.702826
282.114 319.129 0.657415
283.77 318.55 0.597794
285.549 317.912 0.534908
287.311 317.25 0.498946
288.816 316.717 0.500408
290.197 316.391 0.518298
291.454 316.134 0.548302
292.675 315.83 0.576037
293.796 315.586 0.601649
294.859 315.483 0.621078
295.91 315.482 0.637342
296.933 315.442 0.645232
297.902 315.417 0.65666
299.001 315.36 0.657004
300 315.381 0.661798
300.999 315.36 0.657004
302.098 315.417 0.65666
303.067 315.442 0.645232
304.09 315.482 0.637342
305.141 315.483 0.621078
306.204 315.586 0.601649
307.325 315.83 0.576037
308.546 316.134 0.548302
309.803 316.391 0.518298
311.184 316.717 0.500408
312.689 317.25 0.498946
314.451 317.912 0.534908
316.23 318.55 0.597794
317.886 319.129 0.657415
319.402 319.402 0.702826
320.688 319.492 0.745918
280.508 320.688 0.745918
281.717 320.709 0.69507
283.224 320.423 0.655555
284.9 319.956 0.601016
286.747 319.266 0.552013
288.326 318.788 0.5041
289.732 318.176 0.487522
291.142 317.778 0.497478
292.465 317.42 0.519175
293.581 317.215 0.543933
294.686 316.999 0.562139
295.794 316.899 0.575295
296.866 316.841 0.58855
297.928 316.824 0.598437
298.983 316.855 0.601298
300 316.792 0.600331
301.017 316.855 0.601298
302.072 316.824 0.598437
303.134 316.841 0.58855
304.206 316.899 0.575295
305.314 316.999 0.562139
306.419 317.215 0.543933
307.535 317.42 0.519175
308.858 317.778 0.497478
310.268 318.176 0.487522
311.674 318.788 0.5041
313.253 319.266 0.552013
315.1 319.956 0.601016
316.776 320.423 0.655555
318.283 320.709 0.69507
319.492 320.688 0.745918
282.997 321.964 0.702448
284.475 321.911 0.652464
286.195 321.511 0.62322
287.73 320.898 0.579706
289.201 320.311 0.530683
290.659 319.766 0.494871
292.086 319.387 0.482966
293.375 319.079 0.495807
294.589 318.808 0.506481
295.729 318.678 0.515581
296.778 318.632 0.523045
297.856 318.534 0.529678
298.937 318.512 0.53377
300 318.529 0.533194
301.063 318.512 0.53377
302.144 318.534 0.529678
303.222 318.632 0.523045
304.271 318.678 0.515581
305.411 318.808 0.506481
306.625 319.079 0.495807
307.914 319.387 0.482966
309.341 319.766 0.494871
310.799 320.311 0.530683
312.27 320.898 0.579706
313.805 321.511 0.62322
315.525 321.911 0.652464
317.003 321.964 0.702448
284.478 323.379 0.715067
285.857 323.288 0.681488
287.174 322.907 0.649271
288.659 322.463 0.612394
290.231 322.019 0.569701
291.737 321.714 0.531368
293.11 321.365 0.506042
294.355 321.074 0.495156
295.626 320.831 0.496191
296.771 320.722 0.500942
297.84 320.607 0.501822
298.973 320.532 0.505268
300 320.53 0.506155
301.027 320.532 0.505268
302.16 320.607 0.501822
303.229 320.722 0.500942
304.374 320.831 0.496191
305.645 321.074 0.495156
306.89 321.365 0.506042
308.263 321.714 0.531368
309.769 322.019 0.569701
311.341 322.463 0.612394
312.826 322.907 0.649271
314.143 323.288 0.681488
315.522 323.379 0.715067
285.819 324.467 0.753988
287.007 324.521 0.708793
288.33 324.423 0.675333
289.831 324.203 0.64933
291.402 324.035 0.616669
292.828 323.761 0.595228
294.112 323.513 0.578048
295.349 323.321 0.571165
296.565 323.171 0.565508
297.741 323.097 0.560513
298.915 323.044 0.561542
300 322.993 0.56163
301.085 323.044 0.561542
302.259 323.097 0.560513
303.435 323.171 0.565508
304.651 323.321 0.571165
305.888 323.513 0.578048
307.172 323.761 0.595228
308.598 324.035 0.616669
310.169 324.203 0.64933
311.67 324.423 0.675333
312.993 324.521 0.708793
314.181 324.467 0.753988
288.403 325.713 0.745186
289.843 325.913 0.708072
291.242 325.945 0.683756
292.596 325.945 0.66546
293.922 325.854 0.655453
295.196 325.738 0.652921
296.538 325.613 0.65721
297.776 325.582 0.651355
298.898 325.587 0.644507
300 325.556 0.641414
301.102 325.587 0.644507
302.224 325.582 0.651355
303.462 325.613 0.65721
304.804 325.738 0.652921
306.078 325.854 0.655453
307.404 325.945 0.66546
308.758 325.945 0.683756
310.157 325.913 0.708072
311.597 325.713 0.745186
292.62 327.222 0.742397
293.921 327.319 0.728101
295.218 327.432 0.717002
296.516 327.504 0.711333
297.741 327.518 0.708596
298.914 327.501 0.707518
300 327.549 0.703844
301.086 327.501 0.707518
302.259 327.518 0.708596
303.484 327.504 0.711333
304.782 327.432 0.717002
306.079 327.319 0.728101
307.38 327.222 0.742397
end.
