begin.
271.055 198.257 0.562978
278.43 201.433 0.546197
283.253 198.434 0.522199
287.731 199.558 0.518049
291.517 198.181 0.503119
295.891 201.244 0.499582
300 198.042 0.502166
304.109 201.244 0.499582
308.483 198.181 0.503119
312.269 199.558 0.518049
316.747 198.434 0.522199
321.57 201.433 0.546197
328.945 198.257 0.562978
258.457 203.698 0.562062
264.861 204.756 0.508796
269.281 211.405 0.468499
274.489 214.663 0.43364
280.61 214.998 0.417441
284.635 213.2 0.396953
288.277 212.826 0.389423
292.923 213.976 0.384505
295.732 214.501 0.377408
300 214.363 0.366983
304.268 214.501 0.377408
307.077 213.976 0.384505
311.723 212.826 0.389423
315.365 213.2 0.396953
319.39 214.998 0.417441
325.511 214.663 0.43364
330.719 211.405 0.468499
335.139 204.756 0.508796
341.543 203.698 0.562062
247.415 209.896 0.574605
255.286 211.951 0.501239
262.151 218.558 0.438287
268.625 218.493 0.402391
270.655 219.255 0.357315
277.008 219.035 0.319669
280.724 219.423 0.30238
284.338 220.468 0.282205
287.632 219.784 0.268729
292.037 220.08 0.251779
296.136 220.264 0.255381
300 219.669 0.253922
303.864 220.264 0.255381
307.963 220.08 0.251779
312.368 219.784 0.268729
315.662 220.468 0.282205
319.276 219.423 0.30238
322.992 219.035 0.319669
329.345 219.255 0.357315
331.375 218.493 0.402391
337.849 218.558 0.438287
344.714 211.951 0.501239
352.585 209.896 0.574605
239.944 212.799 0.523281
252.476 222.248 0.455603
257.652 223.489 0.393424
263.96 225.137 0.352919
264.93 225.366 0.300016
271.012 224.583 0.238054
276.52 225.458 0.205619
281.856 226.494 0.19351
285.026 226.334 0.187387
288.664 227.201 0.174795
292.686 227.857 0.171597
295.661 228.883 0.177716
300 228.636 0.172201
304.339 228.883 0.177716
307.314 227.857 0.171597
311.336 227.201 0.174795
314.974 226.334 0.187387
318.144 226.494 0.19351
323.48 225.458 0.205619
328.988 224.583 0.238054
335.07 225.366 0.300016
336.04 225.137 0.352919
342.348 223.489 0.393424
347.524 222.248 0.455603
360.056 212.799 0.523281
238.247 219.577 0.497452
247.387 227.849 0.421013
252.514 228.875 0.352367
258.212 229.387 0.282016
264.736 228.366 0.248734
270.336 232.004 0.198648
271.726 231.335 0.172694
276.045 232.284 0.155762
280.242 232.11 0.13016
284.929 233.654 0.121797
288.251 233.057 0.116271
291.971 233.639 0.113985
295.742 233.122 0.116921
300 233.377 0.116563
304.258 233.122 0.116921
308.029 233.639 0.113985
311.749 233.057 0.116271
315.071 233.654 0.121797
319.758 232.11 0.13016
323.955 232.284 0.155762
328.274 231.335 0.172694
329.664 232.004 0.198648
335.264 228.366 0.248734
341.788 229.387 0.282016
347.486 228.875 0.352367
352.613 227.849 0.421013
361.753 219.577 0.497452
227.691 220.674 0.569438
237.465 226.052 0.481261
244.957 231.339 0.399845
252.691 233.872 0.332285
254.301 233.849 0.266107
260.853 234.362 0.201876
264.275 234.953 0.168838
266.684 236.049 0.135951
273.4 238.25 0.122633
275.414 235.328 0.117253
279.624 239.541 0.114527
283.472 241.245 0.114645
289.18 239.328 0.0991138
292.875 239.637 0.111121
295.981 239.18 0.108342
300 238.533 0.097899
304.019 239.18 0.108342
307.125 239.637 0.111121
310.82 239.328 0.0991138
316.528 241.245 0.114645
320.376 239.541 0.114527
324.586 235.328 0.117253
326.6 238.25 0.122633
333.316 236.049 0.135951
335.725 234.953 0.168838
339.147 234.362 0.201876
345.699 233.849 0.266107
347.309 233.872 0.332285
355.043 231.339 0.399845
362.535 226.052 0.481261
372.309 220.674 0.569438
220.674 227.691 0.569438
235.022 235.022 0.478002
240.669 236.321 0.387884
248.462 239.003 0.312451
248.752 236.115 0.243779
258.109 239.368 0.187977
259.037 240.74 0.149925
265.511 242.741 0.136297
268.299 241.669 0.115049
272.949 240.904 0.103581
277.873 243.861 0.102875
280.951 238.845 0.0974113
285.001 242.984 0.103625
288.509 242.739 0.101567
292.393 244.359 0.110137
295.722 243.596 0.101037
300 241.711 0.102531
304.278 243.596 0.101037
307.607 244.359 0.110137
311.491 242.739 0.101567
314.999 242.984 0.103625
319.049 238.845 0.0974113
322.127 243.861 0.102875
327.051 240.904 0.103581
331.701 241.669 0.115049
334.489 242.741 0.136297
340.963 240.74 0.149925
341.891 239.368 0.187977
351.248 236.115 0.243779
351.538 239.003 0.312451
359.331 236.321 0.387884
364.978 235.022 0.478002
379.326 227.691 0.569438
226.052 237.465 0.481261
236.321 240.669 0.387884
244.525 244.525 0.326557
245.452 242.404 0.238122
252.527 243.742 0.173566
254.763 244.029 0.131806
261.681 245.511 0.126253
264.264 243.609 0.121207
270.11 248.353 0.104668
274.329 245.768 0.0878813
278.862 245.248 0.100091
281.726 247.761 0.101296
284.143 247.095 0.103574
288.425 248.324 0.107795
292.216 247.082 0.105334
296.242 247.138 0.0932631
300 247.2 0.0870987
303.758 247.138 0.0932631
307.784 247.082 0.105334
311.575 248.324 0.107795
315.857 247.095 0.103574
318.274 247.761 0.101296
321.138 245.248 0.100091
325.671 245.768 0.0878813
329.89 248.353 0.104668
335.736 243.609 0.121207
338.319 245.511 0.126253
345.237 244.029 0.131806
347.473 243.742 0.173566
354.548 242.404 0.238122
355.475 244.525 0.326557
363.679 240.669 0.387884
373.948 237.465 0.481261
219.577 238.247 0.497452
231.339 244.957 0.399845
239.003 248.462 0.312451
242.404 245.452 0.238122
248.964 248.964 0.17759
251.681 248.981 0.1398
257.094 249.612 0.109373
261.628 248.248 0.101269
266.926 249.268 0.0991068
269.46 250.472 0.116232
273.52 251.335 0.0994899
277.933 252.622 0.0946595
281.615 252.716 0.0891819
285.002 248.747 0.101849
290.054 249.85 0.105407
292.924 252.478 0.0984332
296.284 252.339 0.092143
300 252.291 0.0911684
303.716 252.339 0.092143
307.076 252.478 0.0984332
309.946 249.85 0.105407
314.998 248.747 0.101849
318.385 252.716 0.0891819
322.067 252.622 0.0946595
326.48 251.335 0.0994899
330.54 250.472 0.116232
333.074 249.268 0.0991068
338.372 248.248 0.101269
342.906 249.612 0.109373
348.319 248.981 0.1398
351.036 248.964 0.17759
357.596 245.452 0.238122
360.997 248.462 0.312451
368.661 244.957 0.399845
380.423 238.247 0.497452
212.799 239.944 0.523281
227.849 247.387 0.421013
233.872 252.691 0.332285
236.115 248.752 0.243779
243.742 252.527 0.173566
248.981 251.681 0.1398
253.709 253.709 0.115585
257.408 252.341 0.0985778
262.114 255.368 0.0986953
267.044 253.908 0.0994537
268.881 255.104 0.0812849
275.086 254.114 0.103749
276.697 255.532 0.0993531
282.259 257.424 0.0889881
284.784 255.161 0.0839666
289.917 253.593 0.0929529
291.813 256.888 0.0953598
297.055 255.112 0.0899127
300 259.465 0.105477
302.945 255.112 0.0899127
308.187 256.888 0.0953598
310.083 253.593 0.0929529
315.216 255.161 0.0839666
317.741 257.424 0.0889881
323.303 255.532 0.0993531
324.914 254.114 0.103749
331.119 255.104 0.0812849
332.956 253.908 0.0994537
337.886 255.368 0.0986953
342.592 252.341 0.0985778
346.291 253.709 0.115585
351.019 251.681 0.1398
356.258 252.527 0.173566
363.885 248.752 0.243779
366.128 252.691 0.332285
372.151 247.387 0.421013
387.201 239.944 0.523281
209.896 247.415 0.574605
222.248 252.476 0.455603
228.875 252.514 0.352367
233.849 254.301 0.266107
239.368 258.109 0.187977
244.029 254.763 0.131806
249.612 257.094 0.109373
252.341 257.408 0.0985778
258.83 258.83 0.0916408
262.225 257.517 0.0947538
265.531 259.107 0.09368
270.088 261.267 0.0977469
274.571 258.634 0.093992
276.295 259.802 0.0941596
282.678 260.643 0.0991061
284.632 260.282 0.102599
289.908 259.959 0.0851246
292.047 259.58 0.0871388
296.885 260.153 0.0917764
300 260.028 0.0996303
303.115 260.153 0.0917764
307.953 259.58 0.0871388
310.092 259.959 0.0851246
315.368 260.282 0.102599
317.322 260.643 0.0991061
323.705 259.802 0.0941596
325.429 258.634 0.093992
329.912 261.267 0.0977469
334.469 259.107 0.09368
337.775 257.517 0.0947538
341.17 258.83 0.0916408
347.659 257.408 0.0985778
350.388 257.094 0.109373
355.971 254.763 0.131806
360.632 258.109 0.187977
366.151 254.301 0.266107
371.125 252.514 0.352367
377.752 252.476 0.455603
390.104 247.415 0.574605
211.951 255.286 0.501239
223.489 257.652 0.393424
229.387 258.212 0.282016
234.362 260.853 0.201876
240.74 259.037 0.149925
245.511 261.681 0.126253
248.248 261.628 0.101269
255.368 262.114 0.0986953
257.517 262.225 0.0947538
263.544 263.544 0.0845567
267.098 262.398 0.0960663
271.02 262.802 0.089345
275.522 263.491 0.102314
278.717 264.345 0.107389
281.791 263.677 0.105177
285.265 264.766 0.118404
289.724 265.93 0.110375
293.455 265.658 0.106054
296.575 265.748 0.110596
300 266.324 0.108174
303.425 265.748 0.110596
306.545 265.658 0.106054
310.276 265.93 0.110375
314.735 264.766 0.118404
318.209 263.677 0.105177
321.283 264.345 0.107389
324.478 263.491 0.102314
328.98 262.802 0.089345
332.902 262.398 0.0960663
336.456 263.544 0.0845567
342.483 262.225 0.0947538
344.632 262.114 0.0986953
351.752 261.628 0.101269
354.489 261.681 0.126253
359.26 259.037 0.149925
365.638 260.853 0.201876
370.613 258.212 0.282016
376.511 257.652 0.393424
388.049 255.286 0.501239
203.698 258.457 0.562062
218.558 262.151 0.438287
225.137 263.96 0.352919
228.366 264.736 0.248734
234.953 264.275 0.168838
242.741 265.511 0.136297
243.609 264.264 0.121207
249.268 266.926 0.0991068
253.908 267.044 0.0994537
259.107 265.531 0.09368
262.398 267.098 0.0960663
267.717 267.717 0.104787
269.784 268.388 0.109056
276.044 267.646 0.100757
278.761 267.138 0.113672
282.662 267.128 0.100609
286.207 267.119 0.110061
288.447 265.732 0.108839
293.127 266.669 0.105687
296.207 267.823 0.1152
300 267.151 0.113076
303.793 267.823 0.1152
306.873 266.669 0.105687
311.553 265.732 0.108839
313.793 267.119 0.110061
317.338 267.128 0.100609
321.239 267.138 0.113672
323.956 267.646 0.100757
330.216 268.388 0.109056
332.283 267.717 0.104787
337.602 267.098 0.0960663
340.893 265.531 0.09368
346.092 267.044 0.0994537
350.732 266.926 0.0991068
356.391 264.264 0.121207
357.259 265.511 0.136297
365.047 264.275 0.168838
371.634 264.736 0.248734
374.863 263.96 0.352919
381.442 262.151 0.438287
396.302 258.457 0.562062
204.756 264.861 0.508796
218.493 268.625 0.402391
225.366 264.93 0.300016
232.004 270.336 0.198648
236.049 266.684 0.135951
241.669 268.299 0.115049
248.353 270.11 0.104668
250.472 269.46 0.116232
255.104 268.881 0.0812849
261.267 270.088 0.0977469
262.802 271.02 0.089345
268.388 269.784 0.109056
269.931 269.931 0.104787
275.719 271.14 0.0928551
278.183 271.498 0.102106
281.699 272.021 0.0985094
285.268 272.346 0.108144
288.914 272.243 0.0938462
293.707 272.54 0.11199
296.831 272.026 0.101888
300 271.558 0.0942719
303.169 272.026 0.101888
306.293 272.54 0.11199
311.086 272.243 0.0938462
314.732 272.346 0.108144
318.301 272.021 0.0985094
321.817 271.498 0.102106
324.281 271.14 0.0928551
330.069 269.931 0.104787
331.612 269.784 0.109056
337.198 271.02 0.089345
338.733 270.088 0.0977469
344.896 268.881 0.0812849
349.528 269.46 0.116232
351.647 270.11 0.104668
358.331 268.299 0.115049
363.951 266.684 0.135951
367.996 270.336 0.198648
374.634 264.93 0.300016
381.507 268.625 0.402391
395.244 264.861 0.508796
211.405 269.281 0.468499
219.255 270.655 0.357315
224.583 271.012 0.238054
231.335 271.726 0.172694
238.25 273.4 0.122633
240.904 272.949 0.103581
245.768 274.329 0.0878813
251.335 273.52 0.0994899
254.114 275.086 0.103749
258.634 274.571 0.093992
263.491 275.522 0.102314
267.646 276.044 0.100757
271.14 275.719 0.0928551
275.982 275.982 0.104806
278.796 276.124 0.108789
283.216 274.135 0.103412
285.955 275.583 0.104935
290.468 273.823 0.105907
293.261 274.457 0.108536
295.548 275.037 0.104952
300 277.292 0.0975829
304.452 275.037 0.104952
306.739 274.457 0.108536
309.532 273.823 0.105907
314.045 275.583 0.104935
316.784 274.135 0.103412
321.204 276.124 0.108789
324.018 275.982 0.104806
328.86 275.719 0.0928551
332.354 276.044 0.100757
336.509 275.522 0.102314
341.366 274.571 0.093992
345.886 275.086 0.103749
348.665 273.52 0.0994899
354.232 274.329 0.0878813
359.096 272.949 0.103581
361.75 273.4 0.122633
368.665 271.726 0.172694
375.417 271.012 0.238054
380.745 270.655 0.357315
388.595 269.281 0.468499
198.257 271.055 0.562978
214.663 274.489 0.43364
219.035 277.008 0.319669
225.458 276.52 0.205619
232.284 276.045 0.155762
235.328 275.414 0.117253
243.861 277.873 0.102875
245.248 278.862 0.100091
252.622 277.933 0.0946595
255.532 276.697 0.0993531
259.802 276.295 0.0941596
264.345 278.717 0.107389
267.138 278.761 0.113672
271.498 278.183 0.102106
276.124 278.796 0.108789
279.204 279.204 0.112066
282.443 279.623 0.105546
285.592 278.878 0.106108
289.341 278.525 0.0981132
293.164 279.565 0.0958367
297.113 279.664 0.106516
300 279.704 0.104179
302.887 279.664 0.106516
306.836 279.565 0.0958367
310.659 278.525 0.0981132
314.408 278.878 0.106108
317.557 279.623 0.105546
320.796 279.204 0.112066
323.876 278.796 0.108789
328.502 278.183 0.102106
332.862 278.761 0.113672
335.655 278.717 0.107389
340.198 276.295 0.0941596
344.468 276.697 0.0993531
347.378 277.933 0.0946595
354.752 278.862 0.100091
356.139 277.873 0.102875
364.672 275.414 0.117253
367.716 276.045 0.155762
374.542 276.52 0.205619
380.965 277.008 0.319669
385.337 274.489 0.43364
401.743 271.055 0.562978
201.433 278.43 0.546197
214.998 280.61 0.417441
219.423 280.724 0.30238
226.494 281.856 0.19351
232.11 280.242 0.13016
239.541 279.624 0.114527
238.845 280.951 0.0974113
247.761 281.726 0.101296
252.716 281.615 0.0891819
257.424 282.259 0.0889881
260.643 282.678 0.0991061
263.677 281.791 0.105177
267.128 282.662 0.100609
272.021 281.699 0.0985094
274.135 283.216 0.103412
279.623 282.443 0.105546
281.866 281.866 0.111005
286.439 282.614 0.102029
289.364 281.965 0.105328
293.567 283.456 0.116995
295.849 283.201 0.120248
300 283.763 0.11095
304.151 283.201 0.120248
306.433 283.456 0.116995
310.636 281.965 0.105328
313.561 282.614 0.102029
318.134 281.866 0.111005
320.377 282.443 0.105546
325.865 283.216 0.103412
327.979 281.699 0.0985094
332.872 282.662 0.100609
336.323 281.791 0.105177
339.357 282.678 0.0991061
342.576 282.259 0.0889881
347.284 281.615 0.0891819
352.239 281.726 0.101296
361.155 280.951 0.0974113
360.459 279.624 0.114527
367.89 280.242 0.13016
373.506 281.856 0.19351
380.577 280.724 0.30238
385.002 280.61 0.417441
398.567 278.43 0.546197
198.434 283.253 0.522199
213.2 284.635 0.396953
220.468 284.338 0.282205
226.334 285.026 0.187387
233.654 284.929 0.121797
241.245 283.472 0.114645
242.984 285.001 0.103625
247.095 284.143 0.103574
248.747 285.002 0.101849
255.161 284.784 0.0839666
260.282 284.632 0.102599
264.766 285.265 0.118404
267.119 286.207 0.110061
272.346 285.268 0.108144
275.583 285.955 0.104935
278.878 285.592 0.106108
282.614 286.439 0.102029
286.78 286.78 0.106032
289.552 286.703 0.107156
293.259 285.94 0.102654
296.007 285.865 0.111452
300 285.631 0.10247
303.993 285.865 0.111452
306.741 285.94 0.102654
310.448 286.703 0.107156
313.22 286.78 0.106032
317.386 286.439 0.102029
321.122 285.592 0.106108
324.417 285.955 0.104935
327.654 285.268 0.108144
332.881 286.207 0.110061
335.234 285.265 0.118404
339.718 284.632 0.102599
344.839 284.784 0.0839666
351.253 285.002 0.101849
352.905 284.143 0.103574
357.016 285.001 0.103625
358.755 283.472 0.114645
366.346 284.929 0.121797
373.666 285.026 0.187387
379.532 284.338 0.282205
386.8 284.635 0.396953
401.566 283.253 0.522199
199.558 287.731 0.518049
212.826 288.277 0.389423
219.784 287.632 0.268729
227.201 288.664 0.174795
233.057 288.251 0.116271
239.328 289.18 0.0991138
242.739 288.509 0.101567
248.324 288.425 0.107795
249.85 290.054 0.105407
253.593 289.917 0.0929529
259.959 289.908 0.0851246
265.93 289.724 0.110375
265.732 288.447 0.108839
272.243 288.914 0.0938462
273.823 290.468 0.105907
278.525 289.341 0.0981132
281.965 289.364 0.105328
286.703 289.552 0.107156
290.143 290.143 0.117568
292.296 291.836 0.124839
296.883 291.025 0.116714
300 290.744 0.111326
303.117 291.025 0.116714
307.704 291.836 0.124839
309.857 290.143 0.117568
313.297 289.552 0.107156
318.035 289.364 0.105328
321.475 289.341 0.0981132
326.177 290.468 0.105907
327.757 288.914 0.0938462
334.268 288.447 0.108839
334.07 289.724 0.110375
340.041 289.908 0.0851246
346.407 289.917 0.0929529
350.15 290.054 0.105407
351.676 288.425 0.107795
357.261 288.509 0.101567
360.672 289.18 0.0991138
366.943 288.251 0.116271
372.799 288.664 0.174795
380.216 287.632 0.268729
387.174 288.277 0.389423
400.442 287.731 0.518049
198.181 291.517 0.503119
213.976 292.923 0.384505
220.08 292.037 0.251779
227.857 292.686 0.171597
233.639 291.971 0.113985
239.637 292.875 0.111121
244.359 292.393 0.110137
247.082 292.216 0.105334
252.478 292.924 0.0984332
256.888 291.813 0.0953598
259.58 292.047 0.0871388
265.658 293.455 0.106054
266.669 293.127 0.105687
272.54 293.707 0.11199
274.457 293.261 0.108536
279.565 293.164 0.0958367
283.456 293.567 0.116995
285.94 293.259 0.102654
291.836 292.296 0.124839
293.03 293.03 0.138449
296.167 292.482 0.136534
300 292.257 0.113319
303.833 292.482 0.136534
306.97 293.03 0.138449
308.164 292.296 0.124839
314.06 293.259 0.102654
316.544 293.567 0.116995
320.435 293.164 0.0958367
325.543 293.261 0.108536
327.46 293.707 0.11199
333.331 293.127 0.105687
334.342 293.455 0.106054
340.42 292.047 0.0871388
343.112 291.813 0.0953598
347.522 292.924 0.0984332
352.918 292.216 0.105334
355.641 292.393 0.110137
360.363 292.875 0.111121
366.361 291.971 0.113985
372.143 292.686 0.171597
379.92 292.037 0.251779
386.024 292.923 0.384505
401.819 291.517 0.503119
201.244 295.891 0.499582
214.501 295.732 0.377408
220.264 296.136 0.255381
228.883 295.661 0.177716
233.122 295.742 0.116921
239.18 295.981 0.108342
243.596 295.722 0.101037
247.138 296.242 0.0932631
252.339 296.284 0.092143
255.112 297.055 0.0899127
260.153 296.885 0.0917764
265.748 296.575 0.110596
267.823 296.207 0.1152
272.026 296.831 0.101888
275.037 295.548 0.104952
279.664 297.113 0.106516
283.201 295.849 0.120248
285.865 296.007 0.111452
291.025 296.883 0.116714
292.482 296.167 0.136534
296.525 296.525 0.116998
300 300.771 0.153019
303.475 296.525 0.116998
307.518 296.167 0.136534
308.975 296.883 0.116714
314.135 296.007 0.111452
316.799 295.849 0.120248
320.336 297.113 0.106516
324.963 295.548 0.104952
327.974 296.831 0.101888
332.177 296.207 0.1152
334.252 296.575 0.110596
339.847 296.885 0.0917764
344.888 297.055 0.0899127
347.661 296.284 0.092143
352.862 296.242 0.0932631
356.404 295.722 0.101037
360.82 295.981 0.108342
366.878 295.742 0.116921
371.117 295.661 0.177716
379.736 296.136 0.255381
385.499 295.732 0.377408
398.756 295.891 0.499582
198.042 300 0.502166
214.363 300 0.366983
219.669 300 0.253922
228.636 300 0.172201
233.377 300 0.116563
238.533 300 0.097899
241.711 300 0.102531
247.2 300 0.0870987
252.291 300 0.0911684
259.465 300 0.105477
260.028 300 0.0996303
266.324 300 0.108174
267.151 300 0.113076
271.558 300 0.0942719
277.292 300 0.0975829
279.704 300 0.104179
283.763 300 0.11095
285.631 300 0.10247
290.744 300 0.111326
292.257 300 0.113319
300.771 300 0.153019
300 300 0.141762
299.229 300 0.153019
307.743 300 0.113319
309.256 300 0.111326
314.369 300 0.10247
316.237 300 0.11095
320.296 300 0.104179
322.708 300 0.0975829
328.442 300 0.0942719
332.849 300 0.113076
333.676 300 0.108174
339.972 300 0.0996303
340.535 300 0.105477
347.709 300 0.0911684
352.8 300 0.0870987
358.289 300 0.102531
361.467 300 0.097899
366.623 300 0.116563
371.364 300 0.172201
380.331 300 0.253922
385.637 300 0.366983
401.958 300 0.502166
201.244 304.109 0.499582
214.501 304.268 0.377408
220.264 303.864 0.255381
228.883 304.339 0.177716
233.122 304.258 0.116921
239.18 304.019 0.108342
243.596 304.278 0.101037
247.138 303.758 0.0932631
252.339 303.716 0.092143
255.112 302.945 0.0899127
260.153 303.115 0.0917764
265.748 303.425 0.110596
267.823 303.793 0.1152
272.026 303.169 0.101888
275.037 304.452 0.104952
279.664 302.887 0.106516
283.201 304.151 0.120248
285.865 303.993 0.111452
291.025 303.117 0.116714
292.482 303.833 0.136534
296.525 303.475 0.116998
300 299.229 0.153019
303.475 303.475 0.116998
307.518 303.833 0.136534
308.975 303.117 0.116714
314.135 303.993 0.111452
316.799 304.151 0.120248
320.336 302.887 0.106516
324.963 304.452 0.104952
327.974 303.169 0.101888
332.177 303.793 0.1152
334.252 303.425 0.110596
339.847 303.115 0.0917764
344.888 302.945 0.0899127
347.661 303.716 0.092143
352.862 303.758 0.0932631
356.404 304.278 0.101037
360.82 304.019 0.108342
366.878 304.258 0.116921
371.117 304.339 0.177716
379.736 303.864 0.255381
385.499 304.268 0.377408
398.756 304.109 0.499582
198.181 308.483 0.503119
213.976 307.077 0.384505
220.08 307.963 0.251779
227.857 307.314 0.171597
233.639 308.029 0.113985
239.637 307.125 0.111121
244.359 307.607 0.110137
247.082 307.784 0.105334
252.478 307.076 0.0984332
256.888 308.187 0.0953598
259.58 307.953 0.0871388
265.658 306.545 0.106054
266.669 306.873 0.105687
272.54 306.293 0.11199
274.457 306.739 0.108536
279.565 306.836 0.0958367
283.456 306.433 0.116995
285.94 306.741 0.102654
291.836 307.704 0.124839
293.03 306.97 0.138449
296.167 307.518 0.136534
300 307.743 0.113319
303.833 307.518 0.136534
306.97 306.97 0.138449
308.164 307.704 0.124839
314.06 306.741 0.102654
316.544 306.433 0.116995
320.435 306.836 0.0958367
325.543 306.739 0.108536
327.46 306.293 0.11199
333.331 306.873 0.105687
334.342 306.545 0.106054
340.42 307.953 0.0871388
343.112 308.187 0.0953598
347.522 307.076 0.0984332
352.918 307.784 0.105334
355.641 307.607 0.110137
360.363 307.125 0.111121
366.361 308.029 0.113985
372.143 307.314 0.171597
379.92 307.963 0.251779
386.024 307.077 0.384505
401.819 308.483 0.503119
199.558 312.269 0.518049
212.826 311.723 0.389423
219.784 312.368 0.268729
227.201 311.336 0.174795
233.057 311.749 0.116271
239.328 310.82 0.0991138
242.739 311.491 0.101567
248.324 311.575 0.107795
249.85 309.946 0.105407
253.593 310.083 0.0929529
259.959 310.092 0.0851246
265.93 310.276 0.110375
265.732 311.553 0.108839
272.243 311.086 0.0938462
273.823 309.532 0.105907
278.525 310.659 0.0981132
281.965 310.636 0.105328
286.703 310.448 0.107156
290.143 309.857 0.117568
292.296 308.164 0.124839
296.883 308.975 0.116714
300 309.256 0.111326
303.117 308.975 0.116714
307.704 308.164 0.124839
309.857 309.857 0.117568
313.297 310.448 0.107156
318.035 310.636 0.105328
321.475 310.659 0.0981132
326.177 309.532 0.105907
327.757 311.086 0.0938462
334.268 311.553 0.108839
334.07 310.276 0.110375
340.041 310.092 0.0851246
346.407 310.083 0.0929529
350.15 309.946 0.105407
351.676 311.575 0.107795
357.261 311.491 0.101567
360.672 310.82 0.0991138
366.943 311.749 0.116271
372.799 311.336 0.174795
380.216 312.368 0.268729
387.174 311.723 0.389423
400.442 312.269 0.518049
198.434 316.747 0.522199
213.2 315.365 0.396953
220.468 315.662 0.282205
226.334 314.974 0.187387
233.654 315.071 0.121797
241.245 316.528 0.114645
242.984 314.999 0.103625
247.095 315.857 0.103574
248.747 314.998 0.101849
255.161 315.216 0.0839666
260.282 315.368 0.102599
264.766 314.735 0.118404
267.119 313.793 0.110061
272.346 314.732 0.108144
275.583 314.045 0.104935
278.878 314.408 0.106108
282.614 313.561 0.102029
286.78 313.22 0.106032
289.552 313.297 0.107156
293.259 314.06 0.102654
296.007 314.135 0.111452
300 314.369 0.10247
303.993 314.135 0.111452
306.741 314.06 0.102654
310.448 313.297 0.107156
313.22 313.22 0.106032
317.386 313.561 0.102029
321.122 314.408 0.106108
324.417 314.045 0.104935
327.654 314.732 0.108144
332.881 313.793 0.110061
335.234 314.735 0.118404
339.718 315.368 0.102599
344.839 315.216 0.0839666
351.253 314.998 0.101849
352.905 315.857 0.103574
357.016 314.999 0.103625
358.755 316.528 0.114645
366.346 315.071 0.121797
373.666 314.974 0.187387
379.532 315.662 0.282205
386.8 315.365 0.396953
401.566 316.747 0.522199
201.433 321.57 0.546197
214.998 319.39 0.417441
219.423 319.276 0.30238
226.494 318.144 0.19351
232.11 319.758 0.13016
239.541 320.376 0.114527
238.845 319.049 0.0974113
247.761 318.274 0.101296
252.716 318.385 0.0891819
257.424 317.741 0.0889881
260.643 317.322 0.0991061
263.677 318.209 0.105177
267.128 317.338 0.100609
272.021 318.301 0.0985094
274.135 316.784 0.103412
279.623 317.557 0.105546
281.866 318.134 0.111005
286.439 317.386 0.102029
289.364 318.035 0.105328
293.567 316.544 0.116995
295.849 316.799 0.120248
300 316.237 0.11095
304.151 316.799 0.120248
306.433 316.544 0.116995
310.636 318.035 0.105328
313.561 317.386 0.102029
318.134 318.134 0.111005
320.377 317.557 0.105546
325.865 316.784 0.103412
327.979 318.301 0.0985094
332.872 317.338 0.100609
336.323 318.209 0.105177
339.357 317.322 0.0991061
342.576 317.741 0.0889881
347.284 318.385 0.0891819
352.239 318.274 0.101296
361.155 319.049 0.0974113
360.459 320.376 0.114527
367.89 319.758 0.13016
373.506 318.144 0.19351
380.577 319.276 0.30238
385.002 319.39 0.417441
398.567 321.57 0.546197
198.257 328.945 0.562978
214.663 325.511 0.43364
219.035 322.992 0.319669
225.458 323.48 0.205619
232.284 323.955 0.155762
235.328 324.586 0.117253
243.861 322.127 0.102875
245.248 321.138 0.100091
252.622 322.067 0.0946595
255.532 323.303 0.0993531
259.802 323.705 0.0941596
264.345 321.283 0.107389
267.138 321.239 0.113672
271.498 321.817 0.102106
276.124 321.204 0.108789
279.204 320.796 0.112066
282.443 320.377 0.105546
285.592 321.122 0.106108
289.341 321.475 0.0981132
293.164 320.435 0.0958367
297.113 320.336 0.106516
300 320.296 0.104179
302.887 320.336 0.106516
306.836 320.435 0.0958367
310.659 321.475 0.0981132
314.408 321.122 0.106108
317.557 320.377 0.105546
320.796 320.796 0.112066
323.876 321.204 0.108789
328.502 321.817 0.102106
332.862 321.239 0.113672
335.655 321.283 0.107389
340.198 323.705 0.0941596
344.468 323.303 0.0993531
347.378 322.067 0.0946595
354.752 321.138 0.100091
356.139 322.127 0.102875
364.672 324.586 0.117253
367.716 323.955 0.155762
374.542 323.48 0.205619
380.965 322.992 0.319669
385.337 325.511 0.43364
401.743 328.945 0.562978
211.405 330.719 0.468499
219.255 329.345 0.357315
224.583 328.988 0.238054
231.335 328.274 0.172694
238.25 326.6 0.122633
240.904 327.051 0.103581
245.768 325.671 0.0878813
251.335 326.48 0.0994899
254.114 324.914 0.103749
258.634 325.429 0.093992
263.491 324.478 0.102314
267.646 323.956 0.100757
271.14 324.281 0.0928551
275.982 324.018 0.104806
278.796 323.876 0.108789
283.216 325.865 0.103412
285.955 324.417 0.104935
290.468 326.177 0.105907
293.261 325.543 0.108536
295.548 324.963 0.104952
300 322.708 0.0975829
304.452 324.963 0.104952
306.739 325.543 0.108536
309.532 326.177 0.105907
314.045 324.417 0.104935
316.784 325.865 0.103412
321.204 323.876 0.108789
324.018 324.018 0.104806
328.86 324.281 0.0928551
332.354 323.956 0.100757
336.509 324.478 0.102314
341.366 325.429 0.093992
345.886 324.914 0.103749
348.665 326.48 0.0994899
354.232 325.671 0.0878813
359.096 327.051 0.103581
361.75 326.6 0.122633
368.665 328.274 0.172694
375.417 328.988 0.238054
380.745 329.345 0.357315
388.595 330.719 0.468499
204.756 335.139 0.508796
218.493 331.375 0.402391
225.366 335.07 0.300016
232.004 329.664 0.198648
236.049 333.316 0.135951
241.669 331.701 0.115049
248.353 329.89 0.104668
250.472 330.54 0.116232
255.104 331.119 0.0812849
261.267 329.912 0.0977469
262.802 328.98 0.089345
268.388 330.216 0.109056
269.931 330.069 0.104787
275.719 328.86 0.0928551
278.183 328.502 0.102106
281.699 327.979 0.0985094
285.268 327.654 0.108144
288.914 327.757 0.0938462
293.707 327.46 0.11199
296.831 327.974 0.101888
300 328.442 0.0942719
303.169 327.974 0.101888
306.293 327.46 0.11199
311.086 327.757 0.0938462
314.732 327.654 0.108144
318.301 327.979 0.0985094
321.817 328.502 0.102106
324.281 328.86 0.0928551
330.069 330.069 0.104787
331.612 330.216 0.109056
337.198 328.98 0.089345
338.733 329.912 0.0977469
344.896 331.119 0.0812849
349.528 330.54 0.116232
351.647 329.89 0.104668
358.331 331.701 0.115049
363.951 333.316 0.135951
367.996 329.664 0.198648
374.634 335.07 0.300016
381.507 331.375 0.402391
395.244 335.139 0.508796
203.698 341.543 0.562062
218.558 337.849 0.438287
225.137 336.04 0.352919
228.366 335.264 0.248734
234.953 335.725 0.168838
242.741 334.489 0.136297
243.609 335.736 0.121207
249.268 333.074 0.0991068
253.908 332.956 0.0994537
259.107 334.469 0.09368
262.398 332.902 0.0960663
267.717 332.283 0.104787
269.784 331.612 0.109056
276.044 332.354 0.100757
278.761 332.862 0.113672
282.662 332.872 0.100609
286.207 332.881 0.110061
288.447 334.268 0.108839
293.127 333.331 0.105687
296.207 332.177 0.1152
300 332.849 0.113076
303.793 332.177 0.1152
306.873 333.331 0.105687
311.553 334.268 0.108839
313.793 332.881 0.110061
317.338 332.872 0.100609
321.239 332.862 0.113672
323.956 332.354 0.100757
330.216 331.612 0.109056
332.283 332.283 0.104787
337.602 332.902 0.0960663
340.893 334.469 0.09368
346.092 332.956 0.0994537
350.732 333.074 0.0991068
356.391 335.736 0.121207
357.259 334.489 0.136297
365.047 335.725 0.168838
371.634 335.264 0.248734
374.863 336.04 0.352919
381.442 337.849 0.438287
396.302 341.543 0.562062
211.951 344.714 0.501239
223.489 342.348 0.393424
229.387 341.788 0.282016
234.362 339.147 0.201876
240.74 340.963 0.149925
245.511 338.319 0.126253
248.248 338.372 0.101269
255.368 337.886 0.0986953
257.517 337.775 0.0947538
263.544 336.456 0.0845567
267.098 337.602 0.0960663
271.02 337.198 0.089345
275.522 336.509 0.102314
278.717 335.655 0.107389
281.791 336.323 0.105177
285.265 335.234 0.118404
289.724 334.07 0.110375
293.455 334.342 0.106054
296.575 334.252 0.110596
300 333.676 0.108174
303.425 334.252 0.110596
306.545 334.342 0.106054
310.276 334.07 0.110375
314.735 335.234 0.118404
318.209 336.323 0.105177
321.283 335.655 0.107389
324.478 336.509 0.102314
328.98 337.198 0.089345
332.902 337.602 0.0960663
336.456 336.456 0.0845567
342.483 337.775 0.0947538
344.632 337.886 0.0986953
351.752 338.372 0.101269
354.489 338.319 0.126253
359.26 340.963 0.149925
365.638 339.147 0.201876
370.613 341.788 0.282016
376.511 342.348 0.393424
388.049 344.714 0.501239
209.896 352.585 0.574605
222.248 347.524 0.455603
228.875 347.486 0.352367
233.849 345.699 0.266107
239.368 341.891 0.187977
244.029 345.237 0.131806
249.612 342.906 0.109373
252.341 342.592 0.0985778
258.83 341.17 0.0916408
262.225 342.483 0.0947538
265.531 340.893 0.09368
270.088 338.733 0.0977469
274.571 341.366 0.093992
276.295 340.198 0.0941596
282.678 339.357 0.0991061
284.632 339.718 0.102599
289.908 340.041 0.0851246
292.047 340.42 0.0871388
296.885 339.847 0.0917764
300 339.972 0.0996303
303.115 339.847 0.0917764
307.953 340.42 0.0871388
310.092 340.041 0.0851246
315.368 339.718 0.102599
317.322 339.357 0.0991061
323.705 340.198 0.0941596
325.429 341.366 0.093992
329.912 338.733 0.0977469
334.469 340.893 0.09368
337.775 342.483 0.0947538
341.17 341.17 0.0916408
347.659 342.592 0.0985778
350.388 342.906 0.109373
355.971 345.237 0.131806
360.632 341.891 0.187977
366.151 345.699 0.266107
371.125 347.486 0.352367
377.752 347.524 0.455603
390.104 352.585 0.574605
212.799 360.056 0.523281
227.849 352.613 0.421013
233.872 347.309 0.332285
236.115 351.248 0.243779
243.742 347.473 0.173566
248.981 348.319 0.1398
253.709 346.291 0.115585
257.408 347.659 0.0985778
262.114 344.632 0.0986953
267.044 346.092 0.0994537
268.881 344.896 0.0812849
275.086 345.886 0.103749
276.697 344.468 0.0993531
282.259 342.576 0.0889881
284.784 344.839 0.0839666
289.917 346.407 0.0929529
291.813 343.112 0.0953598
297.055 344.888 0.0899127
300 340.535 0.105477
302.945 344.888 0.0899127
308.187 343.112 0.0953598
310.083 346.407 0.0929529
315.216 344.839 0.0839666
317.741 342.576 0.0889881
323.303 344.468 0.0993531
324.914 345.886 0.103749
331.119 344.896 0.0812849
332.956 346.092 0.0994537
337.886 344.632 0.0986953
342.592 347.659 0.0985778
346.291 346.291 0.115585
351.019 348.319 0.1398
356.258 347.473 0.173566
363.885 351.248 0.243779
366.128 347.309 0.332285
372.151 352.613 0.421013
387.201 360.056 0.523281
219.577 361.753 0.497452
231.339 355.043 0.399845
239.003 351.538 0.312451
242.404 354.548 0.238122
248.964 351.036 0.17759
251.681 351.019 0.1398
257.094 350.388 0.109373
261.628 351.752 0.101269
266.926 350.732 0.0991068
269.46 349.528 0.116232
273.52 348.665 0.0994899
277.933 347.378 0.0946595
281.615 347.284 0.0891819
285.002 351.253 0.101849
290.054 350.15 0.105407
292.924 347.522 0.0984332
296.284 347.661 0.092143
300 347.709 0.0911684
303.716 347.661 0.092143
307.076 347.522 0.0984332
309.946 350.15 0.105407
314.998 351.253 0.101849
318.385 347.284 0.0891819
322.067 347.378 0.0946595
326.48 348.665 0.0994899
330.54 349.528 0.116232
333.074 350.732 0.0991068
338.372 351.752 0.101269
342.906 350.388 0.109373
348.319 351.019 0.1398
351.036 351.036 0.17759
357.596 354.548 0.238122
360.997 351.538 0.312451
368.661 355.043 0.399845
380.423 361.753 0.497452
226.052 362.535 0.481261
236.321 359.331 0.387884
244.525 355.475 0.326557
245.452 357.596 0.238122
252.527 356.258 0.173566
254.763 355.971 0.131806
261.681 354.489 0.126253
264.264 356.391 0.121207
270.11 351.647 0.104668
274.329 354.232 0.0878813
278.862 354.752 0.100091
281.726 352.239 0.101296
284.143 352.905 0.103574
288.425 351.676 0.107795
292.216 352.918 0.105334
296.242 352.862 0.0932631
300 352.8 0.0870987
303.758 352.862 0.0932631
307.784 352.918 0.105334
311.575 351.676 0.107795
315.857 352.905 0.103574
318.274 352.239 0.101296
321.138 354.752 0.100091
325.671 354.232 0.0878813
329.89 351.647 0.104668
335.736 356.391 0.121207
338.319 354.489 0.126253
345.237 355.971 0.131806
347.473 356.258 0.173566
354.548 357.596 0.238122
355.475 355.475 0.326557
363.679 359.331 0.387884
373.948 362.535 0.481261
220.674 372.309 0.569438
235.022 364.978 0.478002
240.669 363.679 0.387884
248.462 360.997 0.312451
248.752 363.885 0.243779
258.109 360.632 0.187977
259.037 359.26 0.149925
265.511 357.259 0.136297
268.299 358.331 0.115049
272.949 359.096 0.103581
277.873 356.139 0.102875
280.951 361.155 0.0974113
285.001 357.016 0.103625
288.509 357.261 0.101567
292.393 355.641 0.110137
295.722 356.404 0.101037
300 358.289 0.102531
304.278 356.404 0.101037
307.607 355.641 0.110137
311.491 357.261 0.101567
314.999 357.016 0.103625
319.049 361.155 0.0974113
322.127 356.139 0.102875
327.051 359.096 0.103581
331.701 358.331 0.115049
334.489 357.259 0.136297
340.963 359.26 0.149925
341.891 360.632 0.187977
351.248 363.885 0.243779
351.538 360.997 0.312451
359.331 363.679 0.387884
364.978 364.978 0.478002
379.326 372.309 0.569438
227.691 379.326 0.569438
237.465 373.948 0.481261
244.957 368.661 0.399845
252.691 366.128 0.332285
254.301 366.151 0.266107
260.853 365.638 0.201876
264.275 365.047 0.168838
266.684 363.951 0.135951
273.4 361.75 0.122633
275.414 364.672 0.117253
279.624 360.459 0.114527
283.472 358.755 0.114645
289.18 360.672 0.0991138
292.875 360.363 0.111121
295.981 360.82 0.108342
300 361.467 0.097899
304.019 360.82 0.108342
307.125 360.363 0.111121
310.82 360.672 0.0991138
316.528 358.755 0.114645
320.376 360.459 0.114527
324.586 364.672 0.117253
326.6 361.75 0.122633
333.316 363.951 0.135951
335.725 365.047 0.168838
339.147 365.638 0.201876
345.699 366.151 0.266107
347.309 366.128 0.332285
355.043 368.661 0.399845
362.535 373.948 0.481261
372.309 379.326 0.569438
238.247 380.423 0.497452
247.387 372.151 0.421013
252.514 371.125 0.352367
258.212 370.613 0.282016
264.736 371.634 0.248734
270.336 367.996 0.198648
271.726 368.665 0.172694
276.045 367.716 0.155762
280.242 367.89 0.13016
284.929 366.346 0.121797
288.251 366.943 0.116271
291.971 366.361 0.113985
295.742 366.878 0.116921
300 366.623 0.116563
304.258 366.878 0.116921
308.029 366.361 0.113985
311.749 366.943 0.116271
315.071 366.346 0.121797
319.758 367.89 0.13016
323.955 367.716 0.155762
328.274 368.665 0.172694
329.664 367.996 0.198648
335.264 371.634 0.248734
341.788 370.613 0.282016
347.486 371.125 0.352367
352.613 372.151 0.421013
361.753 380.423 0.497452
239.944 387.201 0.523281
252.476 377.752 0.455603
257.652 376.511 0.393424
263.96 374.863 0.352919
264.93 374.634 0.300016
271.012 375.417 0.238054
276.52 374.542 0.205619
281.856 373.506 0.19351
285.026 373.666 0.187387
288.664 372.799 0.174795
292.686 372.143 0.171597
295.661 371.117 0.177716
300 371.364 0.172201
304.339 371.117 0.177716
307.314 372.143 0.171597
311.336 372.799 0.174795
314.974 373.666 0.187387
318.144 373.506 0.19351
323.48 374.542 0.205619
328.988 375.417 0.238054
335.07 374.634 0.300016
336.04 374.863 0.352919
342.348 376.511 0.393424
347.524 377.752 0.455603
360.056 387.201 0.523281
247.415 390.104 0.574605
255.286 388.049 0.501239
262.151 381.442 0.438287
268.625 381.507 0.402391
270.655 380.745 0.357315
277.008 380.965 0.319669
280.724 380.577 0.30238
284.338 379.532 0.282205
287.632 380.216 0.268729
292.037 379.92 0.251779
296.136 379.736 0.255381
300 380.331 0.253922
303.864 379.736 0.255381
307.963 379.92 0.251779
312.368 380.216 0.268729
315.662 379.532 0.282205
319.276 380.577 0.30238
322.992 380.965 0.319669
329.345 380.745 0.357315
331.375 381.507 0.402391
337.849 381.442 0.438287
344.714 388.049 0.501239
352.585 390.104 0.574605
258.457 396.302 0.562062
264.861 395.244 0.508796
269.281 388.595 0.468499
274.489 385.337 0.43364
280.61 385.002 0.417441
284.635 386.8 0.396953
288.277 387.174 0.389423
292.923 386.024 0.384505
295.732 385.499 0.377408
300 385.637 0.366983
304.268 385.499 0.377408
307.077 386.024 0.384505
311.723 387.174 0.389423
315.365 386.8 0.396953
319.39 385.002 0.417441
325.511 385.337 0.43364
330.719 388.595 0.468499
335.139 395.244 0.508796
341.543 396.302 0.562062
271.055 401.743 0.562978
278.43 398.567 0.546197
283.253 401.566 0.522199
287.731 400.442 0.518049
291.517 401.819 0.503119
295.891 398.756 0.499582
300 401.958 0.502166
304.109 398.756 0.499582
308.483 401.819 0.503119
312.269 400.442 0.518049
316.747 401.566 0.522199
321.57 398.567 0.546197
328.945 401.743 0.562978
end.
