begin.
287.956 255.045 0.613333
290.256 254.959 0.602222
292.495 254.353 0.566595
294.598 254.132 0.55338
296.58 254.021 0.545578
298.45 254.144 0.549749
300 253.93 0.553275
301.55 254.144 0.549749
303.42 254.021 0.545578
305.402 254.132 0.55338
307.505 254.353 0.566595
309.744 254.959 0.602222
312.044 255.045 0.613333
281.256 257.573 0.608086
283.677 257.262 0.559032
285.909 257.851 0.531864
288.21 258.162 0.494887
290.452 258.965 0.466458
292.532 259.628 0.439719
294.835 260.313 0.435196
296.832 260.466 0.431838
298.316 260.32 0.422597
300 260.34 0.42057
301.684 260.32 0.422597
303.168 260.466 0.431838
305.165 260.313 0.435196
307.468 259.628 0.439719
309.548 258.965 0.466458
311.79 258.162 0.494887
314.091 257.851 0.531864
316.323 257.262 0.559032
318.744 257.573 0.608086
276.612 259.923 0.627984
278.757 259.731 0.559609
281.564 260.629 0.503066
284.471 262.29 0.443853
287.169 263.494 0.403033
289.288 264.182 0.38255
291.052 264.69 0.370264
292.931 265.013 0.360714
294.729 265.173 0.35279
296.486 265.197 0.342669
298.234 265.374 0.342652
300 265.455 0.340794
301.766 265.374 0.342652
303.514 265.197 0.342669
305.271 265.173 0.35279
307.069 265.013 0.360714
308.948 264.69 0.370264
310.712 264.182 0.38255
312.831 263.494 0.403033
315.529 262.29 0.443853
318.436 260.629 0.503066
321.243 259.731 0.559609
323.388 259.923 0.627984
274.135 261.337 0.572667
277.041 262.387 0.521237
280.165 264.488 0.448356
282.944 266.102 0.39705
285.719 267.094 0.370592
287.876 267.228 0.349477
289.693 267.637 0.33488
291.377 268.257 0.325459
293.246 268.445 0.317968
295.071 268.261 0.308838
296.651 268.534 0.305806
298.4 268.609 0.309825
300 268.555 0.309104
301.6 268.609 0.309825
303.349 268.534 0.305806
304.929 268.261 0.308838
306.754 268.445 0.317968
308.623 268.257 0.325459
310.307 267.637 0.33488
312.124 267.228 0.349477
314.281 267.094 0.370592
317.056 266.102 0.39705
319.835 264.488 0.448356
322.959 262.387 0.521237
325.865 261.337 0.572667
272.011 263.773 0.548646
275.015 264.996 0.475788
278.989 267.185 0.405563
281.633 268.769 0.375875
283.878 269.434 0.345528
286.108 270.221 0.325508
287.965 270.298 0.300984
289.828 270.349 0.289353
291.597 270.69 0.275598
293.43 271.034 0.27203
294.965 271.032 0.264369
296.715 271.409 0.264764
298.222 271.48 0.26712
300 271.467 0.26758
301.778 271.48 0.26712
303.285 271.409 0.264764
305.035 271.032 0.264369
306.57 271.034 0.27203
308.403 270.69 0.275598
310.172 270.349 0.289353
312.035 270.298 0.300984
313.892 270.221 0.325508
316.122 269.434 0.345528
318.367 268.769 0.375875
321.011 267.185 0.405563
324.985 264.996 0.475788
327.989 263.773 0.548646
267.648 265.603 0.617164
270.179 265.8 0.541562
273.781 267.757 0.451159
277.242 269.887 0.380245
280.248 271.278 0.358895
282.695 271.606 0.328886
284.399 272.087 0.301664
286.357 272.226 0.279494
288.275 272.69 0.26533
289.999 272.617 0.262626
291.707 273.373 0.255804
293.58 273.626 0.256324
295.244 273.828 0.254915
296.896 273.88 0.25931
298.494 273.561 0.259345
300 273.889 0.251202
301.506 273.561 0.259345
303.104 273.88 0.25931
304.756 273.828 0.254915
306.42 273.626 0.256324
308.293 273.373 0.255804
310.001 272.617 0.262626
311.725 272.69 0.26533
313.643 272.226 0.279494
315.601 272.087 0.301664
317.305 271.606 0.328886
319.752 271.278 0.358895
322.758 269.887 0.380245
326.219 267.757 0.451159
329.821 265.8 0.541562
332.352 265.603 0.617164
265.603 267.648 0.617164
268.39 268.39 0.544297
272.523 270.165 0.446252
275.685 272.052 0.381009
278.462 273.044 0.343751
281.129 273.612 0.317262
282.6 274.161 0.288375
284.989 274.484 0.268283
286.7 274.57 0.260706
288.733 275.397 0.253898
290.471 276.107 0.256136
292.216 276.448 0.263458
293.855 276.653 0.271948
295.483 276.854 0.278186
296.811 277.051 0.286404
298.553 277.085 0.281896
300 277.06 0.289329
301.447 277.085 0.281896
303.189 277.051 0.286404
304.517 276.854 0.278186
306.145 276.653 0.271948
307.784 276.448 0.263458
309.529 276.107 0.256136
311.267 275.397 0.253898
313.3 274.57 0.260706
315.011 274.484 0.268283
317.4 274.161 0.288375
318.871 273.612 0.317262
321.538 273.044 0.343751
324.315 272.052 0.381009
327.477 270.165 0.446252
331.61 268.39 0.544297
334.397 267.648 0.617164
265.8 270.179 0.541562
270.165 272.523 0.446252
274.153 274.153 0.389079
276.671 274.863 0.334323
279.276 275.721 0.305109
280.946 275.851 0.272175
283.273 276.534 0.260939
285.146 276.904 0.256502
287.45 277.892 0.254594
289.219 277.858 0.259371
290.938 277.833 0.272134
292.529 278.529 0.289729
293.962 278.627 0.296703
295.47 278.802 0.310265
297.17 279.027 0.312317
298.706 279.114 0.316603
300 278.965 0.314852
301.294 279.114 0.316603
302.83 279.027 0.312317
304.53 278.802 0.310265
306.038 278.627 0.296703
307.471 278.529 0.289729
309.062 277.833 0.272134
310.781 277.858 0.259371
312.55 277.892 0.254594
314.854 276.904 0.256502
316.727 276.534 0.260939
319.054 275.851 0.272175
320.724 275.721 0.305109
323.329 274.863 0.334323
325.847 274.153 0.389079
329.835 272.523 0.446252
334.2 270.179 0.541562
263.773 272.011 0.548646
267.757 273.781 0.451159
272.052 275.685 0.381009
274.863 276.671 0.334323
277.278 277.278 0.298147
279.485 277.643 0.270503
281.775 278.388 0.255707
283.759 278.824 0.24851
285.93 279.452 0.260508
287.836 279.915 0.2814
289.246 280.071 0.29039
290.887 280.16 0.299642
292.756 280.693 0.31267
294.212 280.733 0.325474
295.663 280.754 0.335809
297.125 280.948 0.343651
298.57 280.9 0.343399
300 280.824 0.339672
301.43 280.9 0.343399
302.875 280.948 0.343651
304.337 280.754 0.335809
305.788 280.733 0.325474
307.244 280.693 0.31267
309.113 280.16 0.299642
310.754 280.071 0.29039
312.164 279.915 0.2814
314.07 279.452 0.260508
316.241 278.824 0.24851
318.225 278.388 0.255707
320.515 277.643 0.270503
322.722 277.278 0.298147
325.137 276.671 0.334323
327.948 275.685 0.381009
332.243 273.781 0.451159
336.227 272.011 0.548646
261.337 274.135 0.572667
264.996 275.015 0.475788
269.887 277.242 0.380245
273.044 278.462 0.343751
275.721 279.276 0.305109
277.643 279.485 0.270503
280.178 280.178 0.257634
282.392 280.343 0.249741
284.339 281.331 0.270216
286.396 281.565 0.289171
287.927 282.233 0.304144
289.44 282.499 0.322958
291.311 282.691 0.331802
293.06 283.013 0.34485
294.321 282.919 0.352341
295.734 282.867 0.36036
297.15 282.891 0.36251
298.735 283.125 0.368286
300 283.186 0.375797
301.265 283.125 0.368286
302.85 282.891 0.36251
304.266 282.867 0.36036
305.679 282.919 0.352341
306.94 283.013 0.34485
308.689 282.691 0.331802
310.56 282.499 0.322958
312.073 282.233 0.304144
313.604 281.565 0.289171
315.661 281.331 0.270216
317.608 280.343 0.249741
319.822 280.178 0.257634
322.357 279.485 0.270503
324.279 279.276 0.305109
326.956 278.462 0.343751
330.113 277.242 0.380245
335.004 275.015 0.475788
338.663 274.135 0.572667
259.923 276.612 0.627984
262.387 277.041 0.521237
267.185 278.989 0.405563
271.278 280.248 0.358895
273.612 281.129 0.317262
275.851 280.946 0.272175
278.388 281.775 0.255707
280.343 282.392 0.249741
282.938 282.938 0.263568
285.059 283.163 0.288503
286.921 283.617 0.313089
288.222 283.92 0.331881
289.887 284.283 0.349196
291.261 284.4 0.364818
292.868 284.654 0.379046
294.451 284.551 0.388059
295.707 284.507 0.396569
297.178 284.767 0.400357
298.452 284.783 0.404018
300 284.677 0.403647
301.548 284.783 0.404018
302.822 284.767 0.400357
304.293 284.507 0.396569
305.549 284.551 0.388059
307.132 284.654 0.379046
308.739 284.4 0.364818
310.113 284.283 0.349196
311.778 283.92 0.331881
313.079 283.617 0.313089
314.941 283.163 0.288503
317.062 282.938 0.263568
319.657 282.392 0.249741
321.612 281.775 0.255707
324.149 280.946 0.272175
326.388 281.129 0.317262
328.722 280.248 0.358895
332.815 278.989 0.405563
337.613 277.041 0.521237
340.077 276.612 0.627984
259.731 278.757 0.559609
264.488 280.165 0.448356
268.769 281.633 0.375875
271.606 282.695 0.328886
274.161 282.6 0.288375
276.534 283.273 0.260939
278.824 283.759 0.24851
281.331 284.339 0.270216
283.163 285.059 0.288503
285.201 285.201 0.312143
286.742 285.125 0.328663
288.566 285.515 0.349209
290.365 285.7 0.378649
291.562 286.061 0.39527
293.069 286.127 0.409286
294.426 286.046 0.424984
295.837 286.111 0.428652
297.316 286.345 0.431886
298.694 286.57 0.43747
300 286.456 0.435924
301.306 286.57 0.43747
302.684 286.345 0.431886
304.163 286.111 0.428652
305.574 286.046 0.424984
306.931 286.127 0.409286
308.438 286.061 0.39527
309.635 285.7 0.378649
311.434 285.515 0.349209
313.258 285.125 0.328663
314.799 285.201 0.312143
316.837 285.059 0.288503
318.669 284.339 0.270216
321.176 283.759 0.24851
323.466 283.273 0.260939
325.839 282.6 0.288375
328.394 282.695 0.328886
331.231 281.633 0.375875
335.512 280.165 0.448356
340.269 278.757 0.559609
257.573 281.256 0.608086
260.629 281.564 0.503066
266.102 282.944 0.39705
269.434 283.878 0.345528
272.087 284.399 0.301664
274.484 284.989 0.268283
276.904 285.146 0.256502
279.452 285.93 0.260508
281.565 286.396 0.289171
283.617 286.921 0.313089
285.125 286.742 0.328663
287.069 287.069 0.353674
288.958 287.15 0.378846
290.521 287.311 0.400376
291.77 287.416 0.422612
293.243 287.636 0.437037
294.347 287.79 0.452217
295.905 288.037 0.455267
297.452 287.802 0.451646
298.648 287.968 0.457882
300 287.884 0.455003
301.352 287.968 0.457882
302.548 287.802 0.451646
304.095 288.037 0.455267
305.653 287.79 0.452217
306.757 287.636 0.437037
308.23 287.416 0.422612
309.479 287.311 0.400376
311.042 287.15 0.378846
312.931 287.069 0.353674
314.875 286.742 0.328663
316.383 286.921 0.313089
318.435 286.396 0.289171
320.548 285.93 0.260508
323.096 285.146 0.256502
325.516 284.989 0.268283
327.913 284.399 0.301664
330.566 283.878 0.345528
333.898 282.944 0.39705
339.371 281.564 0.503066
342.427 281.256 0.608086
257.262 283.677 0.559032
262.29 284.471 0.443853
267.094 285.719 0.370592
270.221 286.108 0.325508
272.226 286.357 0.279494
274.57 286.7 0.260706
277.892 287.45 0.254594
279.915 287.836 0.2814
282.233 287.927 0.304144
283.92 288.222 0.331881
285.515 288.566 0.349209
287.15 288.958 0.378846
288.879 288.879 0.400664
290.577 289.169 0.425834
291.992 289.177 0.442498
293.18 289.054 0.449953
294.611 289.218 0.461132
295.999 289.144 0.463057
297.456 289.298 0.465283
298.797 289.326 0.464763
300 289.253 0.466006
301.203 289.326 0.464763
302.544 289.298 0.465283
304.001 289.144 0.463057
305.389 289.218 0.461132
306.82 289.054 0.449953
308.008 289.177 0.442498
309.423 289.169 0.425834
311.121 288.879 0.400664
312.85 288.958 0.378846
314.485 288.566 0.349209
316.08 288.222 0.331881
317.767 287.927 0.304144
320.085 287.836 0.2814
322.108 287.45 0.254594
325.43 286.7 0.260706
327.774 286.357 0.279494
329.779 286.108 0.325508
332.906 285.719 0.370592
337.71 284.471 0.443853
342.738 283.677 0.559032
257.851 285.909 0.531864
263.494 287.169 0.403033
267.228 287.876 0.349477
270.298 287.965 0.300984
272.69 288.275 0.26533
275.397 288.733 0.253898
277.858 289.219 0.259371
280.071 289.246 0.29039
282.499 289.44 0.322958
284.283 289.887 0.349196
285.7 290.365 0.378649
287.311 290.521 0.400376
289.169 290.577 0.425834
290.719 290.719 0.44556
292.039 290.683 0.453744
293.391 290.527 0.46009
294.731 290.733 0.469156
296.095 290.708 0.477786
297.346 290.734 0.480632
298.732 290.894 0.486907
300 290.971 0.494002
301.268 290.894 0.486907
302.654 290.734 0.480632
303.905 290.708 0.477786
305.269 290.733 0.469156
306.609 290.527 0.46009
307.961 290.683 0.453744
309.281 290.719 0.44556
310.831 290.577 0.425834
312.689 290.521 0.400376
314.3 290.365 0.378649
315.717 289.887 0.349196
317.501 289.44 0.322958
319.929 289.246 0.29039
322.142 289.219 0.259371
324.603 288.733 0.253898
327.31 288.275 0.26533
329.702 287.965 0.300984
332.772 287.876 0.349477
336.506 287.169 0.403033
342.149 285.909 0.531864
255.045 287.956 0.613333
258.162 288.21 0.494887
264.182 289.288 0.38255
267.637 289.693 0.33488
270.349 289.828 0.289353
272.617 289.999 0.262626
276.107 290.471 0.256136
277.833 290.938 0.272134
280.16 290.887 0.299642
282.691 291.311 0.331802
284.4 291.261 0.364818
286.061 291.562 0.39527
287.416 291.77 0.422612
289.177 291.992 0.442498
290.683 292.039 0.453744
291.947 291.947 0.461222
293.31 292.151 0.471787
294.677 292.081 0.485462
296.013 292.158 0.500718
297.455 292.414 0.514204
298.733 292.32 0.517125
300 292.245 0.518757
301.267 292.32 0.517125
302.545 292.414 0.514204
303.987 292.158 0.500718
305.323 292.081 0.485462
306.69 292.151 0.471787
308.053 291.947 0.461222
309.317 292.039 0.453744
310.823 291.992 0.442498
312.584 291.77 0.422612
313.939 291.562 0.39527
315.6 291.261 0.364818
317.309 291.311 0.331802
319.84 290.887 0.299642
322.167 290.938 0.272134
323.893 290.471 0.256136
327.383 289.999 0.262626
329.651 289.828 0.289353
332.363 289.693 0.33488
335.818 289.288 0.38255
341.838 288.21 0.494887
344.955 287.956 0.613333
254.959 290.256 0.602222
258.965 290.452 0.466458
264.69 291.052 0.370264
268.257 291.377 0.325459
270.69 291.597 0.275598
273.373 291.707 0.255804
276.448 292.216 0.263458
278.529 292.529 0.289729
280.693 292.756 0.31267
283.013 293.06 0.34485
284.654 292.868 0.379046
286.127 293.069 0.409286
287.636 293.243 0.437037
289.054 293.18 0.449953
290.527 293.391 0.46009
292.151 293.31 0.471787
293.435 293.435 0.493701
295.1 293.655 0.515481
296.144 293.796 0.533351
297.394 294.012 0.545563
298.683 293.899 0.547278
300 293.968 0.553181
301.317 293.899 0.547278
302.606 294.012 0.545563
303.856 293.796 0.533351
304.9 293.655 0.515481
306.565 293.435 0.493701
307.849 293.31 0.471787
309.473 293.391 0.46009
310.946 293.18 0.449953
312.364 293.243 0.437037
313.873 293.069 0.409286
315.346 292.868 0.379046
316.987 293.06 0.34485
319.307 292.756 0.31267
321.471 292.529 0.289729
323.552 292.216 0.263458
326.627 291.707 0.255804
329.31 291.597 0.275598
331.743 291.377 0.325459
335.31 291.052 0.370264
341.035 290.452 0.466458
345.041 290.256 0.602222
254.353 292.495 0.566595
259.628 292.532 0.439719
265.013 292.931 0.360714
268.445 293.246 0.317968
271.034 293.43 0.27203
273.626 293.58 0.256324
276.653 293.855 0.271948
278.627 293.962 0.296703
280.733 294.212 0.325474
282.919 294.321 0.352341
284.551 294.451 0.388059
286.046 294.426 0.424984
287.79 294.347 0.452217
289.218 294.611 0.461132
290.733 294.731 0.469156
292.081 294.677 0.485462
293.655 295.1 0.515481
295.104 295.104 0.545198
296.216 295.109 0.555945
297.496 295.207 0.56573
298.668 295.187 0.570654
300 295.229 0.57026
301.332 295.187 0.570654
302.504 295.207 0.56573
303.784 295.109 0.555945
304.896 295.104 0.545198
306.345 295.1 0.515481
307.919 294.677 0.485462
309.267 294.731 0.469156
310.782 294.611 0.461132
312.21 294.347 0.452217
313.954 294.426 0.424984
315.449 294.451 0.388059
317.081 294.321 0.352341
319.267 294.212 0.325474
321.373 293.962 0.296703
323.347 293.855 0.271948
326.374 293.58 0.256324
328.966 293.43 0.27203
331.555 293.246 0.317968
334.987 292.931 0.360714
340.372 292.532 0.439719
345.647 292.495 0.566595
254.132 294.598 0.55338
260.313 294.835 0.435196
265.173 294.729 0.35279
268.261 295.071 0.308838
271.032 294.965 0.264369
273.828 295.244 0.254915
276.854 295.483 0.278186
278.802 295.47 0.310265
280.754 295.663 0.335809
282.867 295.734 0.36036
284.507 295.707 0.396569
286.111 295.837 0.428652
288.037 295.905 0.455267
289.144 295.999 0.463057
290.708 296.095 0.477786
292.158 296.013 0.500718
293.796 296.144 0.533351
295.109 296.216 0.555945
296.262 296.262 0.569094
297.404 296.138 0.570198
298.559 295.966 0.574398
300 295.833 0.574872
301.441 295.966 0.574398
302.596 296.138 0.570198
303.738 296.262 0.569094
304.891 296.216 0.555945
306.204 296.144 0.533351
307.842 296.013 0.500718
309.292 296.095 0.477786
310.856 295.999 0.463057
311.963 295.905 0.455267
313.889 295.837 0.428652
315.493 295.707 0.396569
317.133 295.734 0.36036
319.246 295.663 0.335809
321.198 295.47 0.310265
323.146 295.483 0.278186
326.172 295.244 0.254915
328.968 294.965 0.264369
331.739 295.071 0.308838
334.827 294.729 0.35279
339.687 294.835 0.435196
345.868 294.598 0.55338
254.021 296.58 0.545578
260.466 296.832 0.431838
265.197 296.486 0.342669
268.534 296.651 0.305806
271.409 296.715 0.264764
273.88 296.896 0.25931
277.051 296.811 0.286404
279.027 297.17 0.312317
280.948 297.125 0.343651
282.891 297.15 0.36251
284.767 297.178 0.400357
286.345 297.316 0.431886
287.802 297.452 0.451646
289.298 297.456 0.465283
290.734 297.346 0.480632
292.414 297.455 0.514204
294.012 297.394 0.545563
295.207 297.496 0.56573
296.138 297.404 0.570198
297.174 297.174 0.576763
298.364 296.919 0.567379
300 296.585 0.564603
301.636 296.919 0.567379
302.826 297.174 0.576763
303.862 297.404 0.570198
304.793 297.496 0.56573
305.988 297.394 0.545563
307.586 297.455 0.514204
309.266 297.346 0.480632
310.702 297.456 0.465283
312.198 297.452 0.451646
313.655 297.316 0.431886
315.233 297.178 0.400357
317.109 297.15 0.36251
319.052 297.125 0.343651
320.973 297.17 0.312317
322.949 296.811 0.286404
326.12 296.896 0.25931
328.591 296.715 0.264764
331.466 296.651 0.305806
334.803 296.486 0.342669
339.534 296.832 0.431838
345.979 296.58 0.545578
254.144 298.45 0.549749
260.32 298.316 0.422597
265.374 298.234 0.342652
268.609 298.4 0.309825
271.48 298.222 0.26712
273.561 298.494 0.259345
277.085 298.553 0.281896
279.114 298.706 0.316603
280.9 298.57 0.343399
283.125 298.735 0.368286
284.783 298.452 0.404018
286.57 298.694 0.43747
287.968 298.648 0.457882
289.326 298.797 0.464763
290.894 298.732 0.486907
292.32 298.733 0.517125
293.899 298.683 0.547278
295.187 298.668 0.570654
295.966 298.559 0.574398
296.919 298.364 0.567379
298.144 298.144 0.553729
300 298.234 0.542974
301.856 298.144 0.553729
303.081 298.364 0.567379
304.034 298.559 0.574398
304.813 298.668 0.570654
306.101 298.683 0.547278
307.68 298.733 0.517125
309.106 298.732 0.486907
310.674 298.797 0.464763
312.032 298.648 0.457882
313.43 298.694 0.43747
315.217 298.452 0.404018
316.875 298.735 0.368286
319.1 298.57 0.343399
320.886 298.706 0.316603
322.915 298.553 0.281896
326.439 298.494 0.259345
328.52 298.222 0.26712
331.391 298.4 0.309825
334.626 298.234 0.342652
339.68 298.316 0.422597
345.856 298.45 0.549749
253.93 300 0.553275
260.34 300 0.42057
265.455 300 0.340794
268.555 300 0.309104
271.467 300 0.26758
273.889 300 0.251202
277.06 300 0.289329
278.965 300 0.314852
280.824 300 0.339672
283.186 300 0.375797
284.677 300 0.403647
286.456 300 0.435924
287.884 300 0.455003
289.253 300 0.466006
290.971 300 0.494002
292.245 300 0.518757
293.968 300 0.553181
295.229 300 0.57026
295.833 300 0.574872
296.585 300 0.564603
298.234 300 0.542974
300 300 0.527682
301.766 300 0.542974
303.415 300 0.564603
304.167 300 0.574872
304.771 300 0.57026
306.032 300 0.553181
307.755 300 0.518757
309.029 300 0.494002
310.747 300 0.466006
312.116 300 0.455003
313.544 300 0.435924
315.323 300 0.403647
316.814 300 0.375797
319.176 300 0.339672
321.035 300 0.314852
322.94 300 0.289329
326.111 300 0.251202
328.533 300 0.26758
331.445 300 0.309104
334.545 300 0.340794
339.66 300 0.42057
346.07 300 0.553275
254.144 301.55 0.549749
260.32 301.684 0.422597
265.374 301.766 0.342652
268.609 301.6 0.309825
271.48 301.778 0.26712
273.561 301.506 0.259345
277.085 301.447 0.281896
279.114 301.294 0.316603
280.9 301.43 0.343399
283.125 301.265 0.368286
284.783 301.548 0.404018
286.57 301.306 0.43747
287.968 301.352 0.457882
289.326 301.203 0.464763
290.894 301.268 0.486907
292.32 301.267 0.517125
293.899 301.317 0.547278
295.187 301.332 0.570654
295.966 301.441 0.574398
296.919 301.636 0.567379
298.144 301.856 0.553729
300 301.766 0.542974
301.856 301.856 0.553729
303.081 301.636 0.567379
304.034 301.441 0.574398
304.813 301.332 0.570654
306.101 301.317 0.547278
307.68 301.267 0.517125
309.106 301.268 0.486907
310.674 301.203 0.464763
312.032 301.352 0.457882
313.43 301.306 0.43747
315.217 301.548 0.404018
316.875 301.265 0.368286
319.1 301.43 0.343399
320.886 301.294 0.316603
322.915 301.447 0.281896
326.439 301.506 0.259345
328.52 301.778 0.26712
331.391 301.6 0.309825
334.626 301.766 0.342652
339.68 301.684 0.422597
345.856 301.55 0.549749
254.021 303.42 0.545578
260.466 303.168 0.431838
265.197 303.514 0.342669
268.534 303.349 0.305806
271.409 303.285 0.264764
273.88 303.104 0.25931
277.051 303.189 0.286404
279.027 302.83 0.312317
280.948 302.875 0.343651
282.891 302.85 0.36251
284.767 302.822 0.400357
286.345 302.684 0.431886
287.802 302.548 0.451646
289.298 302.544 0.465283
290.734 302.654 0.480632
292.414 302.545 0.514204
294.012 302.606 0.545563
295.207 302.504 0.56573
296.138 302.596 0.570198
297.174 302.826 0.576763
298.364 303.081 0.567379
300 303.415 0.564603
301.636 303.081 0.567379
302.826 302.826 0.576763
303.862 302.596 0.570198
304.793 302.504 0.56573
305.988 302.606 0.545563
307.586 302.545 0.514204
309.266 302.654 0.480632
310.702 302.544 0.465283
312.198 302.548 0.451646
313.655 302.684 0.431886
315.233 302.822 0.400357
317.109 302.85 0.36251
319.052 302.875 0.343651
320.973 302.83 0.312317
322.949 303.189 0.286404
326.12 303.104 0.25931
328.591 303.285 0.264764
331.466 303.349 0.305806
334.803 303.514 0.342669
339.534 303.168 0.431838
345.979 303.42 0.545578
254.132 305.402 0.55338
260.313 305.165 0.435196
265.173 305.271 0.35279
268.261 304.929 0.308838
271.032 305.035 0.264369
273.828 304.756 0.254915
276.854 304.517 0.278186
278.802 304.53 0.310265
280.754 304.337 0.335809
282.867 304.266 0.36036
284.507 304.293 0.396569
286.111 304.163 0.428652
288.037 304.095 0.455267
289.144 304.001 0.463057
290.708 303.905 0.477786
292.158 303.987 0.500718
293.796 303.856 0.533351
295.109 303.784 0.555945
296.262 303.738 0.569094
297.404 303.862 0.570198
298.559 304.034 0.574398
300 304.167 0.574872
301.441 304.034 0.574398
302.596 303.862 0.570198
303.738 303.738 0.569094
304.891 303.784 0.555945
306.204 303.856 0.533351
307.842 303.987 0.500718
309.292 303.905 0.477786
310.856 304.001 0.463057
311.963 304.095 0.455267
313.889 304.163 0.428652
315.493 304.293 0.396569
317.133 304.266 0.36036
319.246 304.337 0.335809
321.198 304.53 0.310265
323.146 304.517 0.278186
326.172 304.756 0.254915
328.968 305.035 0.264369
331.739 304.929 0.308838
334.827 305.271 0.35279
339.687 305.165 0.435196
345.868 305.402 0.55338
254.353 307.505 0.566595
259.628 307.468 0.439719
265.013 307.069 0.360714
268.445 306.754 0.317968
271.034 306.57 0.27203
273.626 306.42 0.256324
276.653 306.145 0.271948
278.627 306.038 0.296703
280.733 305.788 0.325474
282.919 305.679 0.352341
284.551 305.549 0.388059
286.046 305.574 0.424984
287.79 305.653 0.452217
289.218 305.389 0.461132
290.733 305.269 0.469156
292.081 305.323 0.485462
293.655 304.9 0.515481
295.104 304.896 0.545198
296.216 304.891 0.555945
297.496 304.793 0.56573
298.668 304.813 0.570654
300 304.771 0.57026
301.332 304.813 0.570654
302.504 304.793 0.56573
303.784 304.891 0.555945
304.896 304.896 0.545198
306.345 304.9 0.515481
307.919 305.323 0.485462
309.267 305.269 0.469156
310.782 305.389 0.461132
312.21 305.653 0.452217
313.954 305.574 0.424984
315.449 305.549 0.388059
317.081 305.679 0.352341
319.267 305.788 0.325474
321.373 306.038 0.296703
323.347 306.145 0.271948
326.374 306.42 0.256324
328.966 306.57 0.27203
331.555 306.754 0.317968
334.987 307.069 0.360714
340.372 307.468 0.439719
345.647 307.505 0.566595
254.959 309.744 0.602222
258.965 309.548 0.466458
264.69 308.948 0.370264
268.257 308.623 0.325459
270.69 308.403 0.275598
273.373 308.293 0.255804
276.448 307.784 0.263458
278.529 307.471 0.289729
280.693 307.244 0.31267
283.013 306.94 0.34485
284.654 307.132 0.379046
286.127 306.931 0.409286
287.636 306.757 0.437037
289.054 306.82 0.449953
290.527 306.609 0.46009
292.151 306.69 0.471787
293.435 306.565 0.493701
295.1 306.345 0.515481
296.144 306.204 0.533351
297.394 305.988 0.545563
298.683 306.101 0.547278
300 306.032 0.553181
301.317 306.101 0.547278
302.606 305.988 0.545563
303.856 306.204 0.533351
304.9 306.345 0.515481
306.565 306.565 0.493701
307.849 306.69 0.471787
309.473 306.609 0.46009
310.946 306.82 0.449953
312.364 306.757 0.437037
313.873 306.931 0.409286
315.346 307.132 0.379046
316.987 306.94 0.34485
319.307 307.244 0.31267
321.471 307.471 0.289729
323.552 307.784 0.263458
326.627 308.293 0.255804
329.31 308.403 0.275598
331.743 308.623 0.325459
335.31 308.948 0.370264
341.035 309.548 0.466458
345.041 309.744 0.602222
255.045 312.044 0.613333
258.162 311.79 0.494887
264.182 310.712 0.38255
267.637 310.307 0.33488
270.349 310.172 0.289353
272.617 310.001 0.262626
276.107 309.529 0.256136
277.833 309.062 0.272134
280.16 309.113 0.299642
282.691 308.689 0.331802
284.4 308.739 0.364818
286.061 308.438 0.39527
287.416 308.23 0.422612
289.177 308.008 0.442498
290.683 307.961 0.453744
291.947 308.053 0.461222
293.31 307.849 0.471787
294.677 307.919 0.485462
296.013 307.842 0.500718
297.455 307.586 0.514204
298.733 307.68 0.517125
300 307.755 0.518757
301.267 307.68 0.517125
302.545 307.586 0.514204
303.987 307.842 0.500718
305.323 307.919 0.485462
306.69 307.849 0.471787
308.053 308.053 0.461222
309.317 307.961 0.453744
310.823 308.008 0.442498
312.584 308.23 0.422612
313.939 308.438 0.39527
315.6 308.739 0.364818
317.309 308.689 0.331802
319.84 309.113 0.299642
322.167 309.062 0.272134
323.893 309.529 0.256136
327.383 310.001 0.262626
329.651 310.172 0.289353
332.363 310.307 0.33488
335.818 310.712 0.38255
341.838 311.79 0.494887
344.955 312.044 0.613333
257.851 314.091 0.531864
263.494 312.831 0.403033
267.228 312.124 0.349477
270.298 312.035 0.300984
272.69 311.725 0.26533
275.397 311.267 0.253898
277.858 310.781 0.259371
280.071 310.754 0.29039
282.499 310.56 0.322958
284.283 310.113 0.349196
285.7 309.635 0.378649
287.311 309.479 0.400376
289.169 309.423 0.425834
290.719 309.281 0.44556
292.039 309.317 0.453744
293.391 309.473 0.46009
294.731 309.267 0.469156
296.095 309.292 0.477786
297.346 309.266 0.480632
298.732 309.106 0.486907
300 309.029 0.494002
301.268 309.106 0.486907
302.654 309.266 0.480632
303.905 309.292 0.477786
305.269 309.267 0.469156
306.609 309.473 0.46009
307.961 309.317 0.453744
309.281 309.281 0.44556
310.831 309.423 0.425834
312.689 309.479 0.400376
314.3 309.635 0.378649
315.717 310.113 0.349196
317.501 310.56 0.322958
319.929 310.754 0.29039
322.142 310.781 0.259371
324.603 311.267 0.253898
327.31 311.725 0.26533
329.702 312.035 0.300984
332.772 312.124 0.349477
336.506 312.831 0.403033
342.149 314.091 0.531864
257.262 316.323 0.559032
262.29 315.529 0.443853
267.094 314.281 0.370592
270.221 313.892 0.325508
272.226 313.643 0.279494
274.57 313.3 0.260706
277.892 312.55 0.254594
279.915 312.164 0.2814
282.233 312.073 0.304144
283.92 311.778 0.331881
285.515 311.434 0.349209
287.15 311.042 0.378846
288.879 311.121 0.400664
290.577 310.831 0.425834
291.992 310.823 0.442498
293.18 310.946 0.449953
294.611 310.782 0.461132
295.999 310.856 0.463057
297.456 310.702 0.465283
298.797 310.674 0.464763
300 310.747 0.466006
301.203 310.674 0.464763
302.544 310.702 0.465283
304.001 310.856 0.463057
305.389 310.782 0.461132
306.82 310.946 0.449953
308.008 310.823 0.442498
309.423 310.831 0.425834
311.121 311.121 0.400664
312.85 311.042 0.378846
314.485 311.434 0.349209
316.08 311.778 0.331881
317.767 312.073 0.304144
320.085 312.164 0.2814
322.108 312.55 0.254594
325.43 313.3 0.260706
327.774 313.643 0.279494
329.779 313.892 0.325508
332.906 314.281 0.370592
337.71 315.529 0.443853
342.738 316.323 0.559032
257.573 318.744 0.608086
260.629 318.436 0.503066
266.102 317.056 0.39705
269.434 316.122 0.345528
272.087 315.601 0.301664
274.484 315.011 0.268283
276.904 314.854 0.256502
279.452 314.07 0.260508
281.565 313.604 0.289171
283.617 313.079 0.313089
285.125 313.258 0.328663
287.069 312.931 0.353674
288.958 312.85 0.378846
290.521 312.689 0.400376
291.77 312.584 0.422612
293.243 312.364 0.437037
294.347 312.21 0.452217
295.905 311.963 0.455267
297.452 312.198 0.451646
298.648 312.032 0.457882
300 312.116 0.455003
301.352 312.032 0.457882
302.548 312.198 0.451646
304.095 311.963 0.455267
305.653 312.21 0.452217
306.757 312.364 0.437037
308.23 312.584 0.422612
309.479 312.689 0.400376
311.042 312.85 0.378846
312.931 312.931 0.353674
314.875 313.258 0.328663
316.383 313.079 0.313089
318.435 313.604 0.289171
320.548 314.07 0.260508
323.096 314.854 0.256502
325.516 315.011 0.268283
327.913 315.601 0.301664
330.566 316.122 0.345528
333.898 317.056 0.39705
339.371 318.436 0.503066
342.427 318.744 0.608086
259.731 321.243 0.559609
264.488 319.835 0.448356
268.769 318.367 0.375875
271.606 317.305 0.328886
274.161 317.4 0.288375
276.534 316.727 0.260939
278.824 316.241 0.24851
281.331 315.661 0.270216
283.163 314.941 0.288503
285.201 314.799 0.312143
286.742 314.875 0.328663
288.566 314.485 0.349209
290.365 314.3 0.378649
291.562 313.939 0.39527
293.069 313.873 0.409286
294.426 313.954 0.424984
295.837 313.889 0.428652
297.316 313.655 0.431886
298.694 313.43 0.43747
300 313.544 0.435924
301.306 313.43 0.43747
302.684 313.655 0.431886
304.163 313.889 0.428652
305.574 313.954 0.424984
306.931 313.873 0.409286
308.438 313.939 0.39527
309.635 314.3 0.378649
311.434 314.485 0.349209
313.258 314.875 0.328663
314.799 314.799 0.312143
316.837 314.941 0.288503
318.669 315.661 0.270216
321.176 316.241 0.24851
323.466 316.727 0.260939
325.839 317.4 0.288375
328.394 317.305 0.328886
331.231 318.367 0.375875
335.512 319.835 0.448356
340.269 321.243 0.559609
259.923 323.388 0.627984
262.387 322.959 0.521237
267.185 321.011 0.405563
271.278 319.752 0.358895
273.612 318.871 0.317262
275.851 319.054 0.272175
278.388 318.225 0.255707
280.343 317.608 0.249741
282.938 317.062 0.263568
285.059 316.837 0.288503
286.921 316.383 0.313089
288.222 316.08 0.331881
289.887 315.717 0.349196
291.261 315.6 0.364818
292.868 315.346 0.379046
294.451 315.449 0.388059
295.707 315.493 0.396569
297.178 315.233 0.400357
298.452 315.217 0.404018
300 315.323 0.403647
301.548 315.217 0.404018
302.822 315.233 0.400357
304.293 315.493 0.396569
305.549 315.449 0.388059
307.132 315.346 0.379046
308.739 315.6 0.364818
310.113 315.717 0.349196
311.778 316.08 0.331881
313.079 316.383 0.313089
314.941 316.837 0.288503
317.062 317.062 0.263568
319.657 317.608 0.249741
321.612 318.225 0.255707
324.149 319.054 0.272175
326.388 318.871 0.317262
328.722 319.752 0.358895
332.815 321.011 0.405563
337.613 322.959 0.521237
340.077 323.388 0.627984
261.337 325.865 0.572667
264.996 324.985 0.475788
269.887 322.758 0.380245
273.044 321.538 0.343751
275.721 320.724 0.305109
277.643 320.515 0.270503
280.178 319.822 0.257634
282.392 319.657 0.249741
284.339 318.669 0.270216
286.396 318.435 0.289171
287.927 317.767 0.304144
289.44 317.501 0.322958
291.311 317.309 0.331802
293.06 316.987 0.34485
294.321 317.081 0.352341
295.734 317.133 0.36036
297.15 317.109 0.36251
298.735 316.875 0.368286
300 316.814 0.375797
301.265 316.875 0.368286
302.85 317.109 0.36251
304.266 317.133 0.36036
305.679 317.081 0.352341
306.94 316.987 0.34485
308.689 317.309 0.331802
310.56 317.501 0.322958
312.073 317.767 0.304144
313.604 318.435 0.289171
315.661 318.669 0.270216
317.608 319.657 0.249741
319.822 319.822 0.257634
322.357 320.515 0.270503
324.279 320.724 0.305109
326.956 321.538 0.343751
330.113 322.758 0.380245
335.004 324.985 0.475788
338.663 325.865 0.572667
263.773 327.989 0.548646
267.757 326.219 0.451159
272.052 324.315 0.381009
274.863 323.329 0.334323
277.278 322.722 0.298147
279.485 322.357 0.270503
281.775 321.612 0.255707
283.759 321.176 0.24851
285.93 320.548 0.260508
287.836 320.085 0.2814
289.246 319.929 0.29039
290.887 319.84 0.299642
292.756 319.307 0.31267
294.212 319.267 0.325474
295.663 319.246 0.335809
297.125 319.052 0.343651
298.57 319.1 0.343399
300 319.176 0.339672
301.43 319.1 0.343399
302.875 319.052 0.343651
304.337 319.246 0.335809
305.788 319.267 0.325474
307.244 319.307 0.31267
309.113 319.84 0.299642
310.754 319.929 0.29039
312.164 320.085 0.2814
314.07 320.548 0.260508
316.241 321.176 0.24851
318.225 321.612 0.255707
320.515 322.357 0.270503
322.722 322.722 0.298147
325.137 323.329 0.334323
327.948 324.315 0.381009
332.243 326.219 0.451159
336.227 327.989 0.548646
265.8 329.821 0.541562
270.165 327.477 0.446252
274.153 325.847 0.389079
276.671 325.137 0.334323
279.276 324.279 0.305109
280.946 324.149 0.272175
283.273 323.466 0.260939
285.146 323.096 0.256502
287.45 322.108 0.254594
289.219 322.142 0.259371
290.938 322.167 0.272134
292.529 321.471 0.289729
293.962 321.373 0.296703
295.47 321.198 0.310265
297.17 320.973 0.312317
298.706 320.886 0.316603
300 321.035 0.314852
301.294 320.886 0.316603
302.83 320.973 0.312317
304.53 321.198 0.310265
306.038 321.373 0.296703
307.471 321.471 0.289729
309.062 322.167 0.272134
310.781 322.142 0.259371
312.55 322.108 0.254594
314.854 323.096 0.256502
316.727 323.466 0.260939
319.054 324.149 0.272175
320.724 324.279 0.305109
323.329 325.137 0.334323
325.847 325.847 0.389079
329.835 327.477 0.446252
334.2 329.821 0.541562
265.603 332.352 0.617164
268.39 331.61 0.544297
272.523 329.835 0.446252
275.685 327.948 0.381009
278.462 326.956 0.343751
281.129 326.388 0.317262
282.6 325.839 0.288375
284.989 325.516 0.268283
286.7 325.43 0.260706
288.733 324.603 0.253898
290.471 323.893 0.256136
292.216 323.552 0.263458
293.855 323.347 0.271948
295.483 323.146 0.278186
296.811 322.949 0.286404
298.553 322.915 0.281896
300 322.94 0.289329
301.447 322.915 0.281896
303.189 322.949 0.286404
304.517 323.146 0.278186
306.145 323.347 0.271948
307.784 323.552 0.263458
309.529 323.893 0.256136
311.267 324.603 0.253898
313.3 325.43 0.260706
315.011 325.516 0.268283
317.4 325.839 0.288375
318.871 326.388 0.317262
321.538 326.956 0.343751
324.315 327.948 0.381009
327.477 329.835 0.446252
331.61 331.61 0.544297
334.397 332.352 0.617164
267.648 334.397 0.617164
270.179 334.2 0.541562
273.781 332.243 0.451159
277.242 330.113 0.380245
280.248 328.722 0.358895
282.695 328.394 0.328886
284.399 327.913 0.301664
286.357 327.774 0.279494
288.275 327.31 0.26533
289.999 327.383 0.262626
291.707 326.627 0.255804
293.58 326.374 0.256324
295.244 326.172 0.254915
296.896 326.12 0.25931
298.494 326.439 0.259345
300 326.111 0.251202
301.506 326.439 0.259345
303.104 326.12 0.25931
304.756 326.172 0.254915
306.42 326.374 0.256324
308.293 326.627 0.255804
310.001 327.383 0.262626
311.725 327.31 0.26533
313.643 327.774 0.279494
315.601 327.913 0.301664
317.305 328.394 0.328886
319.752 328.722 0.358895
322.758 330.113 0.380245
326.219 332.243 0.451159
329.821 334.2 0.541562
332.352 334.397 0.617164
272.011 336.227 0.548646
275.015 335.004 0.475788
278.989 332.815 0.405563
281.633 331.231 0.375875
283.878 330.566 0.345528
286.108 329.779 0.325508
287.965 329.702 0.300984
289.828 329.651 0.289353
291.597 329.31 0.275598
293.43 328.966 0.27203
294.965 328.968 0.264369
296.715 328.591 0.264764
298.222 328.52 0.26712
300 328.533 0.26758
301.778 328.52 0.26712
303.285 328.591 0.264764
305.035 328.968 0.264369
306.57 328.966 0.27203
308.403 329.31 0.275598
310.172 329.651 0.289353
312.035 329.702 0.300984
313.892 329.779 0.325508
316.122 330.566 0.345528
318.367 331.231 0.375875
321.011 332.815 0.405563
324.985 335.004 0.475788
327.989 336.227 0.548646
274.135 338.663 0.572667
277.041 337.613 0.521237
280.165 335.512 0.448356
282.944 333.898 0.39705
285.719 332.906 0.370592
287.876 332.772 0.349477
289.693 332.363 0.33488
291.377 331.743 0.325459
293.246 331.555 0.317968
295.071 331.739 0.308838
296.651 331.466 0.305806
298.4 331.391 0.309825
300 331.445 0.309104
301.6 331.391 0.309825
303.349 331.466 0.305806
304.929 331.739 0.308838
306.754 331.555 0.317968
308.623 331.743 0.325459
310.307 332.363 0.33488
312.124 332.772 0.349477
314.281 332.906 0.370592
317.056 333.898 0.39705
319.835 335.512 0.448356
322.959 337.613 0.521237
325.865 338.663 0.572667
276.612 340.077 0.627984
278.757 340.269 0.559609
281.564 339.371 0.503066
284.471 337.71 0.443853
287.169 336.506 0.403033
289.288 335.818 0.38255
291.052 335.31 0.370264
292.931 334.987 0.360714
294.729 334.827 0.35279
296.486 334.803 0.342669
298.234 334.626 0.342652
300 334.545 0.340794
301.766 334.626 0.342652
303.514 334.803 0.342669
305.271 334.827 0.35279
307.069 334.987 0.360714
308.948 335.31 0.370264
310.712 335.818 0.38255
312.831 336.506 0.403033
315.529 337.71 0.443853
318.436 339.371 0.503066
321.243 340.269 0.559609
323.388 340.077 0.627984
281.256 342.427 0.608086
283.677 342.738 0.559032
285.909 342.149 0.531864
288.21 341.838 0.494887
290.452 341.035 0.466458
292.532 340.372 0.439719
294.835 339.687 0.435196
296.832 339.534 0.431838
298.316 339.68 0.422597
300 339.66 0.42057
301.684 339.68 0.422597
303.168 339.534 0.431838
305.165 339.687 0.435196
307.468 340.372 0.439719
309.548 341.035 0.466458
311.79 341.838 0.494887
314.091 342.149 0.531864
316.323 342.738 0.559032
318.744 342.427 0.608086
287.956 344.955 0.613333
290.256 345.041 0.602222
292.495 345.647 0.566595
294.598 345.868 0.55338
296.58 345.979 0.545578
298.45 345.856 0.549749
300 346.07 0.553275
301.55 345.856 0.549749
303.42 345.979 0.545578
305.402 345.868 0.55338
307.505 345.647 0.566595
309.744 345.041 0.602222
312.044 344.955 0.613333
end.
