begin.
294.545 280.906 1
295.454 280.906 1
296.363 280.906 1
297.272 280.906 1
298.182 280.906 1
299.091 280.906 1
300 280.906 1
300.909 280.906 1
301.818 280.906 1
302.728 280.906 1
303.637 280.906 1
304.546 280.906 1
305.455 280.906 1
291.817 281.815 1
292.726 281.815 1
293.635 281.815 1
294.545 281.815 1
295.454 281.815 1
296.363 281.815 1
297.272 281.815 1
298.182 281.815 1
299.091 281.815 1
300 281.815 1
300.909 281.815 1
301.818 281.815 1
302.728 281.815 1
303.637 281.815 1
304.546 281.815 1
305.455 281.815 1
306.365 281.815 1
307.274 281.815 1
308.183 281.815 1
289.998 282.725 1
290.908 282.725 1
291.817 282.725 1
292.726 282.725 1
293.635 282.725 1
294.545 282.725 1
295.454 282.725 1
296.363 282.725 1
297.273 282.725 1
298.182 282.725 1
299.091 282.725 1
300 282.725 1
300.909 282.725 1
301.818 282.725 1
302.727 282.725 1
303.637 282.725 1
304.546 282.725 1
305.455 282.725 1
306.365 282.725 1
307.274 282.725 1
308.183 282.725 1
309.092 282.725 1
310.002 282.725 1
289.089 283.634 1
289.998 283.634 1
290.908 283.634 1
291.817 283.634 1
292.726 283.634 1
293.636 283.634 1
294.545 283.634 1
295.454 283.634 1
296.363 283.635 1
297.273 283.635 1
298.182 283.635 1
299.091 283.635 1
300 283.635 1
300.909 283.635 1
301.818 283.635 1
302.727 283.635 1
303.637 283.635 1
304.546 283.634 1
305.455 283.634 1
306.364 283.634 1
307.274 283.634 1
308.183 283.634 1
309.092 283.634 1
310.002 283.634 1
310.911 283.634 1
288.18 284.543 1
289.089 284.543 1
289.998 284.543 1
290.908 284.543 1
291.817 284.543 1
292.726 284.544 1
293.636 284.544 1
294.545 284.544 1
295.454 284.544 1
296.363 284.544 1
297.273 284.544 1
298.182 284.544 1
299.091 284.545 1
300 284.545 1
300.909 284.545 1
301.818 284.544 1
302.727 284.544 1
303.637 284.544 1
304.546 284.544 1
305.455 284.544 1
306.364 284.544 1
307.274 284.544 1
308.183 284.543 1
309.092 284.543 1
310.002 284.543 1
310.911 284.543 1
311.82 284.543 1
286.362 285.452 1
287.271 285.452 1
288.18 285.452 1
289.089 285.452 1
289.999 285.453 1
290.908 285.453 1
291.817 285.453 1
292.727 285.453 1
293.636 285.454 1
294.545 285.454 1
295.454 285.454 1
296.364 285.454 1
297.273 285.454 1
298.182 285.454 1
299.091 285.454 1
300 285.454 1
300.909 285.454 1
301.818 285.454 1
302.727 285.454 1
303.636 285.454 1
304.546 285.454 1
305.455 285.454 1
306.364 285.454 1
307.273 285.453 1
308.183 285.453 1
309.092 285.453 1
310.001 285.453 1
310.911 285.452 1
311.82 285.452 1
312.729 285.452 1
313.638 285.452 1
285.452 286.362 1
286.361 286.361 1
287.271 286.362 1
288.18 286.362 1
289.089 286.362 1
289.999 286.362 1
290.908 286.362 1
291.818 286.363 1
292.727 286.363 1
293.636 286.363 1
294.545 286.363 1
295.455 286.364 1
296.364 286.364 1
297.273 286.364 1
298.182 286.364 1
299.091 286.364 1
300 286.364 1
300.909 286.364 1
301.818 286.364 1
302.727 286.364 1
303.636 286.364 1
304.545 286.364 1
305.455 286.363 1
306.364 286.363 1
307.273 286.363 1
308.182 286.363 1
309.092 286.362 1
310.001 286.362 1
310.911 286.362 1
311.82 286.362 1
312.729 286.362 1
313.639 286.361 1
314.548 286.362 1
285.452 287.271 1
286.362 287.271 1
287.271 287.271 1
288.18 287.271 1
289.09 287.271 1
289.999 287.272 1
290.909 287.272 1
291.818 287.272 1
292.727 287.273 1
293.636 287.273 1
294.545 287.273 1
295.455 287.273 1
296.364 287.273 1
297.273 287.273 1
298.182 287.273 1
299.091 287.273 1
300 287.273 1
300.909 287.273 1
301.818 287.273 1
302.727 287.273 1
303.636 287.273 1
304.545 287.273 1
305.455 287.273 1
306.364 287.273 1
307.273 287.273 1
308.182 287.272 1
309.091 287.272 1
310.001 287.272 1
310.91 287.271 1
311.82 287.271 1
312.729 287.271 1
313.638 287.271 1
314.548 287.271 1
284.543 288.18 1
285.452 288.18 1
286.362 288.18 1
287.271 288.18 1
288.181 288.181 1
289.09 288.181 1
290 288.181 1
290.909 288.182 1
291.818 288.182 1
292.727 288.182 1
293.636 288.182 1
294.545 288.182 1
295.455 288.182 1
296.364 288.182 1
297.273 288.182 1
298.182 288.182 1
299.091 288.182 1
300 288.182 1
300.909 288.182 1
301.818 288.182 1
302.727 288.182 1
303.636 288.182 1
304.545 288.182 1
305.455 288.182 1
306.364 288.182 1
307.273 288.182 1
308.182 288.182 1
309.091 288.182 1
310 288.181 1
310.91 288.181 1
311.819 288.181 1
312.729 288.18 1
313.638 288.18 1
314.548 288.18 1
315.457 288.18 1
283.634 289.089 1
284.543 289.089 1
285.452 289.089 1
286.362 289.089 1
287.271 289.09 1
288.181 289.09 1
289.09 289.09 1
290 289.091 1
290.909 289.091 1
291.818 289.091 1
292.727 289.091 1
293.636 289.091 1
294.545 289.091 1
295.455 289.091 1
296.364 289.091 1
297.273 289.091 1
298.182 289.091 1
299.091 289.091 1
300 289.091 1
300.909 289.091 1
301.818 289.091 1
302.727 289.091 1
303.636 289.091 1
304.545 289.091 1
305.455 289.091 1
306.364 289.091 1
307.273 289.091 1
308.182 289.091 1
309.091 289.091 1
310 289.091 1
310.91 289.09 1
311.819 289.09 1
312.729 289.09 1
313.638 289.089 1
314.548 289.089 1
315.457 289.089 1
316.366 289.089 1
282.725 289.998 1
283.634 289.998 1
284.543 289.998 1
285.453 289.999 1
286.362 289.999 1
287.272 289.999 1
288.181 290 1
289.091 290 1
290 290 1
290.909 290 1
291.818 290 1
292.727 290 1
293.636 290 1
294.545 290 1
295.455 290 1
296.364 290 1
297.273 290 1
298.182 290 1
299.091 290 1
300 290 1
300.909 290 1
301.818 290 1
302.727 290 1
303.636 290 1
304.545 290 1
305.455 290 1
306.364 290 1
307.273 290 1
308.182 290 1
309.091 290 1
310 290 1
310.909 290 1
311.819 290 1
312.728 289.999 1
313.638 289.999 1
314.547 289.999 1
315.457 289.998 1
316.366 289.998 1
317.275 289.998 1
282.725 290.908 1
283.634 290.908 1
284.543 290.908 1
285.453 290.908 1
286.362 290.908 1
287.272 290.909 1
288.182 290.909 1
289.091 290.909 1
290 290.909 1
290.909 290.909 1
291.818 290.909 1
292.727 290.909 1
293.636 290.909 1
294.545 290.909 1
295.455 290.909 1
296.364 290.909 1
297.273 290.909 1
298.182 290.909 1
299.091 290.909 1
300 290.909 1
300.909 290.909 1
301.818 290.909 1
302.727 290.909 1
303.636 290.909 1
304.545 290.909 1
305.455 290.909 1
306.364 290.909 1
307.273 290.909 1
308.182 290.909 1
309.091 290.909 1
310 290.909 1
310.909 290.909 1
311.818 290.909 1
312.728 290.909 1
313.638 290.908 1
314.547 290.908 1
315.457 290.908 1
316.366 290.908 1
317.275 290.908 1
281.815 291.817 1
282.725 291.817 1
283.634 291.817 1
284.543 291.817 1
285.453 291.817 1
286.363 291.818 1
287.272 291.818 1
288.182 291.818 1
289.091 291.818 1
290 291.818 1
290.909 291.818 1
291.818 291.818 1
292.727 291.818 1
293.636 291.818 1
294.545 291.818 1
295.455 291.818 1
296.364 291.818 1
297.273 291.818 1
298.182 291.818 1
299.091 291.818 1
300 291.818 1
300.909 291.818 1
301.818 291.818 1
302.727 291.818 1
303.636 291.818 1
304.545 291.818 1
305.455 291.818 1
306.364 291.818 1
307.273 291.818 1
308.182 291.818 1
309.091 291.818 1
310 291.818 1
310.909 291.818 1
311.818 291.818 1
312.728 291.818 1
313.637 291.818 1
314.547 291.817 1
315.457 291.817 1
316.366 291.817 1
317.275 291.817 1
318.185 291.817 1
281.815 292.726 1
282.725 292.726 1
283.634 292.726 1
284.544 292.726 1
285.453 292.727 1
286.363 292.727 1
287.273 292.727 1
288.182 292.727 1
289.091 292.727 1
290 292.727 1
290.909 292.727 1
291.818 292.727 1
292.727 292.727 1
293.636 292.727 1
294.545 292.727 1
295.455 292.727 1
296.364 292.727 1
297.273 292.727 1
298.182 292.727 1
299.091 292.727 1
300 292.727 1
300.909 292.727 1
301.818 292.727 1
302.727 292.727 1
303.636 292.727 1
304.545 292.727 1
305.455 292.727 1
306.364 292.727 1
307.273 292.727 1
308.182 292.727 1
309.091 292.727 1
310 292.727 1
310.909 292.727 1
311.818 292.727 1
312.727 292.727 1
313.637 292.727 1
314.547 292.727 1
315.456 292.726 1
316.366 292.726 1
317.275 292.726 1
318.185 292.726 1
281.815 293.635 1
282.725 293.635 1
283.634 293.636 1
284.544 293.636 1
285.454 293.636 1
286.363 293.636 1
287.273 293.636 1
288.182 293.636 1
289.091 293.636 1
290 293.636 1
290.909 293.636 1
291.818 293.636 1
292.727 293.636 1
293.636 293.636 1
294.545 293.636 1
295.455 293.636 1
296.364 293.636 1
297.273 293.636 1
298.182 293.636 1
299.091 293.636 1
300 293.636 1
300.909 293.636 1
301.818 293.636 1
302.727 293.636 1
303.636 293.636 1
304.545 293.636 1
305.455 293.636 1
306.364 293.636 1
307.273 293.636 1
308.182 293.636 1
309.091 293.636 1
310 293.636 1
310.909 293.636 1
311.818 293.636 1
312.727 293.636 1
313.637 293.636 1
314.546 293.636 1
315.456 293.636 1
316.366 293.636 1
317.275 293.635 1
318.185 293.635 1
280.906 294.545 1
281.815 294.545 1
282.725 294.545 1
283.634 294.545 1
284.544 294.545 1
285.454 294.545 1
286.363 294.545 1
287.273 294.545 1
288.182 294.545 1
289.091 294.545 1
290 294.545 1
290.909 294.545 1
291.818 294.545 1
292.727 294.545 1
293.636 294.545 1
294.545 294.545 1
295.455 294.545 1
296.364 294.545 1
297.273 294.545 1
298.182 294.545 1
299.091 294.545 1
300 294.545 1
300.909 294.545 1
301.818 294.545 1
302.727 294.545 1
303.636 294.545 1
304.545 294.545 1
305.455 294.545 1
306.364 294.545 1
307.273 294.545 1
308.182 294.545 1
309.091 294.545 1
310 294.545 1
310.909 294.545 1
311.818 294.545 1
312.727 294.545 1
313.637 294.545 1
314.546 294.545 1
315.456 294.545 1
316.366 294.545 1
317.275 294.545 1
318.185 294.545 1
319.094 294.545 1
280.906 295.454 1
281.815 295.454 1
282.725 295.454 1
283.634 295.454 1
284.544 295.454 1
285.454 295.454 1
286.364 295.455 1
287.273 295.455 1
288.182 295.455 1
289.091 295.455 1
290 295.455 1
290.909 295.455 1
291.818 295.455 1
292.727 295.455 1
293.636 295.455 1
294.545 295.455 1
295.455 295.455 1
296.364 295.455 1
297.273 295.455 1
298.182 295.455 1
299.091 295.455 1
300 295.455 1
300.909 295.455 1
301.818 295.455 1
302.727 295.455 1
303.636 295.455 1
304.545 295.455 1
305.455 295.455 1
306.364 295.455 1
307.273 295.455 1
308.182 295.455 1
309.091 295.455 1
310 295.455 1
310.909 295.455 1
311.818 295.455 1
312.727 295.455 1
313.636 295.455 1
314.546 295.454 1
315.456 295.454 1
316.366 295.454 1
317.275 295.454 1
318.185 295.454 1
319.094 295.454 1
280.906 296.363 1
281.815 296.363 1
282.725 296.363 1
283.635 296.363 1
284.544 296.363 1
285.454 296.364 1
286.364 296.364 1
287.273 296.364 1
288.182 296.364 1
289.091 296.364 1
290 296.364 1
290.909 296.364 1
291.818 296.364 1
292.727 296.364 1
293.636 296.364 1
294.545 296.364 1
295.455 296.364 1
296.364 296.364 1
297.273 296.364 1
298.182 296.364 1
299.091 296.364 1
300 296.364 1
300.909 296.364 1
301.818 296.364 1
302.727 296.364 1
303.636 296.364 1
304.545 296.364 1
305.455 296.364 1
306.364 296.364 1
307.273 296.364 1
308.182 296.364 1
309.091 296.364 1
310 296.364 1
310.909 296.364 1
311.818 296.364 1
312.727 296.364 1
313.636 296.364 1
314.546 296.364 1
315.456 296.363 1
316.365 296.363 1
317.275 296.363 1
318.185 296.363 1
319.094 296.363 1
280.906 297.272 1
281.815 297.272 1
282.725 297.273 1
283.635 297.273 1
284.544 297.273 1
285.454 297.273 1
286.364 297.273 1
287.273 297.273 1
288.182 297.273 1
289.091 297.273 1
290 297.273 1
290.909 297.273 1
291.818 297.273 1
292.727 297.273 1
293.636 297.273 1
294.545 297.273 1
295.455 297.273 1
296.364 297.273 1
297.273 297.273 1
298.182 297.273 1
299.091 297.273 1
300 297.273 1
300.909 297.273 1
301.818 297.273 1
302.727 297.273 1
303.636 297.273 1
304.545 297.273 1
305.455 297.273 1
306.364 297.273 1
307.273 297.273 1
308.182 297.273 1
309.091 297.273 1
310 297.273 1
310.909 297.273 1
311.818 297.273 1
312.727 297.273 1
313.636 297.273 1
314.546 297.273 1
315.456 297.273 1
316.365 297.273 1
317.275 297.273 1
318.185 297.272 1
319.094 297.272 1
280.906 298.182 1
281.815 298.182 1
282.725 298.182 1
283.635 298.182 1
284.544 298.182 1
285.454 298.182 1
286.364 298.182 1
287.273 298.182 1
288.182 298.182 1
289.091 298.182 1
290 298.182 1
290.909 298.182 1
291.818 298.182 1
292.727 298.182 1
293.636 298.182 1
294.545 298.182 1
295.455 298.182 1
296.364 298.182 1
297.273 298.182 1
298.182 298.182 1
299.091 298.182 1
300 298.182 1
300.909 298.182 1
301.818 298.182 1
302.727 298.182 1
303.636 298.182 1
304.545 298.182 1
305.455 298.182 1
306.364 298.182 1
307.273 298.182 1
308.182 298.182 1
309.091 298.182 1
310 298.182 1
310.909 298.182 1
311.818 298.182 1
312.727 298.182 1
313.636 298.182 1
314.546 298.182 1
315.456 298.182 1
316.365 298.182 1
317.275 298.182 1
318.185 298.182 1
319.094 298.182 1
280.906 299.091 1
281.815 299.091 1
282.725 299.091 1
283.635 299.091 1
284.545 299.091 1
285.454 299.091 1
286.364 299.091 1
287.273 299.091 1
288.182 299.091 1
289.091 299.091 1
290 299.091 1
290.909 299.091 1
291.818 299.091 1
292.727 299.091 1
293.636 299.091 1
294.545 299.091 1
295.455 299.091 1
296.364 299.091 1
297.273 299.091 1
298.182 299.091 1
299.091 299.091 1
300 299.091 1
300.909 299.091 1
301.818 299.091 1
302.727 299.091 1
303.636 299.091 1
304.545 299.091 1
305.455 299.091 1
306.364 299.091 1
307.273 299.091 1
308.182 299.091 1
309.091 299.091 1
310 299.091 1
310.909 299.091 1
311.818 299.091 1
312.727 299.091 1
313.636 299.091 1
314.546 299.091 1
315.455 299.091 1
316.365 299.091 1
317.275 299.091 1
318.185 299.091 1
319.094 299.091 1
280.906 300 1
281.815 300 1
282.725 300 1
283.635 300 1
284.545 300 1
285.454 300 1
286.364 300 1
287.273 300 1
288.182 300 1
289.091 300 1
290 300 1
290.909 300 1
291.818 300 1
292.727 300 1
293.636 300 1
294.545 300 1
295.455 300 1
296.364 300 1
297.273 300 1
298.182 300 1
299.091 300 1
300 300 1
300.909 300 1
301.818 300 1
302.727 300 1
303.636 300 1
304.545 300 1
305.455 300 1
306.364 300 1
307.273 300 1
308.182 300 1
309.091 300 1
310 300 1
310.909 300 1
311.818 300 1
312.727 300 1
313.636 300 1
314.546 300 1
315.455 300 1
316.365 300 1
317.275 300 1
318.185 300 1
319.094 300 1
280.906 300.909 1
281.815 300.909 1
282.725 300.909 1
283.635 300.909 1
284.545 300.909 1
285.454 300.909 1
286.364 300.909 1
287.273 300.909 1
288.182 300.909 1
289.091 300.909 1
290 300.909 1
290.909 300.909 1
291.818 300.909 1
292.727 300.909 1
293.636 300.909 1
294.545 300.909 1
295.455 300.909 1
296.364 300.909 1
297.273 300.909 1
298.182 300.909 1
299.091 300.909 1
300 300.909 1
300.909 300.909 1
301.818 300.909 1
302.727 300.909 1
303.636 300.909 1
304.545 300.909 1
305.455 300.909 1
306.364 300.909 1
307.273 300.909 1
308.182 300.909 1
309.091 300.909 1
310 300.909 1
310.909 300.909 1
311.818 300.909 1
312.727 300.909 1
313.636 300.909 1
314.546 300.909 1
315.455 300.909 1
316.365 300.909 1
317.275 300.909 1
318.185 300.909 1
319.094 300.909 1
280.906 301.818 1
281.815 301.818 1
282.725 301.818 1
283.635 301.818 1
284.544 301.818 1
285.454 301.818 1
286.364 301.818 1
287.273 301.818 1
288.182 301.818 1
289.091 301.818 1
290 301.818 1
290.909 301.818 1
291.818 301.818 1
292.727 301.818 1
293.636 301.818 1
294.545 301.818 1
295.455 301.818 1
296.364 301.818 1
297.273 301.818 1
298.182 301.818 1
299.091 301.818 1
300 301.818 1
300.909 301.818 1
301.818 301.818 1
302.727 301.818 1
303.636 301.818 1
304.545 301.818 1
305.455 301.818 1
306.364 301.818 1
307.273 301.818 1
308.182 301.818 1
309.091 301.818 1
310 301.818 1
310.909 301.818 1
311.818 301.818 1
312.727 301.818 1
313.636 301.818 1
314.546 301.818 1
315.456 301.818 1
316.365 301.818 1
317.275 301.818 1
318.185 301.818 1
319.094 301.818 1
280.906 302.728 1
281.815 302.728 1
282.725 302.727 1
283.635 302.727 1
284.544 302.727 1
285.454 302.727 1
286.364 302.727 1
287.273 302.727 1
288.182 302.727 1
289.091 302.727 1
290 302.727 1
290.909 302.727 1
291.818 302.727 1
292.727 302.727 1
293.636 302.727 1
294.545 302.727 1
295.455 302.727 1
296.364 302.727 1
297.273 302.727 1
298.182 302.727 1
299.091 302.727 1
300 302.727 1
300.909 302.727 1
301.818 302.727 1
302.727 302.727 1
303.636 302.727 1
304.545 302.727 1
305.455 302.727 1
306.364 302.727 1
307.273 302.727 1
308.182 302.727 1
309.091 302.727 1
310 302.727 1
310.909 302.727 1
311.818 302.727 1
312.727 302.727 1
313.636 302.727 1
314.546 302.727 1
315.456 302.727 1
316.365 302.727 1
317.275 302.727 1
318.185 302.728 1
319.094 302.728 1
280.906 303.637 1
281.815 303.637 1
282.725 303.637 1
283.635 303.637 1
284.544 303.637 1
285.454 303.636 1
286.364 303.636 1
287.273 303.636 1
288.182 303.636 1
289.091 303.636 1
290 303.636 1
290.909 303.636 1
291.818 303.636 1
292.727 303.636 1
293.636 303.636 1
294.545 303.636 1
295.455 303.636 1
296.364 303.636 1
297.273 303.636 1
298.182 303.636 1
299.091 303.636 1
300 303.636 1
300.909 303.636 1
301.818 303.636 1
302.727 303.636 1
303.636 303.636 1
304.545 303.636 1
305.455 303.636 1
306.364 303.636 1
307.273 303.636 1
308.182 303.636 1
309.091 303.636 1
310 303.636 1
310.909 303.636 1
311.818 303.636 1
312.727 303.636 1
313.636 303.636 1
314.546 303.636 1
315.456 303.637 1
316.365 303.637 1
317.275 303.637 1
318.185 303.637 1
319.094 303.637 1
280.906 304.546 1
281.815 304.546 1
282.725 304.546 1
283.634 304.546 1
284.544 304.546 1
285.454 304.546 1
286.364 304.545 1
287.273 304.545 1
288.182 304.545 1
289.091 304.545 1
290 304.545 1
290.909 304.545 1
291.818 304.545 1
292.727 304.545 1
293.636 304.545 1
294.545 304.545 1
295.455 304.545 1
296.364 304.545 1
297.273 304.545 1
298.182 304.545 1
299.091 304.545 1
300 304.545 1
300.909 304.545 1
301.818 304.545 1
302.727 304.545 1
303.636 304.545 1
304.545 304.545 1
305.455 304.545 1
306.364 304.545 1
307.273 304.545 1
308.182 304.545 1
309.091 304.545 1
310 304.545 1
310.909 304.545 1
311.818 304.545 1
312.727 304.545 1
313.636 304.545 1
314.546 304.546 1
315.456 304.546 1
316.366 304.546 1
317.275 304.546 1
318.185 304.546 1
319.094 304.546 1
280.906 305.455 1
281.815 305.455 1
282.725 305.455 1
283.634 305.455 1
284.544 305.455 1
285.454 305.455 1
286.363 305.455 1
287.273 305.455 1
288.182 305.455 1
289.091 305.455 1
290 305.455 1
290.909 305.455 1
291.818 305.455 1
292.727 305.455 1
293.636 305.455 1
294.545 305.455 1
295.455 305.455 1
296.364 305.455 1
297.273 305.455 1
298.182 305.455 1
299.091 305.455 1
300 305.455 1
300.909 305.455 1
301.818 305.455 1
302.727 305.455 1
303.636 305.455 1
304.545 305.455 1
305.455 305.455 1
306.364 305.455 1
307.273 305.455 1
308.182 305.455 1
309.091 305.455 1
310 305.455 1
310.909 305.455 1
311.818 305.455 1
312.727 305.455 1
313.637 305.455 1
314.546 305.455 1
315.456 305.455 1
316.366 305.455 1
317.275 305.455 1
318.185 305.455 1
319.094 305.455 1
281.815 306.365 1
282.725 306.365 1
283.634 306.364 1
284.544 306.364 1
285.454 306.364 1
286.363 306.364 1
287.273 306.364 1
288.182 306.364 1
289.091 306.364 1
290 306.364 1
290.909 306.364 1
291.818 306.364 1
292.727 306.364 1
293.636 306.364 1
294.545 306.364 1
295.455 306.364 1
296.364 306.364 1
297.273 306.364 1
298.182 306.364 1
299.091 306.364 1
300 306.364 1
300.909 306.364 1
301.818 306.364 1
302.727 306.364 1
303.636 306.364 1
304.545 306.364 1
305.455 306.364 1
306.364 306.364 1
307.273 306.364 1
308.182 306.364 1
309.091 306.364 1
310 306.364 1
310.909 306.364 1
311.818 306.364 1
312.727 306.364 1
313.637 306.364 1
314.546 306.364 1
315.456 306.364 1
316.366 306.364 1
317.275 306.365 1
318.185 306.365 1
281.815 307.274 1
282.725 307.274 1
283.634 307.274 1
284.544 307.274 1
285.453 307.273 1
286.363 307.273 1
287.273 307.273 1
288.182 307.273 1
289.091 307.273 1
290 307.273 1
290.909 307.273 1
291.818 307.273 1
292.727 307.273 1
293.636 307.273 1
294.545 307.273 1
295.455 307.273 1
296.364 307.273 1
297.273 307.273 1
298.182 307.273 1
299.091 307.273 1
300 307.273 1
300.909 307.273 1
301.818 307.273 1
302.727 307.273 1
303.636 307.273 1
304.545 307.273 1
305.455 307.273 1
306.364 307.273 1
307.273 307.273 1
308.182 307.273 1
309.091 307.273 1
310 307.273 1
310.909 307.273 1
311.818 307.273 1
312.727 307.273 1
313.637 307.273 1
314.547 307.273 1
315.456 307.274 1
316.366 307.274 1
317.275 307.274 1
318.185 307.274 1
281.815 308.183 1
282.725 308.183 1
283.634 308.183 1
284.543 308.183 1
285.453 308.183 1
286.363 308.182 1
287.272 308.182 1
288.182 308.182 1
289.091 308.182 1
290 308.182 1
290.909 308.182 1
291.818 308.182 1
292.727 308.182 1
293.636 308.182 1
294.545 308.182 1
295.455 308.182 1
296.364 308.182 1
297.273 308.182 1
298.182 308.182 1
299.091 308.182 1
300 308.182 1
300.909 308.182 1
301.818 308.182 1
302.727 308.182 1
303.636 308.182 1
304.545 308.182 1
305.455 308.182 1
306.364 308.182 1
307.273 308.182 1
308.182 308.182 1
309.091 308.182 1
310 308.182 1
310.909 308.182 1
311.818 308.182 1
312.728 308.182 1
313.637 308.182 1
314.547 308.183 1
315.457 308.183 1
316.366 308.183 1
317.275 308.183 1
318.185 308.183 1
282.725 309.092 1
283.634 309.092 1
284.543 309.092 1
285.453 309.092 1
286.362 309.092 1
287.272 309.091 1
288.182 309.091 1
289.091 309.091 1
290 309.091 1
290.909 309.091 1
291.818 309.091 1
292.727 309.091 1
293.636 309.091 1
294.545 309.091 1
295.455 309.091 1
296.364 309.091 1
297.273 309.091 1
298.182 309.091 1
299.091 309.091 1
300 309.091 1
300.909 309.091 1
301.818 309.091 1
302.727 309.091 1
303.636 309.091 1
304.545 309.091 1
305.455 309.091 1
306.364 309.091 1
307.273 309.091 1
308.182 309.091 1
309.091 309.091 1
310 309.091 1
310.909 309.091 1
311.818 309.091 1
312.728 309.091 1
313.638 309.092 1
314.547 309.092 1
315.457 309.092 1
316.366 309.092 1
317.275 309.092 1
282.725 310.002 1
283.634 310.002 1
284.543 310.002 1
285.453 310.001 1
286.362 310.001 1
287.272 310.001 1
288.181 310 1
289.091 310 1
290 310 1
290.909 310 1
291.818 310 1
292.727 310 1
293.636 310 1
294.545 310 1
295.455 310 1
296.364 310 1
297.273 310 1
298.182 310 1
299.091 310 1
300 310 1
300.909 310 1
301.818 310 1
302.727 310 1
303.636 310 1
304.545 310 1
305.455 310 1
306.364 310 1
307.273 310 1
308.182 310 1
309.091 310 1
310 310 1
310.909 310 1
311.819 310 1
312.728 310.001 1
313.638 310.001 1
314.547 310.001 1
315.457 310.002 1
316.366 310.002 1
317.275 310.002 1
283.634 310.911 1
284.543 310.911 1
285.452 310.911 1
286.362 310.911 1
287.271 310.91 1
288.181 310.91 1
289.09 310.91 1
290 310.909 1
290.909 310.909 1
291.818 310.909 1
292.727 310.909 1
293.636 310.909 1
294.545 310.909 1
295.455 310.909 1
296.364 310.909 1
297.273 310.909 1
298.182 310.909 1
299.091 310.909 1
300 310.909 1
300.909 310.909 1
301.818 310.909 1
302.727 310.909 1
303.636 310.909 1
304.545 310.909 1
305.455 310.909 1
306.364 310.909 1
307.273 310.909 1
308.182 310.909 1
309.091 310.909 1
310 310.909 1
310.91 310.91 1
311.819 310.91 1
312.729 310.91 1
313.638 310.911 1
314.548 310.911 1
315.457 310.911 1
316.366 310.911 1
284.543 311.82 1
285.452 311.82 1
286.362 311.82 1
287.271 311.82 1
288.181 311.819 1
289.09 311.819 1
290 311.819 1
290.909 311.818 1
291.818 311.818 1
292.727 311.818 1
293.636 311.818 1
294.545 311.818 1
295.455 311.818 1
296.364 311.818 1
297.273 311.818 1
298.182 311.818 1
299.091 311.818 1
300 311.818 1
300.909 311.818 1
301.818 311.818 1
302.727 311.818 1
303.636 311.818 1
304.545 311.818 1
305.455 311.818 1
306.364 311.818 1
307.273 311.818 1
308.182 311.818 1
309.091 311.818 1
310 311.819 1
310.91 311.819 1
311.819 311.819 1
312.729 311.82 1
313.638 311.82 1
314.548 311.82 1
315.457 311.82 1
285.452 312.729 1
286.362 312.729 1
287.271 312.729 1
288.18 312.729 1
289.09 312.729 1
289.999 312.728 1
290.909 312.728 1
291.818 312.728 1
292.727 312.727 1
293.636 312.727 1
294.545 312.727 1
295.455 312.727 1
296.364 312.727 1
297.273 312.727 1
298.182 312.727 1
299.091 312.727 1
300 312.727 1
300.909 312.727 1
301.818 312.727 1
302.727 312.727 1
303.636 312.727 1
304.545 312.727 1
305.455 312.727 1
306.364 312.727 1
307.273 312.727 1
308.182 312.728 1
309.091 312.728 1
310.001 312.728 1
310.91 312.729 1
311.82 312.729 1
312.729 312.729 1
313.638 312.729 1
314.548 312.729 1
285.452 313.638 1
286.361 313.639 1
287.271 313.638 1
288.18 313.638 1
289.089 313.638 1
289.999 313.638 1
290.908 313.638 1
291.818 313.637 1
292.727 313.637 1
293.636 313.637 1
294.545 313.637 1
295.455 313.636 1
296.364 313.636 1
297.273 313.636 1
298.182 313.636 1
299.091 313.636 1
300 313.636 1
300.909 313.636 1
301.818 313.636 1
302.727 313.636 1
303.636 313.636 1
304.545 313.636 1
305.455 313.637 1
306.364 313.637 1
307.273 313.637 1
308.182 313.637 1
309.092 313.638 1
310.001 313.638 1
310.911 313.638 1
311.82 313.638 1
312.729 313.638 1
313.639 313.639 1
314.548 313.638 1
286.362 314.548 1
287.271 314.548 1
288.18 314.548 1
289.089 314.548 1
289.999 314.547 1
290.908 314.547 1
291.817 314.547 1
292.727 314.547 1
293.636 314.546 1
294.545 314.546 1
295.454 314.546 1
296.364 314.546 1
297.273 314.546 1
298.182 314.546 1
299.091 314.546 1
300 314.546 1
300.909 314.546 1
301.818 314.546 1
302.727 314.546 1
303.636 314.546 1
304.546 314.546 1
305.455 314.546 1
306.364 314.546 1
307.273 314.547 1
308.183 314.547 1
309.092 314.547 1
310.001 314.547 1
310.911 314.548 1
311.82 314.548 1
312.729 314.548 1
313.638 314.548 1
288.18 315.457 1
289.089 315.457 1
289.998 315.457 1
290.908 315.457 1
291.817 315.457 1
292.726 315.456 1
293.636 315.456 1
294.545 315.456 1
295.454 315.456 1
296.363 315.456 1
297.273 315.456 1
298.182 315.456 1
299.091 315.455 1
300 315.455 1
300.909 315.455 1
301.818 315.456 1
302.727 315.456 1
303.637 315.456 1
304.546 315.456 1
305.455 315.456 1
306.364 315.456 1
307.274 315.456 1
308.183 315.457 1
309.092 315.457 1
310.002 315.457 1
310.911 315.457 1
311.82 315.457 1
289.089 316.366 1
289.998 316.366 1
290.908 316.366 1
291.817 316.366 1
292.726 316.366 1
293.636 316.366 1
294.545 316.366 1
295.454 316.366 1
296.363 316.365 1
297.273 316.365 1
298.182 316.365 1
299.091 316.365 1
300 316.365 1
300.909 316.365 1
301.818 316.365 1
302.727 316.365 1
303.637 316.365 1
304.546 316.366 1
305.455 316.366 1
306.364 316.366 1
307.274 316.366 1
308.183 316.366 1
309.092 316.366 1
310.002 316.366 1
310.911 316.366 1
289.998 317.275 1
290.908 317.275 1
291.817 317.275 1
292.726 317.275 1
293.635 317.275 1
294.545 317.275 1
295.454 317.275 1
296.363 317.275 1
297.273 317.275 1
298.182 317.275 1
299.091 317.275 1
300 317.275 1
300.909 317.275 1
301.818 317.275 1
302.727 317.275 1
303.637 317.275 1
304.546 317.275 1
305.455 317.275 1
306.365 317.275 1
307.274 317.275 1
308.183 317.275 1
309.092 317.275 1
310.002 317.275 1
291.817 318.185 1
292.726 318.185 1
293.635 318.185 1
294.545 318.185 1
295.454 318.185 1
296.363 318.185 1
297.272 318.185 1
298.182 318.185 1
299.091 318.185 1
300 318.185 1
300.909 318.185 1
301.818 318.185 1
302.728 318.185 1
303.637 318.185 1
304.546 318.185 1
305.455 318.185 1
306.365 318.185 1
307.274 318.185 1
308.183 318.185 1
294.545 319.094 1
295.454 319.094 1
296.363 319.094 1
297.272 319.094 1
298.182 319.094 1
299.091 319.094 1
300 319.094 1
300.909 319.094 1
301.818 319.094 1
302.728 319.094 1
303.637 319.094 1
304.546 319.094 1
305.455 319.094 1
end.
