begin.
294.051 278.762 0.905163
295.076 278.735 0.90028
296.083 278.706 0.89481
297.1 278.694 0.892268
298.078 278.689 0.891097
299.046 278.692 0.892047
300 278.68 0.889656
300.954 278.692 0.892047
301.922 278.689 0.891097
302.9 278.694 0.892268
303.917 278.706 0.89481
304.924 278.735 0.90028
305.949 278.762 0.905163
290.92 279.831 0.9075
291.962 279.779 0.893235
292.999 279.748 0.881374
294.035 279.737 0.873901
295.073 279.748 0.869835
296.084 279.767 0.868895
297.109 279.785 0.869764
298.082 279.798 0.869991
299.048 279.806 0.869237
300 279.826 0.870415
300.952 279.806 0.869237
301.918 279.798 0.869991
302.891 279.785 0.869764
303.916 279.767 0.868895
304.927 279.748 0.869835
305.965 279.737 0.873901
307.001 279.748 0.881374
308.038 279.779 0.893235
309.08 279.831 0.9075
288.88 280.823 0.906111
289.875 280.802 0.89064
290.877 280.812 0.876832
291.928 280.837 0.866114
293.019 280.871 0.859344
294.079 280.92 0.856304
295.109 280.968 0.852044
296.11 281.006 0.850964
297.115 281.045 0.851986
298.083 281.064 0.851902
299.047 281.087 0.853301
300 281.103 0.854113
300.953 281.087 0.853301
301.917 281.064 0.851902
302.885 281.045 0.851986
303.89 281.006 0.850964
304.891 280.968 0.852044
305.921 280.92 0.856304
306.981 280.871 0.859344
308.072 280.837 0.866114
309.123 280.812 0.876832
310.125 280.802 0.89064
311.12 280.823 0.906111
287.863 281.799 0.896057
288.881 281.793 0.878289
289.886 281.863 0.86622
290.943 281.946 0.85741
292.014 282.033 0.849052
293.092 282.105 0.841707
294.151 282.201 0.837391
295.18 282.286 0.837441
296.18 282.359 0.838511
297.166 282.413 0.840871
298.124 282.45 0.843388
299.081 282.48 0.843709
300 282.48 0.84376
300.919 282.48 0.843709
301.876 282.45 0.843388
302.834 282.413 0.840871
303.82 282.359 0.838511
304.82 282.286 0.837441
305.849 282.201 0.837391
306.908 282.105 0.841707
307.986 282.033 0.849052
309.057 281.946 0.85741
310.114 281.863 0.86622
311.119 281.793 0.878289
312.137 281.799 0.896057
286.805 282.827 0.889677
287.858 282.826 0.87251
288.935 282.899 0.86059
289.996 283.03 0.849852
291.063 283.162 0.84157
292.122 283.313 0.835474
293.205 283.466 0.832288
294.259 283.603 0.831012
295.273 283.701 0.830899
296.259 283.771 0.831853
297.195 283.798 0.833396
298.143 283.839 0.836317
299.08 283.856 0.838408
300 283.854 0.838841
300.92 283.856 0.838408
301.857 283.839 0.836317
302.805 283.798 0.833396
303.741 283.771 0.831853
304.727 283.701 0.830899
305.741 283.603 0.831012
306.795 283.466 0.832288
307.878 283.313 0.835474
308.937 283.162 0.84157
310.004 283.03 0.849852
311.065 282.899 0.86059
312.142 282.826 0.87251
313.195 282.827 0.889677
284.837 283.835 0.906587
285.801 283.825 0.886069
286.841 283.878 0.871406
287.928 283.97 0.857511
289.053 284.108 0.849386
290.17 284.253 0.839634
291.239 284.457 0.83409
292.296 284.64 0.828929
293.371 284.814 0.826173
294.377 284.948 0.827095
295.34 285.036 0.830969
296.289 285.091 0.837828
297.23 285.113 0.845895
298.156 285.126 0.853319
299.079 285.134 0.855891
300 285.14 0.855509
300.921 285.134 0.855891
301.844 285.126 0.853319
302.77 285.113 0.845895
303.711 285.091 0.837828
304.66 285.036 0.830969
305.623 284.948 0.827095
306.629 284.814 0.826173
307.704 284.64 0.828929
308.761 284.457 0.83409
309.83 284.253 0.839634
310.947 284.108 0.849386
312.072 283.97 0.857511
313.159 283.878 0.871406
314.199 283.825 0.886069
315.163 283.835 0.906587
283.835 284.837 0.906587
284.823 284.823 0.887283
285.873 284.869 0.871059
286.953 284.991 0.856706
288.065 285.159 0.847394
289.218 285.347 0.839024
290.367 285.545 0.832236
291.446 285.723 0.83011
292.483 285.902 0.829263
293.505 286.055 0.838549
294.471 286.15 0.848674
295.404 286.2 0.861885
296.327 286.207 0.873146
297.238 286.204 0.880604
298.151 286.216 0.886147
299.088 286.229 0.888251
300 286.225 0.890724
300.912 286.229 0.888251
301.849 286.216 0.886147
302.762 286.204 0.880604
303.673 286.207 0.873146
304.596 286.2 0.861885
305.529 286.15 0.848674
306.495 286.055 0.838549
307.517 285.902 0.829263
308.554 285.723 0.83011
309.633 285.545 0.832236
310.782 285.347 0.839024
311.935 285.159 0.847394
313.047 284.991 0.856706
314.127 284.869 0.871059
315.177 284.823 0.887283
316.165 284.837 0.906587
283.825 285.801 0.886069
284.869 285.873 0.871059
285.991 285.991 0.857397
287.103 286.149 0.846012
288.281 286.353 0.840257
289.441 286.576 0.833195
290.581 286.797 0.832169
291.615 286.944 0.840974
292.627 287.081 0.853712
293.581 287.123 0.871099
294.499 287.12 0.884321
295.409 287.128 0.897234
296.321 287.125 0.907166
297.235 287.13 0.912532
298.168 287.146 0.916323
299.077 287.145 0.919691
300 287.159 0.920069
300.923 287.145 0.919691
301.832 287.146 0.916323
302.765 287.13 0.912532
303.679 287.125 0.907166
304.591 287.128 0.897234
305.501 287.12 0.884321
306.419 287.123 0.871099
307.373 287.081 0.853712
308.385 286.944 0.840974
309.419 286.797 0.832169
310.559 286.576 0.833195
311.719 286.353 0.840257
312.897 286.149 0.846012
314.009 285.991 0.857397
315.131 285.873 0.871059
316.175 285.801 0.886069
282.827 286.805 0.889677
283.878 286.841 0.871406
284.991 286.953 0.856706
286.149 287.103 0.846012
287.328 287.328 0.839333
288.494 287.559 0.833244
289.653 287.775 0.833486
290.726 287.922 0.849336
291.715 288.027 0.866717
292.655 288.053 0.885926
293.582 288.045 0.901784
294.49 288.043 0.916337
295.403 288.041 0.928585
296.331 288.055 0.9359
297.258 288.07 0.942355
298.172 288.081 0.945922
299.089 288.075 0.948876
300 288.079 0.948671
300.911 288.075 0.948876
301.828 288.081 0.945922
302.742 288.07 0.942355
303.669 288.055 0.9359
304.597 288.041 0.928585
305.51 288.043 0.916337
306.418 288.045 0.901784
307.345 288.053 0.885926
308.285 288.027 0.866717
309.274 287.922 0.849336
310.347 287.775 0.833486
311.506 287.559 0.833244
312.672 287.328 0.839333
313.851 287.103 0.846012
315.009 286.953 0.856706
316.122 286.841 0.871406
317.173 286.805 0.889677
281.799 287.863 0.896057
282.826 287.858 0.87251
283.97 287.928 0.857511
285.159 288.065 0.847394
286.353 288.281 0.840257
287.559 288.494 0.833244
288.716 288.716 0.834993
289.814 288.856 0.85245
290.812 288.953 0.874995
291.74 288.96 0.896741
292.657 288.983 0.912532
293.569 288.979 0.930358
294.485 288.981 0.943338
295.429 289.008 0.952913
296.34 289.017 0.960317
297.256 289.024 0.964615
298.171 289.017 0.968341
299.088 289.023 0.969769
300 289.02 0.970453
300.912 289.023 0.969769
301.829 289.017 0.968341
302.744 289.024 0.964615
303.66 289.017 0.960317
304.571 289.008 0.952913
305.515 288.981 0.943338
306.431 288.979 0.930358
307.343 288.983 0.912532
308.26 288.96 0.896741
309.188 288.953 0.874995
310.186 288.856 0.85245
311.284 288.716 0.834993
312.441 288.494 0.833244
313.647 288.281 0.840257
314.841 288.065 0.847394
316.03 287.928 0.857511
317.174 287.858 0.87251
318.201 287.863 0.896057
280.823 288.88 0.906111
281.793 288.881 0.878289
282.899 288.935 0.86059
284.108 289.053 0.849386
285.347 289.218 0.839024
286.576 289.441 0.833195
287.775 289.653 0.833486
288.856 289.814 0.85245
289.909 289.909 0.876
290.822 289.902 0.898064
291.739 289.896 0.920653
292.655 289.892 0.940266
293.583 289.923 0.95351
294.515 289.941 0.964588
295.427 289.955 0.971396
296.341 289.958 0.977075
297.258 289.964 0.980467
298.177 289.979 0.981225
299.088 289.989 0.981856
300 289.985 0.982462
300.912 289.989 0.981856
301.823 289.979 0.981225
302.742 289.964 0.980467
303.659 289.958 0.977075
304.573 289.955 0.971396
305.485 289.941 0.964588
306.417 289.923 0.95351
307.345 289.892 0.940266
308.261 289.896 0.920653
309.178 289.902 0.898064
310.091 289.909 0.876
311.144 289.814 0.85245
312.225 289.653 0.833486
313.424 289.441 0.833195
314.653 289.218 0.839024
315.892 289.053 0.849386
317.101 288.935 0.86059
318.207 288.881 0.878289
319.177 288.88 0.906111
280.802 289.875 0.89064
281.863 289.886 0.86622
283.03 289.996 0.849852
284.253 290.17 0.839634
285.545 290.367 0.832236
286.797 290.581 0.832169
287.922 290.726 0.849336
288.953 290.812 0.874995
289.902 290.822 0.898064
290.813 290.813 0.924169
291.744 290.824 0.942868
292.668 290.841 0.959095
293.607 290.869 0.969465
294.518 290.876 0.978678
295.435 290.888 0.984255
296.357 290.902 0.987439
297.273 290.909 0.989091
298.183 290.913 0.989912
299.091 290.913 0.990474
300 290.913 0.990625
300.909 290.913 0.990474
301.817 290.913 0.989912
302.727 290.909 0.989091
303.643 290.902 0.987439
304.565 290.888 0.984255
305.482 290.876 0.978678
306.393 290.869 0.969465
307.332 290.841 0.959095
308.256 290.824 0.942868
309.187 290.813 0.924169
310.098 290.822 0.898064
311.047 290.812 0.874995
312.078 290.726 0.849336
313.203 290.581 0.832169
314.455 290.367 0.832236
315.747 290.17 0.839634
316.97 289.996 0.849852
318.137 289.886 0.86622
319.198 289.875 0.89064
279.831 290.92 0.9075
280.812 290.877 0.876832
281.946 290.943 0.85741
283.162 291.063 0.84157
284.457 291.239 0.83409
285.723 291.446 0.83011
286.944 291.615 0.840974
288.027 291.715 0.866717
288.96 291.74 0.896741
289.896 291.739 0.920653
290.824 291.744 0.942868
291.767 291.767 0.960234
292.69 291.781 0.972541
293.612 291.795 0.982207
294.534 291.804 0.988011
295.454 291.819 0.990842
296.366 291.823 0.992611
297.274 291.823 0.993671
298.183 291.822 0.994244
299.091 291.822 0.994627
300 291.822 0.994786
300.909 291.822 0.994627
301.817 291.822 0.994244
302.726 291.823 0.993671
303.634 291.823 0.992611
304.546 291.819 0.990842
305.466 291.804 0.988011
306.388 291.795 0.982207
307.31 291.781 0.972541
308.233 291.767 0.960234
309.176 291.744 0.942868
310.104 291.739 0.920653
311.04 291.74 0.896741
311.973 291.715 0.866717
313.056 291.615 0.840974
314.277 291.446 0.83011
315.543 291.239 0.83409
316.838 291.063 0.84157
318.054 290.943 0.85741
319.188 290.877 0.876832
320.169 290.92 0.9075
279.779 291.962 0.893235
280.837 291.928 0.866114
282.033 292.014 0.849052
283.313 292.122 0.835474
284.64 292.296 0.828929
285.902 292.483 0.829263
287.081 292.627 0.853712
288.053 292.655 0.885926
288.983 292.657 0.912532
289.892 292.655 0.940266
290.841 292.668 0.959095
291.781 292.69 0.972541
292.704 292.704 0.983359
293.633 292.724 0.988746
294.548 292.731 0.99202
295.457 292.731 0.993903
296.365 292.73 0.994921
297.274 292.73 0.995676
298.182 292.729 0.996269
299.091 292.729 0.996661
300 292.729 0.996825
300.909 292.729 0.996661
301.818 292.729 0.996269
302.726 292.73 0.995676
303.635 292.73 0.994921
304.543 292.731 0.993903
305.452 292.731 0.99202
306.367 292.724 0.988746
307.296 292.704 0.983359
308.219 292.69 0.972541
309.159 292.668 0.959095
310.108 292.655 0.940266
311.017 292.657 0.912532
311.947 292.655 0.885926
312.919 292.627 0.853712
314.098 292.483 0.829263
315.36 292.296 0.828929
316.687 292.122 0.835474
317.967 292.014 0.849052
319.163 291.928 0.866114
320.221 291.962 0.893235
279.748 292.999 0.881374
280.871 293.019 0.859344
282.105 293.092 0.841707
283.466 293.205 0.832288
284.814 293.371 0.826173
286.055 293.505 0.838549
287.123 293.581 0.871099
288.045 293.582 0.901784
288.979 293.569 0.930358
289.923 293.583 0.95351
290.869 293.607 0.969465
291.795 293.612 0.982207
292.724 293.633 0.988746
293.64 293.64 0.992429
294.548 293.639 0.994612
295.456 293.639 0.99577
296.364 293.638 0.996731
297.273 293.638 0.997496
298.182 293.637 0.998049
299.091 293.637 0.99838
300 293.637 0.998446
300.909 293.637 0.99838
301.818 293.637 0.998049
302.727 293.638 0.997496
303.636 293.638 0.996731
304.544 293.639 0.99577
305.452 293.639 0.994612
306.36 293.64 0.992429
307.276 293.633 0.988746
308.205 293.612 0.982207
309.131 293.607 0.969465
310.077 293.583 0.95351
311.021 293.569 0.930358
311.955 293.582 0.901784
312.877 293.581 0.871099
313.945 293.505 0.838549
315.186 293.371 0.826173
316.534 293.205 0.832288
317.895 293.092 0.841707
319.129 293.019 0.859344
320.252 292.999 0.881374
278.762 294.051 0.905163
279.737 294.035 0.873901
280.92 294.079 0.856304
282.201 294.151 0.837391
283.603 294.259 0.831012
284.948 294.377 0.827095
286.15 294.471 0.848674
287.12 294.499 0.884321
288.043 294.49 0.916337
288.981 294.485 0.943338
289.941 294.515 0.964588
290.876 294.518 0.978678
291.804 294.534 0.988011
292.731 294.548 0.99202
293.639 294.548 0.994612
294.547 294.547 0.996153
295.455 294.547 0.997327
296.364 294.546 0.99825
297.273 294.546 0.998925
298.182 294.546 0.999311
299.091 294.546 0.999465
300 294.546 0.999499
300.909 294.546 0.999465
301.818 294.546 0.999311
302.727 294.546 0.998925
303.636 294.546 0.99825
304.545 294.547 0.997327
305.453 294.547 0.996153
306.361 294.548 0.994612
307.269 294.548 0.99202
308.196 294.534 0.988011
309.124 294.518 0.978678
310.059 294.515 0.964588
311.019 294.485 0.943338
311.957 294.49 0.916337
312.88 294.499 0.884321
313.85 294.471 0.848674
315.052 294.377 0.827095
316.397 294.259 0.831012
317.799 294.151 0.837391
319.08 294.079 0.856304
320.263 294.035 0.873901
321.238 294.051 0.905163
278.735 295.076 0.90028
279.748 295.073 0.869835
280.968 295.109 0.852044
282.286 295.18 0.837441
283.701 295.273 0.830899
285.036 295.34 0.830969
286.2 295.404 0.861885
287.128 295.409 0.897234
288.041 295.403 0.928585
289.008 295.429 0.952913
289.955 295.427 0.971396
290.888 295.435 0.984255
291.819 295.454 0.990842
292.731 295.457 0.993903
293.639 295.456 0.99577
294.547 295.455 0.997327
295.455 295.455 0.998486
296.364 295.455 0.999228
297.273 295.455 0.999656
298.182 295.455 0.999901
299.091 295.455 1.00003
300 295.455 1.00009
300.909 295.455 1.00003
301.818 295.455 0.999901
302.727 295.455 0.999656
303.636 295.455 0.999228
304.545 295.455 0.998486
305.453 295.455 0.997327
306.361 295.456 0.99577
307.269 295.457 0.993903
308.181 295.454 0.990842
309.112 295.435 0.984255
310.045 295.427 0.971396
310.992 295.429 0.952913
311.959 295.403 0.928585
312.872 295.409 0.897234
313.8 295.404 0.861885
314.964 295.34 0.830969
316.299 295.273 0.830899
317.714 295.18 0.837441
319.032 295.109 0.852044
320.252 295.073 0.869835
321.265 295.076 0.90028
278.706 296.083 0.89481
279.767 296.084 0.868895
281.006 296.11 0.850964
282.359 296.18 0.838511
283.771 296.259 0.831853
285.091 296.289 0.837828
286.207 296.327 0.873146
287.125 296.321 0.907166
288.055 296.331 0.9359
289.017 296.34 0.960317
289.958 296.341 0.977075
290.902 296.357 0.987439
291.823 296.366 0.992611
292.73 296.365 0.994921
293.638 296.364 0.996731
294.546 296.364 0.99825
295.455 296.364 0.999228
296.364 296.364 0.999735
297.273 296.364 1.00002
298.182 296.364 1.00012
299.091 296.364 1.00013
300 296.364 1.00012
300.909 296.364 1.00013
301.818 296.364 1.00012
302.727 296.364 1.00002
303.636 296.364 0.999735
304.545 296.364 0.999228
305.454 296.364 0.99825
306.362 296.364 0.996731
307.27 296.365 0.994921
308.177 296.366 0.992611
309.098 296.357 0.987439
310.042 296.341 0.977075
310.983 296.34 0.960317
311.945 296.331 0.9359
312.875 296.321 0.907166
313.793 296.327 0.873146
314.909 296.289 0.837828
316.229 296.259 0.831853
317.641 296.18 0.838511
318.994 296.11 0.850964
320.233 296.084 0.868895
321.294 296.083 0.89481
278.694 297.1 0.892268
279.785 297.109 0.869764
281.045 297.115 0.851986
282.413 297.166 0.840871
283.798 297.195 0.833396
285.113 297.23 0.845895
286.204 297.238 0.880604
287.13 297.235 0.912532
288.07 297.258 0.942355
289.024 297.256 0.964615
289.964 297.258 0.980467
290.909 297.273 0.989091
291.823 297.274 0.993671
292.73 297.274 0.995676
293.638 297.273 0.997496
294.546 297.273 0.998925
295.455 297.273 0.999656
296.364 297.273 1.00002
297.273 297.273 1.00014
298.182 297.273 1.00011
299.091 297.273 1.00009
300 297.273 1.00008
300.909 297.273 1.00009
301.818 297.273 1.00011
302.727 297.273 1.00014
303.636 297.273 1.00002
304.545 297.273 0.999656
305.454 297.273 0.998925
306.362 297.273 0.997496
307.27 297.274 0.995676
308.177 297.274 0.993671
309.091 297.273 0.989091
310.036 297.258 0.980467
310.976 297.256 0.964615
311.93 297.258 0.942355
312.87 297.235 0.912532
313.796 297.238 0.880604
314.887 297.23 0.845895
316.202 297.195 0.833396
317.587 297.166 0.840871
318.955 297.115 0.851986
320.215 297.109 0.869764
321.306 297.1 0.892268
278.689 298.078 0.891097
279.798 298.082 0.869991
281.064 298.083 0.851902
282.45 298.124 0.843388
283.839 298.143 0.836317
285.126 298.156 0.853319
286.216 298.151 0.886147
287.146 298.168 0.916323
288.081 298.172 0.945922
289.017 298.171 0.968341
289.979 298.177 0.981225
290.913 298.183 0.989912
291.822 298.183 0.994244
292.729 298.182 0.996269
293.637 298.182 0.998049
294.546 298.182 0.999311
295.455 298.182 0.999901
296.364 298.182 1.00012
297.273 298.182 1.00011
298.182 298.182 1.00008
299.091 298.182 1.00005
300 298.182 1.00005
300.909 298.182 1.00005
301.818 298.182 1.00008
302.727 298.182 1.00011
303.636 298.182 1.00012
304.545 298.182 0.999901
305.454 298.182 0.999311
306.363 298.182 0.998049
307.271 298.182 0.996269
308.178 298.183 0.994244
309.087 298.183 0.989912
310.021 298.177 0.981225
310.983 298.171 0.968341
311.919 298.172 0.945922
312.854 298.168 0.916323
313.784 298.151 0.886147
314.874 298.156 0.853319
316.161 298.143 0.836317
317.55 298.124 0.843388
318.936 298.083 0.851902
320.202 298.082 0.869991
321.311 298.078 0.891097
278.692 299.046 0.892047
279.806 299.048 0.869237
281.087 299.047 0.853301
282.48 299.081 0.843709
283.856 299.08 0.838408
285.134 299.079 0.855891
286.229 299.088 0.888251
287.145 299.077 0.919691
288.075 299.089 0.948876
289.023 299.088 0.969769
289.989 299.088 0.981856
290.913 299.091 0.990474
291.822 299.091 0.994627
292.729 299.091 0.996661
293.637 299.091 0.99838
294.546 299.091 0.999465
295.455 299.091 1.00003
296.364 299.091 1.00013
297.273 299.091 1.00009
298.182 299.091 1.00005
299.091 299.091 1.00003
300 299.091 1.00003
300.909 299.091 1.00003
301.818 299.091 1.00005
302.727 299.091 1.00009
303.636 299.091 1.00013
304.545 299.091 1.00003
305.454 299.091 0.999465
306.363 299.091 0.99838
307.271 299.091 0.996661
308.178 299.091 0.994627
309.087 299.091 0.990474
310.011 299.088 0.981856
310.977 299.088 0.969769
311.925 299.089 0.948876
312.855 299.077 0.919691
313.771 299.088 0.888251
314.866 299.079 0.855891
316.144 299.08 0.838408
317.52 299.081 0.843709
318.913 299.047 0.853301
320.194 299.048 0.869237
321.308 299.046 0.892047
278.68 300 0.889656
279.826 300 0.870415
281.103 300 0.854113
282.48 300 0.84376
283.854 300 0.838841
285.14 300 0.855509
286.225 300 0.890724
287.159 300 0.920069
288.079 300 0.948671
289.02 300 0.970453
289.985 300 0.982462
290.913 300 0.990625
291.822 300 0.994786
292.729 300 0.996825
293.637 300 0.998446
294.546 300 0.999499
295.455 300 1.00009
296.364 300 1.00012
297.273 300 1.00008
298.182 300 1.00005
299.091 300 1.00003
300 300 1.00002
300.909 300 1.00003
301.818 300 1.00005
302.727 300 1.00008
303.636 300 1.00012
304.545 300 1.00009
305.454 300 0.999499
306.363 300 0.998446
307.271 300 0.996825
308.178 300 0.994786
309.087 300 0.990625
310.015 300 0.982462
310.98 300 0.970453
311.921 300 0.948671
312.841 300 0.920069
313.775 300 0.890724
314.86 300 0.855509
316.146 300 0.838841
317.52 300 0.84376
318.897 300 0.854113
320.174 300 0.870415
321.32 300 0.889656
278.692 300.954 0.892047
279.806 300.952 0.869237
281.087 300.953 0.853301
282.48 300.919 0.843709
283.856 300.92 0.838408
285.134 300.921 0.855891
286.229 300.912 0.888251
287.145 300.923 0.919691
288.075 300.911 0.948876
289.023 300.912 0.969769
289.989 300.912 0.981856
290.913 300.909 0.990474
291.822 300.909 0.994627
292.729 300.909 0.996661
293.637 300.909 0.99838
294.546 300.909 0.999465
295.455 300.909 1.00003
296.364 300.909 1.00013
297.273 300.909 1.00009
298.182 300.909 1.00005
299.091 300.909 1.00003
300 300.909 1.00003
300.909 300.909 1.00003
301.818 300.909 1.00005
302.727 300.909 1.00009
303.636 300.909 1.00013
304.545 300.909 1.00003
305.454 300.909 0.999465
306.363 300.909 0.99838
307.271 300.909 0.996661
308.178 300.909 0.994627
309.087 300.909 0.990474
310.011 300.912 0.981856
310.977 300.912 0.969769
311.925 300.911 0.948876
312.855 300.923 0.919691
313.771 300.912 0.888251
314.866 300.921 0.855891
316.144 300.92 0.838408
317.52 300.919 0.843709
318.913 300.953 0.853301
320.194 300.952 0.869237
321.308 300.954 0.892047
278.689 301.922 0.891097
279.798 301.918 0.869991
281.064 301.917 0.851902
282.45 301.876 0.843388
283.839 301.857 0.836317
285.126 301.844 0.853319
286.216 301.849 0.886147
287.146 301.832 0.916323
288.081 301.828 0.945922
289.017 301.829 0.968341
289.979 301.823 0.981225
290.913 301.817 0.989912
291.822 301.817 0.994244
292.729 301.818 0.996269
293.637 301.818 0.998049
294.546 301.818 0.999311
295.455 301.818 0.999901
296.364 301.818 1.00012
297.273 301.818 1.00011
298.182 301.818 1.00008
299.091 301.818 1.00005
300 301.818 1.00005
300.909 301.818 1.00005
301.818 301.818 1.00008
302.727 301.818 1.00011
303.636 301.818 1.00012
304.545 301.818 0.999901
305.454 301.818 0.999311
306.363 301.818 0.998049
307.271 301.818 0.996269
308.178 301.817 0.994244
309.087 301.817 0.989912
310.021 301.823 0.981225
310.983 301.829 0.968341
311.919 301.828 0.945922
312.854 301.832 0.916323
313.784 301.849 0.886147
314.874 301.844 0.853319
316.161 301.857 0.836317
317.55 301.876 0.843388
318.936 301.917 0.851902
320.202 301.918 0.869991
321.311 301.922 0.891097
278.694 302.9 0.892268
279.785 302.891 0.869764
281.045 302.885 0.851986
282.413 302.834 0.840871
283.798 302.805 0.833396
285.113 302.77 0.845895
286.204 302.762 0.880604
287.13 302.765 0.912532
288.07 302.742 0.942355
289.024 302.744 0.964615
289.964 302.742 0.980467
290.909 302.727 0.989091
291.823 302.726 0.993671
292.73 302.726 0.995676
293.638 302.727 0.997496
294.546 302.727 0.998925
295.455 302.727 0.999656
296.364 302.727 1.00002
297.273 302.727 1.00014
298.182 302.727 1.00011
299.091 302.727 1.00009
300 302.727 1.00008
300.909 302.727 1.00009
301.818 302.727 1.00011
302.727 302.727 1.00014
303.636 302.727 1.00002
304.545 302.727 0.999656
305.454 302.727 0.998925
306.362 302.727 0.997496
307.27 302.726 0.995676
308.177 302.726 0.993671
309.091 302.727 0.989091
310.036 302.742 0.980467
310.976 302.744 0.964615
311.93 302.742 0.942355
312.87 302.765 0.912532
313.796 302.762 0.880604
314.887 302.77 0.845895
316.202 302.805 0.833396
317.587 302.834 0.840871
318.955 302.885 0.851986
320.215 302.891 0.869764
321.306 302.9 0.892268
278.706 303.917 0.89481
279.767 303.916 0.868895
281.006 303.89 0.850964
282.359 303.82 0.838511
283.771 303.741 0.831853
285.091 303.711 0.837828
286.207 303.673 0.873146
287.125 303.679 0.907166
288.055 303.669 0.9359
289.017 303.66 0.960317
289.958 303.659 0.977075
290.902 303.643 0.987439
291.823 303.634 0.992611
292.73 303.635 0.994921
293.638 303.636 0.996731
294.546 303.636 0.99825
295.455 303.636 0.999228
296.364 303.636 0.999735
297.273 303.636 1.00002
298.182 303.636 1.00012
299.091 303.636 1.00013
300 303.636 1.00012
300.909 303.636 1.00013
301.818 303.636 1.00012
302.727 303.636 1.00002
303.636 303.636 0.999735
304.545 303.636 0.999228
305.454 303.636 0.99825
306.362 303.636 0.996731
307.27 303.635 0.994921
308.177 303.634 0.992611
309.098 303.643 0.987439
310.042 303.659 0.977075
310.983 303.66 0.960317
311.945 303.669 0.9359
312.875 303.679 0.907166
313.793 303.673 0.873146
314.909 303.711 0.837828
316.229 303.741 0.831853
317.641 303.82 0.838511
318.994 303.89 0.850964
320.233 303.916 0.868895
321.294 303.917 0.89481
278.735 304.924 0.90028
279.748 304.927 0.869835
280.968 304.891 0.852044
282.286 304.82 0.837441
283.701 304.727 0.830899
285.036 304.66 0.830969
286.2 304.596 0.861885
287.128 304.591 0.897234
288.041 304.597 0.928585
289.008 304.571 0.952913
289.955 304.573 0.971396
290.888 304.565 0.984255
291.819 304.546 0.990842
292.731 304.543 0.993903
293.639 304.544 0.99577
294.547 304.545 0.997327
295.455 304.545 0.998486
296.364 304.545 0.999228
297.273 304.545 0.999656
298.182 304.545 0.999901
299.091 304.545 1.00003
300 304.545 1.00009
300.909 304.545 1.00003
301.818 304.545 0.999901
302.727 304.545 0.999656
303.636 304.545 0.999228
304.545 304.545 0.998486
305.453 304.545 0.997327
306.361 304.544 0.99577
307.269 304.543 0.993903
308.181 304.546 0.990842
309.112 304.565 0.984255
310.045 304.573 0.971396
310.992 304.571 0.952913
311.959 304.597 0.928585
312.872 304.591 0.897234
313.8 304.596 0.861885
314.964 304.66 0.830969
316.299 304.727 0.830899
317.714 304.82 0.837441
319.032 304.891 0.852044
320.252 304.927 0.869835
321.265 304.924 0.90028
278.762 305.949 0.905163
279.737 305.965 0.873901
280.92 305.921 0.856304
282.201 305.849 0.837391
283.603 305.741 0.831012
284.948 305.623 0.827095
286.15 305.529 0.848674
287.12 305.501 0.884321
288.043 305.51 0.916337
288.981 305.515 0.943338
289.941 305.485 0.964588
290.876 305.482 0.978678
291.804 305.466 0.988011
292.731 305.452 0.99202
293.639 305.452 0.994612
294.547 305.453 0.996153
295.455 305.453 0.997327
296.364 305.454 0.99825
297.273 305.454 0.998925
298.182 305.454 0.999311
299.091 305.454 0.999465
300 305.454 0.999499
300.909 305.454 0.999465
301.818 305.454 0.999311
302.727 305.454 0.998925
303.636 305.454 0.99825
304.545 305.453 0.997327
305.453 305.453 0.996153
306.361 305.452 0.994612
307.269 305.452 0.99202
308.196 305.466 0.988011
309.124 305.482 0.978678
310.059 305.485 0.964588
311.019 305.515 0.943338
311.957 305.51 0.916337
312.88 305.501 0.884321
313.85 305.529 0.848674
315.052 305.623 0.827095
316.397 305.741 0.831012
317.799 305.849 0.837391
319.08 305.921 0.856304
320.263 305.965 0.873901
321.238 305.949 0.905163
279.748 307.001 0.881374
280.871 306.981 0.859344
282.105 306.908 0.841707
283.466 306.795 0.832288
284.814 306.629 0.826173
286.055 306.495 0.838549
287.123 306.419 0.871099
288.045 306.418 0.901784
288.979 306.431 0.930358
289.923 306.417 0.95351
290.869 306.393 0.969465
291.795 306.388 0.982207
292.724 306.367 0.988746
293.64 306.36 0.992429
294.548 306.361 0.994612
295.456 306.361 0.99577
296.364 306.362 0.996731
297.273 306.362 0.997496
298.182 306.363 0.998049
299.091 306.363 0.99838
300 306.363 0.998446
300.909 306.363 0.99838
301.818 306.363 0.998049
302.727 306.362 0.997496
303.636 306.362 0.996731
304.544 306.361 0.99577
305.452 306.361 0.994612
306.36 306.36 0.992429
307.276 306.367 0.988746
308.205 306.388 0.982207
309.131 306.393 0.969465
310.077 306.417 0.95351
311.021 306.431 0.930358
311.955 306.418 0.901784
312.877 306.419 0.871099
313.945 306.495 0.838549
315.186 306.629 0.826173
316.534 306.795 0.832288
317.895 306.908 0.841707
319.129 306.981 0.859344
320.252 307.001 0.881374
279.779 308.038 0.893235
280.837 308.072 0.866114
282.033 307.986 0.849052
283.313 307.878 0.835474
284.64 307.704 0.828929
285.902 307.517 0.829263
287.081 307.373 0.853712
288.053 307.345 0.885926
288.983 307.343 0.912532
289.892 307.345 0.940266
290.841 307.332 0.959095
291.781 307.31 0.972541
292.704 307.296 0.983359
293.633 307.276 0.988746
294.548 307.269 0.99202
295.457 307.269 0.993903
296.365 307.27 0.994921
297.274 307.27 0.995676
298.182 307.271 0.996269
299.091 307.271 0.996661
300 307.271 0.996825
300.909 307.271 0.996661
301.818 307.271 0.996269
302.726 307.27 0.995676
303.635 307.27 0.994921
304.543 307.269 0.993903
305.452 307.269 0.99202
306.367 307.276 0.988746
307.296 307.296 0.983359
308.219 307.31 0.972541
309.159 307.332 0.959095
310.108 307.345 0.940266
311.017 307.343 0.912532
311.947 307.345 0.885926
312.919 307.373 0.853712
314.098 307.517 0.829263
315.36 307.704 0.828929
316.687 307.878 0.835474
317.967 307.986 0.849052
319.163 308.072 0.866114
320.221 308.038 0.893235
279.831 309.08 0.9075
280.812 309.123 0.876832
281.946 309.057 0.85741
283.162 308.937 0.84157
284.457 308.761 0.83409
285.723 308.554 0.83011
286.944 308.385 0.840974
288.027 308.285 0.866717
288.96 308.26 0.896741
289.896 308.261 0.920653
290.824 308.256 0.942868
291.767 308.233 0.960234
292.69 308.219 0.972541
293.612 308.205 0.982207
294.534 308.196 0.988011
295.454 308.181 0.990842
296.366 308.177 0.992611
297.274 308.177 0.993671
298.183 308.178 0.994244
299.091 308.178 0.994627
300 308.178 0.994786
300.909 308.178 0.994627
301.817 308.178 0.994244
302.726 308.177 0.993671
303.634 308.177 0.992611
304.546 308.181 0.990842
305.466 308.196 0.988011
306.388 308.205 0.982207
307.31 308.219 0.972541
308.233 308.233 0.960234
309.176 308.256 0.942868
310.104 308.261 0.920653
311.04 308.26 0.896741
311.973 308.285 0.866717
313.056 308.385 0.840974
314.277 308.554 0.83011
315.543 308.761 0.83409
316.838 308.937 0.84157
318.054 309.057 0.85741
319.188 309.123 0.876832
320.169 309.08 0.9075
280.802 310.125 0.89064
281.863 310.114 0.86622
283.03 310.004 0.849852
284.253 309.83 0.839634
285.545 309.633 0.832236
286.797 309.419 0.832169
287.922 309.274 0.849336
288.953 309.188 0.874995
289.902 309.178 0.898064
290.813 309.187 0.924169
291.744 309.176 0.942868
292.668 309.159 0.959095
293.607 309.131 0.969465
294.518 309.124 0.978678
295.435 309.112 0.984255
296.357 309.098 0.987439
297.273 309.091 0.989091
298.183 309.087 0.989912
299.091 309.087 0.990474
300 309.087 0.990625
300.909 309.087 0.990474
301.817 309.087 0.989912
302.727 309.091 0.989091
303.643 309.098 0.987439
304.565 309.112 0.984255
305.482 309.124 0.978678
306.393 309.131 0.969465
307.332 309.159 0.959095
308.256 309.176 0.942868
309.187 309.187 0.924169
310.098 309.178 0.898064
311.047 309.188 0.874995
312.078 309.274 0.849336
313.203 309.419 0.832169
314.455 309.633 0.832236
315.747 309.83 0.839634
316.97 310.004 0.849852
318.137 310.114 0.86622
319.198 310.125 0.89064
280.823 311.12 0.906111
281.793 311.119 0.878289
282.899 311.065 0.86059
284.108 310.947 0.849386
285.347 310.782 0.839024
286.576 310.559 0.833195
287.775 310.347 0.833486
288.856 310.186 0.85245
289.909 310.091 0.876
290.822 310.098 0.898064
291.739 310.104 0.920653
292.655 310.108 0.940266
293.583 310.077 0.95351
294.515 310.059 0.964588
295.427 310.045 0.971396
296.341 310.042 0.977075
297.258 310.036 0.980467
298.177 310.021 0.981225
299.088 310.011 0.981856
300 310.015 0.982462
300.912 310.011 0.981856
301.823 310.021 0.981225
302.742 310.036 0.980467
303.659 310.042 0.977075
304.573 310.045 0.971396
305.485 310.059 0.964588
306.417 310.077 0.95351
307.345 310.108 0.940266
308.261 310.104 0.920653
309.178 310.098 0.898064
310.091 310.091 0.876
311.144 310.186 0.85245
312.225 310.347 0.833486
313.424 310.559 0.833195
314.653 310.782 0.839024
315.892 310.947 0.849386
317.101 311.065 0.86059
318.207 311.119 0.878289
319.177 311.12 0.906111
281.799 312.137 0.896057
282.826 312.142 0.87251
283.97 312.072 0.857511
285.159 311.935 0.847394
286.353 311.719 0.840257
287.559 311.506 0.833244
288.716 311.284 0.834993
289.814 311.144 0.85245
290.812 311.047 0.874995
291.74 311.04 0.896741
292.657 311.017 0.912532
293.569 311.021 0.930358
294.485 311.019 0.943338
295.429 310.992 0.952913
296.34 310.983 0.960317
297.256 310.976 0.964615
298.171 310.983 0.968341
299.088 310.977 0.969769
300 310.98 0.970453
300.912 310.977 0.969769
301.829 310.983 0.968341
302.744 310.976 0.964615
303.66 310.983 0.960317
304.571 310.992 0.952913
305.515 311.019 0.943338
306.431 311.021 0.930358
307.343 311.017 0.912532
308.26 311.04 0.896741
309.188 311.047 0.874995
310.186 311.144 0.85245
311.284 311.284 0.834993
312.441 311.506 0.833244
313.647 311.719 0.840257
314.841 311.935 0.847394
316.03 312.072 0.857511
317.174 312.142 0.87251
318.201 312.137 0.896057
282.827 313.195 0.889677
283.878 313.159 0.871406
284.991 313.047 0.856706
286.149 312.897 0.846012
287.328 312.672 0.839333
288.494 312.441 0.833244
289.653 312.225 0.833486
290.726 312.078 0.849336
291.715 311.973 0.866717
292.655 311.947 0.885926
293.582 311.955 0.901784
294.49 311.957 0.916337
295.403 311.959 0.928585
296.331 311.945 0.9359
297.258 311.93 0.942355
298.172 311.919 0.945922
299.089 311.925 0.948876
300 311.921 0.948671
300.911 311.925 0.948876
301.828 311.919 0.945922
302.742 311.93 0.942355
303.669 311.945 0.9359
304.597 311.959 0.928585
305.51 311.957 0.916337
306.418 311.955 0.901784
307.345 311.947 0.885926
308.285 311.973 0.866717
309.274 312.078 0.849336
310.347 312.225 0.833486
311.506 312.441 0.833244
312.672 312.672 0.839333
313.851 312.897 0.846012
315.009 313.047 0.856706
316.122 313.159 0.871406
317.173 313.195 0.889677
283.825 314.199 0.886069
284.869 314.127 0.871059
285.991 314.009 0.857397
287.103 313.851 0.846012
288.281 313.647 0.840257
289.441 313.424 0.833195
290.581 313.203 0.832169
291.615 313.056 0.840974
292.627 312.919 0.853712
293.581 312.877 0.871099
294.499 312.88 0.884321
295.409 312.872 0.897234
296.321 312.875 0.907166
297.235 312.87 0.912532
298.168 312.854 0.916323
299.077 312.855 0.919691
300 312.841 0.920069
300.923 312.855 0.919691
301.832 312.854 0.916323
302.765 312.87 0.912532
303.679 312.875 0.907166
304.591 312.872 0.897234
305.501 312.88 0.884321
306.419 312.877 0.871099
307.373 312.919 0.853712
308.385 313.056 0.840974
309.419 313.203 0.832169
310.559 313.424 0.833195
311.719 313.647 0.840257
312.897 313.851 0.846012
314.009 314.009 0.857397
315.131 314.127 0.871059
316.175 314.199 0.886069
283.835 315.163 0.906587
284.823 315.177 0.887283
285.873 315.131 0.871059
286.953 315.009 0.856706
288.065 314.841 0.847394
289.218 314.653 0.839024
290.367 314.455 0.832236
291.446 314.277 0.83011
292.483 314.098 0.829263
293.505 313.945 0.838549
294.471 313.85 0.848674
295.404 313.8 0.861885
296.327 313.793 0.873146
297.238 313.796 0.880604
298.151 313.784 0.886147
299.088 313.771 0.888251
300 313.775 0.890724
300.912 313.771 0.888251
301.849 313.784 0.886147
302.762 313.796 0.880604
303.673 313.793 0.873146
304.596 313.8 0.861885
305.529 313.85 0.848674
306.495 313.945 0.838549
307.517 314.098 0.829263
308.554 314.277 0.83011
309.633 314.455 0.832236
310.782 314.653 0.839024
311.935 314.841 0.847394
313.047 315.009 0.856706
314.127 315.131 0.871059
315.177 315.177 0.887283
316.165 315.163 0.906587
284.837 316.165 0.906587
285.801 316.175 0.886069
286.841 316.122 0.871406
287.928 316.03 0.857511
289.053 315.892 0.849386
290.17 315.747 0.839634
291.239 315.543 0.83409
292.296 315.36 0.828929
293.371 315.186 0.826173
294.377 315.052 0.827095
295.34 314.964 0.830969
296.289 314.909 0.837828
297.23 314.887 0.845895
298.156 314.874 0.853319
299.079 314.866 0.855891
300 314.86 0.855509
300.921 314.866 0.855891
301.844 314.874 0.853319
302.77 314.887 0.845895
303.711 314.909 0.837828
304.66 314.964 0.830969
305.623 315.052 0.827095
306.629 315.186 0.826173
307.704 315.36 0.828929
308.761 315.543 0.83409
309.83 315.747 0.839634
310.947 315.892 0.849386
312.072 316.03 0.857511
313.159 316.122 0.871406
314.199 316.175 0.886069
315.163 316.165 0.906587
286.805 317.173 0.889677
287.858 317.174 0.87251
288.935 317.101 0.86059
289.996 316.97 0.849852
291.063 316.838 0.84157
292.122 316.687 0.835474
293.205 316.534 0.832288
294.259 316.397 0.831012
295.273 316.299 0.830899
296.259 316.229 0.831853
297.195 316.202 0.833396
298.143 316.161 0.836317
299.08 316.144 0.838408
300 316.146 0.838841
300.92 316.144 0.838408
301.857 316.161 0.836317
302.805 316.202 0.833396
303.741 316.229 0.831853
304.727 316.299 0.830899
305.741 316.397 0.831012
306.795 316.534 0.832288
307.878 316.687 0.835474
308.937 316.838 0.84157
310.004 316.97 0.849852
311.065 317.101 0.86059
312.142 317.174 0.87251
313.195 317.173 0.889677
287.863 318.201 0.896057
288.881 318.207 0.878289
289.886 318.137 0.86622
290.943 318.054 0.85741
292.014 317.967 0.849052
293.092 317.895 0.841707
294.151 317.799 0.837391
295.18 317.714 0.837441
296.18 317.641 0.838511
297.166 317.587 0.840871
298.124 317.55 0.843388
299.081 317.52 0.843709
300 317.52 0.84376
300.919 317.52 0.843709
301.876 317.55 0.843388
302.834 317.587 0.840871
303.82 317.641 0.838511
304.82 317.714 0.837441
305.849 317.799 0.837391
306.908 317.895 0.841707
307.986 317.967 0.849052
309.057 318.054 0.85741
310.114 318.137 0.86622
311.119 318.207 0.878289
312.137 318.201 0.896057
288.88 319.177 0.906111
289.875 319.198 0.89064
290.877 319.188 0.876832
291.928 319.163 0.866114
293.019 319.129 0.859344
294.079 319.08 0.856304
295.109 319.032 0.852044
296.11 318.994 0.850964
297.115 318.955 0.851986
298.083 318.936 0.851902
299.047 318.913 0.853301
300 318.897 0.854113
300.953 318.913 0.853301
301.917 318.936 0.851902
302.885 318.955 0.851986
303.89 318.994 0.850964
304.891 319.032 0.852044
305.921 319.08 0.856304
306.981 319.129 0.859344
308.072 319.163 0.866114
309.123 319.188 0.876832
310.125 319.198 0.89064
311.12 319.177 0.906111
290.92 320.169 0.9075
291.962 320.221 0.893235
292.999 320.252 0.881374
294.035 320.263 0.873901
295.073 320.252 0.869835
296.084 320.233 0.868895
297.109 320.215 0.869764
298.082 320.202 0.869991
299.048 320.194 0.869237
300 320.174 0.870415
300.952 320.194 0.869237
301.918 320.202 0.869991
302.891 320.215 0.869764
303.916 320.233 0.868895
304.927 320.252 0.869835
305.965 320.263 0.873901
307.001 320.252 0.881374
308.038 320.221 0.893235
309.08 320.169 0.9075
294.051 321.238 0.905163
295.076 321.265 0.90028
296.083 321.294 0.89481
297.1 321.306 0.892268
298.078 321.311 0.891097
299.046 321.308 0.892047
300 321.32 0.889656
300.954 321.308 0.892047
301.922 321.311 0.891097
302.9 321.306 0.892268
303.917 321.294 0.89481
304.924 321.265 0.90028
305.949 321.238 0.905163
end.
