begin.
267.396 186.672 0.562978
275.685 190.958 0.544767
281.099 186.815 0.517402
286.263 188.846 0.511399
290.556 186.479 0.497257
295.302 191.219 0.493786
300 186.169 0.495734
304.698 191.219 0.493786
309.444 186.479 0.497257
313.737 188.846 0.511399
318.901 186.815 0.517402
324.315 190.958 0.544767
332.604 186.672 0.562978
253.397 192.644 0.562062
261.378 194.057 0.508796
265.581 201.96 0.468499
271.547 205.581 0.435996
278.677 204.999 0.411235
282.906 202.977 0.394876
286.764 202.397 0.385714
292.084 203.857 0.380444
295.2 204.508 0.372817
300 203.978 0.360352
304.8 204.508 0.372817
307.916 203.857 0.380444
313.236 202.397 0.385714
317.094 202.977 0.394876
321.323 204.999 0.411235
328.453 205.581 0.435996
334.419 201.96 0.468499
338.622 194.057 0.508796
346.603 192.644 0.562062
241.386 199.625 0.574605
250.761 202.356 0.501239
257.795 210.014 0.438287
265.142 208.975 0.403761
266.925 209.195 0.356531
274.099 209.545 0.315745
278.688 210.28 0.295158
282.465 211.42 0.281371
286.158 210.24 0.264075
291.206 210.752 0.247705
295.643 211.3 0.25046
300 210.214 0.246987
304.357 211.3 0.25046
308.794 210.752 0.247705
313.842 210.24 0.264075
317.535 211.42 0.281371
321.312 210.28 0.295158
325.901 209.545 0.315745
333.075 209.195 0.356531
334.858 208.975 0.403761
342.205 210.014 0.438287
349.239 202.356 0.501239
358.614 199.625 0.574605
232.964 202.747 0.523281
247.313 213.975 0.455885
252.845 213.877 0.392366
259.98 215.621 0.346406
260.324 216.009 0.293997
267.063 215.971 0.233414
273.876 217.231 0.201668
280.181 216.957 0.190516
283.373 216.697 0.188115
287.157 218.179 0.170497
291.844 218.353 0.16828
294.725 219.554 0.170658
300 218.813 0.159683
305.275 219.554 0.170658
308.156 218.353 0.16828
312.843 218.179 0.170497
316.627 216.697 0.188115
319.819 216.957 0.190516
326.124 217.231 0.201668
332.937 215.971 0.233414
339.676 216.009 0.293997
340.02 215.621 0.346406
347.155 213.877 0.392366
352.687 213.975 0.455885
367.036 202.747 0.523281
231.438 210.44 0.497452
241.503 219.654 0.419115
246.534 219.744 0.34607
253.449 220.884 0.27908
261.066 220.901 0.234532
267.075 223.726 0.199124
267.509 222.941 0.170153
273.235 223.632 0.148339
277.994 223.615 0.125641
282.935 225.909 0.11814
286.638 224.475 0.111008
290.959 225.225 0.109323
295.07 224.765 0.109599
300 225.04 0.105023
304.93 224.765 0.109599
309.041 225.225 0.109323
313.362 224.475 0.111008
317.065 225.909 0.11814
322.006 223.615 0.125641
326.765 223.632 0.148339
332.491 222.941 0.170153
332.925 223.726 0.199124
338.934 220.901 0.234532
346.551 220.884 0.27908
353.466 219.744 0.34607
358.497 219.654 0.419115
368.562 210.44 0.497452
219.568 211.441 0.569438
230.88 218.498 0.481261
238.471 223.716 0.397129
247.896 226.313 0.322637
249.441 226.592 0.26228
256.32 225.979 0.198866
260.09 226.789 0.169271
262.183 227.793 0.134677
270.25 229.988 0.119345
271.925 226.704 0.116335
275.871 231.091 0.097738
281.051 234.266 0.0981715
287.998 230.313 0.0874222
292.389 231 0.0989868
294.771 230.663 0.0970642
300 230.442 0.0867513
305.229 230.663 0.0970642
307.611 231 0.0989868
312.002 230.313 0.0874222
318.949 234.266 0.0981715
324.129 231.091 0.097738
328.075 226.704 0.116335
329.75 229.988 0.119345
337.817 227.793 0.134677
339.91 226.789 0.169271
343.68 225.979 0.198866
350.559 226.592 0.26228
352.104 226.313 0.322637
361.529 223.716 0.397129
369.12 218.498 0.481261
380.432 211.441 0.569438
211.441 219.568 0.569438
228.206 228.206 0.480684
233.613 229.33 0.389224
243.021 232.387 0.311532
241.822 228.577 0.233428
253.036 231.832 0.186273
253.831 232.887 0.14689
261.332 235.458 0.130668
264.494 234.716 0.110104
269.448 233.353 0.0969776
275.245 237.788 0.0951886
278.092 229.07 0.0829274
282.957 235.703 0.0962682
286.867 235.294 0.0819402
291.428 237.612 0.0940041
295.396 236.491 0.0821913
300 234.171 0.0848868
304.604 236.491 0.0821913
308.572 237.612 0.0940041
313.133 235.294 0.0819402
317.043 235.703 0.0962682
321.908 229.07 0.0829274
324.755 237.788 0.0951886
330.552 233.353 0.0969776
335.506 234.716 0.110104
338.668 235.458 0.130668
346.169 232.887 0.14689
346.964 231.832 0.186273
358.178 228.577 0.233428
356.979 232.387 0.311532
366.387 229.33 0.389224
371.794 228.206 0.480684
388.559 219.568 0.569438
218.498 230.88 0.481261
229.33 233.613 0.389224
238.61 238.61 0.321846
239.421 235.391 0.229204
246.391 235.883 0.172821
249.023 237.314 0.126077
255.675 238.892 0.111874
259.551 235.361 0.108873
265.743 241.168 0.0987507
270.416 238.504 0.0743802
276.604 237.584 0.0955595
279.13 240.947 0.0960174
281.598 240.273 0.0990425
286.439 242.379 0.0992011
290.989 240.333 0.0907913
296.542 240.288 0.0815711
300 240.687 0.0821878
303.458 240.288 0.0815711
309.011 240.333 0.0907913
313.561 242.379 0.0992011
318.402 240.273 0.0990425
320.87 240.947 0.0960174
323.396 237.584 0.0955595
329.584 238.504 0.0743802
334.257 241.168 0.0987507
340.449 235.361 0.108873
344.325 238.892 0.111874
350.977 237.314 0.126077
353.609 235.883 0.172821
360.579 235.391 0.229204
361.39 238.61 0.321846
370.67 233.613 0.389224
381.502 230.88 0.481261
210.44 231.438 0.497452
223.716 238.471 0.397129
232.387 243.021 0.311532
235.391 239.421 0.229204
242.356 242.356 0.177433
245.47 242.577 0.130702
251.543 242.622 0.101323
256.767 241.918 0.0924329
262.485 242.121 0.0948483
265.068 243.282 0.106178
270.005 244.839 0.0817536
276.168 246.68 0.0838118
279.233 246.688 0.0780561
283.196 241.683 0.0924073
289.151 243.191 0.0999946
291.988 246.602 0.0911932
295.351 246.351 0.0875467
300 246.022 0.0811663
304.649 246.351 0.0875467
308.012 246.602 0.0911932
310.849 243.191 0.0999946
316.804 241.683 0.0924073
320.767 246.688 0.0780561
323.832 246.68 0.0838118
329.995 244.839 0.0817536
334.932 243.282 0.106178
337.515 242.121 0.0948483
343.233 241.918 0.0924329
348.457 242.622 0.101323
354.53 242.577 0.130702
357.644 242.356 0.177433
364.609 239.421 0.229204
367.613 243.021 0.311532
376.284 238.471 0.397129
389.56 231.438 0.497452
202.747 232.964 0.523281
219.654 241.503 0.419115
226.313 247.896 0.322637
228.577 241.822 0.233428
235.883 246.391 0.172821
242.577 245.47 0.130702
248.188 248.188 0.104893
251.543 246.223 0.0936337
257.375 248.355 0.0830848
263.133 247.778 0.087027
264.921 250.319 0.0719793
271.74 247.192 0.0938908
273.404 250.133 0.0869077
279.368 252.04 0.0751822
283.67 247.954 0.0697347
288.31 246.578 0.0932168
289.899 251.218 0.0850194
296.418 248.477 0.0806444
300 255.118 0.0991076
303.582 248.477 0.0806444
310.101 251.218 0.0850194
311.69 246.578 0.0932168
316.33 247.954 0.0697347
320.632 252.04 0.0751822
326.596 250.133 0.0869077
328.26 247.192 0.0938908
335.079 250.319 0.0719793
336.867 247.778 0.087027
342.625 248.355 0.0830848
348.457 246.223 0.0936337
351.812 248.188 0.104893
357.423 245.47 0.130702
364.117 246.391 0.172821
371.423 241.822 0.233428
373.687 247.896 0.322637
380.346 241.503 0.419115
397.253 232.964 0.523281
199.625 241.386 0.574605
213.975 247.313 0.455885
219.744 246.534 0.34607
226.592 249.441 0.26228
231.832 253.036 0.186273
237.314 249.023 0.126077
242.622 251.543 0.101323
246.223 251.543 0.0936337
253.039 253.039 0.0777756
256.791 251.335 0.0854621
260.812 254.164 0.0764854
266.047 256.739 0.0926876
271.111 252.383 0.0808241
273.13 254.786 0.0879992
280.555 255.018 0.091489
282.873 254.926 0.0889159
288.149 254.733 0.0818544
290.805 254.056 0.0802259
296.659 254.868 0.0817409
300 255.398 0.0964843
303.341 254.868 0.0817409
309.195 254.056 0.0802259
311.851 254.733 0.0818544
317.127 254.926 0.0889159
319.445 255.018 0.091489
326.87 254.786 0.0879992
328.889 252.383 0.0808241
333.953 256.739 0.0926876
339.188 254.164 0.0764854
343.209 251.335 0.0854621
346.961 253.039 0.0777756
353.777 251.543 0.0936337
357.378 251.543 0.101323
362.686 249.023 0.126077
368.168 253.036 0.186273
373.408 249.441 0.26228
380.256 246.534 0.34607
386.025 247.313 0.455885
400.375 241.386 0.574605
202.356 250.761 0.501239
213.877 252.845 0.392366
220.884 253.449 0.27908
225.979 256.32 0.198866
232.887 253.831 0.14689
238.892 255.675 0.111874
241.918 256.767 0.0924329
248.355 257.375 0.0830848
251.335 256.791 0.0854621
259.28 259.28 0.0784969
262.828 257.343 0.0895862
267.474 257.377 0.0818666
271.965 259 0.0929156
275.576 258.972 0.0983603
277.916 257.63 0.0867136
282.714 260.221 0.0944937
288.942 261.997 0.0923041
293.533 261.179 0.101843
296.388 260.643 0.104784
300 261.361 0.0977758
303.612 260.643 0.104784
306.467 261.179 0.101843
311.058 261.997 0.0923041
317.286 260.221 0.0944937
322.084 257.63 0.0867136
324.424 258.972 0.0983603
328.035 259 0.0929156
332.526 257.377 0.0818666
337.172 257.343 0.0895862
340.72 259.28 0.0784969
348.665 256.791 0.0854621
351.645 257.375 0.0830848
358.082 256.767 0.0924329
361.108 255.675 0.111874
367.113 253.831 0.14689
374.021 256.32 0.198866
379.116 253.449 0.27908
386.123 252.845 0.392366
397.644 250.761 0.501239
192.644 253.397 0.562062
210.014 257.795 0.438287
215.621 259.98 0.346406
220.901 261.066 0.234532
226.789 260.09 0.169271
235.458 261.332 0.130668
235.361 259.551 0.108873
242.121 262.485 0.0948483
247.778 263.133 0.087027
254.164 260.812 0.0764854
257.343 262.828 0.0895862
263.403 263.403 0.09457
266.091 263.655 0.10075
272.039 262.971 0.0880252
276.206 262.285 0.0967352
279.804 263.002 0.0826153
284.139 262.874 0.0915057
286.944 260.175 0.08902
292.441 262.071 0.0990759
295.262 263.397 0.0996862
300 261.511 0.0975661
304.738 263.397 0.0996862
307.559 262.071 0.0990759
313.056 260.175 0.08902
315.861 262.874 0.0915057
320.196 263.002 0.0826153
323.794 262.285 0.0967352
327.961 262.971 0.0880252
333.909 263.655 0.10075
336.597 263.403 0.09457
342.657 262.828 0.0895862
345.836 260.812 0.0764854
352.222 263.133 0.087027
357.879 262.485 0.0948483
364.639 259.551 0.108873
364.542 261.332 0.130668
373.211 260.09 0.169271
379.099 261.066 0.234532
384.379 259.98 0.346406
389.986 257.795 0.438287
407.356 253.397 0.562062
194.057 261.378 0.508796
208.975 265.142 0.403761
216.009 260.324 0.293997
223.726 267.075 0.199124
227.793 262.183 0.134677
234.716 264.494 0.110104
241.168 265.743 0.0987507
243.282 265.068 0.106178
250.319 264.921 0.0719793
256.739 266.047 0.0926876
257.377 267.474 0.0818666
263.655 266.091 0.10075
265.974 265.974 0.099633
271.641 267.061 0.080367
274.937 267.483 0.0818724
279.158 268.171 0.0887922
282.645 268.391 0.0941861
287.539 268.312 0.0811711
292.778 268.741 0.100713
297.38 268.088 0.0893265
300 268.007 0.0811778
302.62 268.088 0.0893265
307.222 268.741 0.100713
312.461 268.312 0.0811711
317.355 268.391 0.0941861
320.842 268.171 0.0887922
325.063 267.483 0.0818724
328.359 267.061 0.080367
334.026 265.974 0.099633
336.345 266.091 0.10075
342.623 267.474 0.0818666
343.261 266.047 0.0926876
349.681 264.921 0.0719793
356.718 265.068 0.106178
358.832 265.743 0.0987507
365.284 264.494 0.110104
372.207 262.183 0.134677
376.274 267.075 0.199124
383.991 260.324 0.293997
391.025 265.142 0.403761
405.943 261.378 0.508796
201.96 265.581 0.468499
209.195 266.925 0.356531
215.971 267.063 0.233414
222.941 267.509 0.170153
229.988 270.25 0.119345
233.353 269.448 0.0969776
238.504 270.416 0.0743802
244.839 270.005 0.0817536
247.192 271.74 0.0938908
252.383 271.111 0.0808241
259 271.965 0.0929156
262.971 272.039 0.0880252
267.061 271.641 0.080367
272.535 272.535 0.0873194
275.902 273.102 0.0903548
280.774 269.89 0.0915761
283.842 272.945 0.0833297
288.961 269.114 0.0892202
292.828 270.68 0.0964755
294.896 271.433 0.0926272
300 274.033 0.0887808
305.104 271.433 0.0926272
307.172 270.68 0.0964755
311.039 269.114 0.0892202
316.158 272.945 0.0833297
319.226 269.89 0.0915761
324.098 273.102 0.0903548
327.465 272.535 0.0873194
332.939 271.641 0.080367
337.029 272.039 0.0880252
341 271.965 0.0929156
347.617 271.111 0.0808241
352.808 271.74 0.0938908
355.161 270.005 0.0817536
361.496 270.416 0.0743802
366.647 269.448 0.0969776
370.012 270.25 0.119345
377.059 267.509 0.170153
384.029 267.063 0.233414
390.805 266.925 0.356531
398.04 265.581 0.468499
186.672 267.396 0.562978
205.581 271.547 0.435996
209.545 274.099 0.315745
217.231 273.876 0.201668
223.632 273.235 0.148339
226.704 271.925 0.116335
237.788 275.245 0.0951886
237.584 276.604 0.0955595
246.68 276.168 0.0838118
250.133 273.404 0.0869077
254.786 273.13 0.0879992
258.972 275.576 0.0983603
262.285 276.206 0.0967352
267.483 274.937 0.0818724
273.102 275.902 0.0903548
276.26 276.26 0.101836
280.368 277.367 0.0928966
283.58 275.608 0.093221
288.37 275.153 0.0824874
291.869 276.017 0.0775005
296.534 276.056 0.0862071
300 276.286 0.0883525
303.466 276.056 0.0862071
308.131 276.017 0.0775005
311.63 275.153 0.0824874
316.42 275.608 0.093221
319.632 277.367 0.0928966
323.74 276.26 0.101836
326.898 275.902 0.0903548
332.517 274.937 0.0818724
337.715 276.206 0.0967352
341.028 275.576 0.0983603
345.214 273.13 0.0879992
349.867 273.404 0.0869077
353.32 276.168 0.0838118
362.416 276.604 0.0955595
362.212 275.245 0.0951886
373.296 271.925 0.116335
376.368 273.235 0.148339
382.769 273.876 0.201668
390.455 274.099 0.315745
394.419 271.547 0.435996
413.328 267.396 0.562978
190.958 275.685 0.544767
204.999 278.677 0.411235
210.28 278.688 0.295158
216.957 280.181 0.190516
223.615 277.994 0.125641
231.091 275.871 0.097738
229.07 278.092 0.0829274
240.947 279.13 0.0960174
246.688 279.233 0.0780561
252.04 279.368 0.0751822
255.018 280.555 0.091489
257.63 277.916 0.0867136
263.002 279.804 0.0826153
268.171 279.158 0.0887922
269.89 280.774 0.0915761
277.367 280.368 0.0928966
278.779 278.779 0.0978951
284.538 280.161 0.0802808
287.665 278.846 0.0841628
293.063 281.391 0.0941771
294.88 280.937 0.0956194
300 282.782 0.0813452
305.12 280.937 0.0956194
306.937 281.391 0.0941771
312.335 278.846 0.0841628
315.462 280.161 0.0802808
321.221 278.779 0.0978951
322.633 280.368 0.0928966
330.11 280.774 0.0915761
331.829 279.158 0.0887922
336.998 279.804 0.0826153
342.37 277.916 0.0867136
344.982 280.555 0.091489
347.96 279.368 0.0751822
353.312 279.233 0.0780561
359.053 279.13 0.0960174
370.93 278.092 0.0829274
368.909 275.871 0.097738
376.385 277.994 0.125641
383.043 280.181 0.190516
389.72 278.688 0.295158
395.001 278.677 0.411235
409.042 275.685 0.544767
186.815 281.099 0.517402
202.977 282.906 0.394876
211.42 282.465 0.281371
216.697 283.373 0.188115
225.909 282.935 0.11814
234.266 281.051 0.0981715
235.703 282.957 0.0962682
240.273 281.598 0.0990425
241.683 283.196 0.0924073
247.954 283.67 0.0697347
254.926 282.873 0.0889159
260.221 282.714 0.0944937
262.874 284.139 0.0915057
268.391 282.645 0.0941861
272.945 283.842 0.0833297
275.608 283.58 0.093221
280.161 284.538 0.0802808
284.999 284.999 0.0874829
288.016 285.259 0.0879037
292.882 285.082 0.0907658
294.958 284.824 0.0991588
300 283.321 0.0863378
305.042 284.824 0.0991588
307.118 285.082 0.0907658
311.984 285.259 0.0879037
315.001 284.999 0.0874829
319.839 284.538 0.0802808
324.392 283.58 0.093221
327.055 283.842 0.0833297
331.609 282.645 0.0941861
337.126 284.139 0.0915057
339.779 282.714 0.0944937
345.074 282.873 0.0889159
352.046 283.67 0.0697347
358.317 283.196 0.0924073
359.727 281.598 0.0990425
364.297 282.957 0.0962682
365.734 281.051 0.0981715
374.091 282.935 0.11814
383.303 283.373 0.188115
388.58 282.465 0.281371
397.023 282.906 0.394876
413.185 281.099 0.517402
188.846 286.263 0.511399
202.397 286.764 0.385714
210.24 286.158 0.264075
218.179 287.157 0.170497
224.475 286.638 0.111008
230.313 287.998 0.0874222
235.294 286.867 0.0819402
242.379 286.439 0.0992011
243.191 289.151 0.0999946
246.578 288.31 0.0932168
254.733 288.149 0.0818544
261.997 288.942 0.0923041
260.175 286.944 0.08902
268.312 287.539 0.0811711
269.114 288.961 0.0892202
275.153 288.37 0.0824874
278.846 287.665 0.0841628
285.259 288.016 0.0879037
289.353 289.353 0.113702
290.365 290.769 0.110013
297.035 289.686 0.103779
300 290.185 0.109302
302.965 289.686 0.103779
309.635 290.769 0.110013
310.647 289.353 0.113702
314.741 288.016 0.0879037
321.154 287.665 0.0841628
324.847 288.37 0.0824874
330.886 288.961 0.0892202
331.688 287.539 0.0811711
339.825 286.944 0.08902
338.003 288.942 0.0923041
345.267 288.149 0.0818544
353.422 288.31 0.0932168
356.809 289.151 0.0999946
357.621 286.439 0.0992011
364.706 286.867 0.0819402
369.687 287.998 0.0874222
375.525 286.638 0.111008
381.821 287.157 0.170497
389.76 286.158 0.264075
397.603 286.764 0.385714
411.154 286.263 0.511399
186.479 290.556 0.497257
203.857 292.084 0.380444
210.752 291.206 0.247705
218.353 291.844 0.16828
225.225 290.959 0.109323
231 292.389 0.0989868
237.612 291.428 0.0940041
240.333 290.989 0.0907913
246.602 291.988 0.0911932
251.218 289.899 0.0850194
254.056 290.805 0.0802259
261.179 293.533 0.101843
262.071 292.441 0.0990759
268.741 292.778 0.100713
270.68 292.828 0.0964755
276.017 291.869 0.0775005
281.391 293.063 0.0941771
285.082 292.882 0.0907658
290.769 290.365 0.110013
291.654 291.654 0.124779
296.255 291.329 0.120631
300 291.406 0.109712
303.745 291.329 0.120631
308.346 291.654 0.124779
309.231 290.365 0.110013
314.918 292.882 0.0907658
318.609 293.063 0.0941771
323.983 291.869 0.0775005
329.32 292.828 0.0964755
331.259 292.778 0.100713
337.929 292.441 0.0990759
338.821 293.533 0.101843
345.944 290.805 0.0802259
348.782 289.899 0.0850194
353.398 291.988 0.0911932
359.667 290.989 0.0907913
362.388 291.428 0.0940041
369 292.389 0.0989868
374.775 290.959 0.109323
381.647 291.844 0.16828
389.248 291.206 0.247705
396.143 292.084 0.380444
413.521 290.556 0.497257
191.219 295.302 0.493786
204.508 295.2 0.372817
211.3 295.643 0.25046
219.554 294.725 0.170658
224.765 295.07 0.109599
230.663 294.771 0.0970642
236.491 295.396 0.0821913
240.288 296.542 0.0815711
246.351 295.351 0.0875467
248.477 296.418 0.0806444
254.868 296.659 0.0817409
260.643 296.388 0.104784
263.397 295.262 0.0996862
268.088 297.38 0.0893265
271.433 294.896 0.0926272
276.056 296.534 0.0862071
280.937 294.88 0.0956194
284.824 294.958 0.0991588
289.686 297.035 0.103779
291.329 296.255 0.120631
294.854 294.854 0.0988657
300 302.222 0.112687
305.146 294.854 0.0988657
308.671 296.255 0.120631
310.314 297.035 0.103779
315.176 294.958 0.0991588
319.063 294.88 0.0956194
323.944 296.534 0.0862071
328.567 294.896 0.0926272
331.912 297.38 0.0893265
336.603 295.262 0.0996862
339.357 296.388 0.104784
345.132 296.659 0.0817409
351.523 296.418 0.0806444
353.649 295.351 0.0875467
359.712 296.542 0.0815711
363.509 295.396 0.0821913
369.337 294.771 0.0970642
375.235 295.07 0.109599
380.446 294.725 0.170658
388.7 295.643 0.25046
395.492 295.2 0.372817
408.781 295.302 0.493786
186.169 300 0.495734
203.978 300 0.360352
210.214 300 0.246987
218.813 300 0.159683
225.04 300 0.105023
230.442 300 0.0867513
234.171 300 0.0848868
240.687 300 0.0821878
246.022 300 0.0811663
255.118 300 0.0991076
255.398 300 0.0964843
261.361 300 0.0977758
261.511 300 0.0975661
268.007 300 0.0811778
274.033 300 0.0887808
276.286 300 0.0883525
282.782 300 0.0813452
283.321 300 0.0863378
290.185 300 0.109302
291.406 300 0.109712
302.222 300 0.112687
300 300 0.107784
297.778 300 0.112687
308.594 300 0.109712
309.815 300 0.109302
316.679 300 0.0863378
317.218 300 0.0813452
323.714 300 0.0883525
325.967 300 0.0887808
331.993 300 0.0811778
338.489 300 0.0975661
338.639 300 0.0977758
344.602 300 0.0964843
344.882 300 0.0991076
353.978 300 0.0811663
359.313 300 0.0821878
365.829 300 0.0848868
369.558 300 0.0867513
374.96 300 0.105023
381.187 300 0.159683
389.786 300 0.246987
396.022 300 0.360352
413.831 300 0.495734
191.219 304.698 0.493786
204.508 304.8 0.372817
211.3 304.357 0.25046
219.554 305.275 0.170658
224.765 304.93 0.109599
230.663 305.229 0.0970642
236.491 304.604 0.0821913
240.288 303.458 0.0815711
246.351 304.649 0.0875467
248.477 303.582 0.0806444
254.868 303.341 0.0817409
260.643 303.612 0.104784
263.397 304.738 0.0996862
268.088 302.62 0.0893265
271.433 305.104 0.0926272
276.056 303.466 0.0862071
280.937 305.12 0.0956194
284.824 305.042 0.0991588
289.686 302.965 0.103779
291.329 303.745 0.120631
294.854 305.146 0.0988657
300 297.778 0.112687
305.146 305.146 0.0988657
308.671 303.745 0.120631
310.314 302.965 0.103779
315.176 305.042 0.0991588
319.063 305.12 0.0956194
323.944 303.466 0.0862071
328.567 305.104 0.0926272
331.912 302.62 0.0893265
336.603 304.738 0.0996862
339.357 303.612 0.104784
345.132 303.341 0.0817409
351.523 303.582 0.0806444
353.649 304.649 0.0875467
359.712 303.458 0.0815711
363.509 304.604 0.0821913
369.337 305.229 0.0970642
375.235 304.93 0.109599
380.446 305.275 0.170658
388.7 304.357 0.25046
395.492 304.8 0.372817
408.781 304.698 0.493786
186.479 309.444 0.497257
203.857 307.916 0.380444
210.752 308.794 0.247705
218.353 308.156 0.16828
225.225 309.041 0.109323
231 307.611 0.0989868
237.612 308.572 0.0940041
240.333 309.011 0.0907913
246.602 308.012 0.0911932
251.218 310.101 0.0850194
254.056 309.195 0.0802259
261.179 306.467 0.101843
262.071 307.559 0.0990759
268.741 307.222 0.100713
270.68 307.172 0.0964755
276.017 308.131 0.0775005
281.391 306.937 0.0941771
285.082 307.118 0.0907658
290.769 309.635 0.110013
291.654 308.346 0.124779
296.255 308.671 0.120631
300 308.594 0.109712
303.745 308.671 0.120631
308.346 308.346 0.124779
309.231 309.635 0.110013
314.918 307.118 0.0907658
318.609 306.937 0.0941771
323.983 308.131 0.0775005
329.32 307.172 0.0964755
331.259 307.222 0.100713
337.929 307.559 0.0990759
338.821 306.467 0.101843
345.944 309.195 0.0802259
348.782 310.101 0.0850194
353.398 308.012 0.0911932
359.667 309.011 0.0907913
362.388 308.572 0.0940041
369 307.611 0.0989868
374.775 309.041 0.109323
381.647 308.156 0.16828
389.248 308.794 0.247705
396.143 307.916 0.380444
413.521 309.444 0.497257
188.846 313.737 0.511399
202.397 313.236 0.385714
210.24 313.842 0.264075
218.179 312.843 0.170497
224.475 313.362 0.111008
230.313 312.002 0.0874222
235.294 313.133 0.0819402
242.379 313.561 0.0992011
243.191 310.849 0.0999946
246.578 311.69 0.0932168
254.733 311.851 0.0818544
261.997 311.058 0.0923041
260.175 313.056 0.08902
268.312 312.461 0.0811711
269.114 311.039 0.0892202
275.153 311.63 0.0824874
278.846 312.335 0.0841628
285.259 311.984 0.0879037
289.353 310.647 0.113702
290.365 309.231 0.110013
297.035 310.314 0.103779
300 309.815 0.109302
302.965 310.314 0.103779
309.635 309.231 0.110013
310.647 310.647 0.113702
314.741 311.984 0.0879037
321.154 312.335 0.0841628
324.847 311.63 0.0824874
330.886 311.039 0.0892202
331.688 312.461 0.0811711
339.825 313.056 0.08902
338.003 311.058 0.0923041
345.267 311.851 0.0818544
353.422 311.69 0.0932168
356.809 310.849 0.0999946
357.621 313.561 0.0992011
364.706 313.133 0.0819402
369.687 312.002 0.0874222
375.525 313.362 0.111008
381.821 312.843 0.170497
389.76 313.842 0.264075
397.603 313.236 0.385714
411.154 313.737 0.511399
186.815 318.901 0.517402
202.977 317.094 0.394876
211.42 317.535 0.281371
216.697 316.627 0.188115
225.909 317.065 0.11814
234.266 318.949 0.0981715
235.703 317.043 0.0962682
240.273 318.402 0.0990425
241.683 316.804 0.0924073
247.954 316.33 0.0697347
254.926 317.127 0.0889159
260.221 317.286 0.0944937
262.874 315.861 0.0915057
268.391 317.355 0.0941861
272.945 316.158 0.0833297
275.608 316.42 0.093221
280.161 315.462 0.0802808
284.999 315.001 0.0874829
288.016 314.741 0.0879037
292.882 314.918 0.0907658
294.958 315.176 0.0991588
300 316.679 0.0863378
305.042 315.176 0.0991588
307.118 314.918 0.0907658
311.984 314.741 0.0879037
315.001 315.001 0.0874829
319.839 315.462 0.0802808
324.392 316.42 0.093221
327.055 316.158 0.0833297
331.609 317.355 0.0941861
337.126 315.861 0.0915057
339.779 317.286 0.0944937
345.074 317.127 0.0889159
352.046 316.33 0.0697347
358.317 316.804 0.0924073
359.727 318.402 0.0990425
364.297 317.043 0.0962682
365.734 318.949 0.0981715
374.091 317.065 0.11814
383.303 316.627 0.188115
388.58 317.535 0.281371
397.023 317.094 0.394876
413.185 318.901 0.517402
190.958 324.315 0.544767
204.999 321.323 0.411235
210.28 321.312 0.295158
216.957 319.819 0.190516
223.615 322.006 0.125641
231.091 324.129 0.097738
229.07 321.908 0.0829274
240.947 320.87 0.0960174
246.688 320.767 0.0780561
252.04 320.632 0.0751822
255.018 319.445 0.091489
257.63 322.084 0.0867136
263.002 320.196 0.0826153
268.171 320.842 0.0887922
269.89 319.226 0.0915761
277.367 319.632 0.0928966
278.779 321.221 0.0978951
284.538 319.839 0.0802808
287.665 321.154 0.0841628
293.063 318.609 0.0941771
294.88 319.063 0.0956194
300 317.218 0.0813452
305.12 319.063 0.0956194
306.937 318.609 0.0941771
312.335 321.154 0.0841628
315.462 319.839 0.0802808
321.221 321.221 0.0978951
322.633 319.632 0.0928966
330.11 319.226 0.0915761
331.829 320.842 0.0887922
336.998 320.196 0.0826153
342.37 322.084 0.0867136
344.982 319.445 0.091489
347.96 320.632 0.0751822
353.312 320.767 0.0780561
359.053 320.87 0.0960174
370.93 321.908 0.0829274
368.909 324.129 0.097738
376.385 322.006 0.125641
383.043 319.819 0.190516
389.72 321.312 0.295158
395.001 321.323 0.411235
409.042 324.315 0.544767
186.672 332.604 0.562978
205.581 328.453 0.435996
209.545 325.901 0.315745
217.231 326.124 0.201668
223.632 326.765 0.148339
226.704 328.075 0.116335
237.788 324.755 0.0951886
237.584 323.396 0.0955595
246.68 323.832 0.0838118
250.133 326.596 0.0869077
254.786 326.87 0.0879992
258.972 324.424 0.0983603
262.285 323.794 0.0967352
267.483 325.063 0.0818724
273.102 324.098 0.0903548
276.26 323.74 0.101836
280.368 322.633 0.0928966
283.58 324.392 0.093221
288.37 324.847 0.0824874
291.869 323.983 0.0775005
296.534 323.944 0.0862071
300 323.714 0.0883525
303.466 323.944 0.0862071
308.131 323.983 0.0775005
311.63 324.847 0.0824874
316.42 324.392 0.093221
319.632 322.633 0.0928966
323.74 323.74 0.101836
326.898 324.098 0.0903548
332.517 325.063 0.0818724
337.715 323.794 0.0967352
341.028 324.424 0.0983603
345.214 326.87 0.0879992
349.867 326.596 0.0869077
353.32 323.832 0.0838118
362.416 323.396 0.0955595
362.212 324.755 0.0951886
373.296 328.075 0.116335
376.368 326.765 0.148339
382.769 326.124 0.201668
390.455 325.901 0.315745
394.419 328.453 0.435996
413.328 332.604 0.562978
201.96 334.419 0.468499
209.195 333.075 0.356531
215.971 332.937 0.233414
222.941 332.491 0.170153
229.988 329.75 0.119345
233.353 330.552 0.0969776
238.504 329.584 0.0743802
244.839 329.995 0.0817536
247.192 328.26 0.0938908
252.383 328.889 0.0808241
259 328.035 0.0929156
262.971 327.961 0.0880252
267.061 328.359 0.080367
272.535 327.465 0.0873194
275.902 326.898 0.0903548
280.774 330.11 0.0915761
283.842 327.055 0.0833297
288.961 330.886 0.0892202
292.828 329.32 0.0964755
294.896 328.567 0.0926272
300 325.967 0.0887808
305.104 328.567 0.0926272
307.172 329.32 0.0964755
311.039 330.886 0.0892202
316.158 327.055 0.0833297
319.226 330.11 0.0915761
324.098 326.898 0.0903548
327.465 327.465 0.0873194
332.939 328.359 0.080367
337.029 327.961 0.0880252
341 328.035 0.0929156
347.617 328.889 0.0808241
352.808 328.26 0.0938908
355.161 329.995 0.0817536
361.496 329.584 0.0743802
366.647 330.552 0.0969776
370.012 329.75 0.119345
377.059 332.491 0.170153
384.029 332.937 0.233414
390.805 333.075 0.356531
398.04 334.419 0.468499
194.057 338.622 0.508796
208.975 334.858 0.403761
216.009 339.676 0.293997
223.726 332.925 0.199124
227.793 337.817 0.134677
234.716 335.506 0.110104
241.168 334.257 0.0987507
243.282 334.932 0.106178
250.319 335.079 0.0719793
256.739 333.953 0.0926876
257.377 332.526 0.0818666
263.655 333.909 0.10075
265.974 334.026 0.099633
271.641 332.939 0.080367
274.937 332.517 0.0818724
279.158 331.829 0.0887922
282.645 331.609 0.0941861
287.539 331.688 0.0811711
292.778 331.259 0.100713
297.38 331.912 0.0893265
300 331.993 0.0811778
302.62 331.912 0.0893265
307.222 331.259 0.100713
312.461 331.688 0.0811711
317.355 331.609 0.0941861
320.842 331.829 0.0887922
325.063 332.517 0.0818724
328.359 332.939 0.080367
334.026 334.026 0.099633
336.345 333.909 0.10075
342.623 332.526 0.0818666
343.261 333.953 0.0926876
349.681 335.079 0.0719793
356.718 334.932 0.106178
358.832 334.257 0.0987507
365.284 335.506 0.110104
372.207 337.817 0.134677
376.274 332.925 0.199124
383.991 339.676 0.293997
391.025 334.858 0.403761
405.943 338.622 0.508796
192.644 346.603 0.562062
210.014 342.205 0.438287
215.621 340.02 0.346406
220.901 338.934 0.234532
226.789 339.91 0.169271
235.458 338.668 0.130668
235.361 340.449 0.108873
242.121 337.515 0.0948483
247.778 336.867 0.087027
254.164 339.188 0.0764854
257.343 337.172 0.0895862
263.403 336.597 0.09457
266.091 336.345 0.10075
272.039 337.029 0.0880252
276.206 337.715 0.0967352
279.804 336.998 0.0826153
284.139 337.126 0.0915057
286.944 339.825 0.08902
292.441 337.929 0.0990759
295.262 336.603 0.0996862
300 338.489 0.0975661
304.738 336.603 0.0996862
307.559 337.929 0.0990759
313.056 339.825 0.08902
315.861 337.126 0.0915057
320.196 336.998 0.0826153
323.794 337.715 0.0967352
327.961 337.029 0.0880252
333.909 336.345 0.10075
336.597 336.597 0.09457
342.657 337.172 0.0895862
345.836 339.188 0.0764854
352.222 336.867 0.087027
357.879 337.515 0.0948483
364.639 340.449 0.108873
364.542 338.668 0.130668
373.211 339.91 0.169271
379.099 338.934 0.234532
384.379 340.02 0.346406
389.986 342.205 0.438287
407.356 346.603 0.562062
202.356 349.239 0.501239
213.877 347.155 0.392366
220.884 346.551 0.27908
225.979 343.68 0.198866
232.887 346.169 0.14689
238.892 344.325 0.111874
241.918 343.233 0.0924329
248.355 342.625 0.0830848
251.335 343.209 0.0854621
259.28 340.72 0.0784969
262.828 342.657 0.0895862
267.474 342.623 0.0818666
271.965 341 0.0929156
275.576 341.028 0.0983603
277.916 342.37 0.0867136
282.714 339.779 0.0944937
288.942 338.003 0.0923041
293.533 338.821 0.101843
296.388 339.357 0.104784
300 338.639 0.0977758
303.612 339.357 0.104784
306.467 338.821 0.101843
311.058 338.003 0.0923041
317.286 339.779 0.0944937
322.084 342.37 0.0867136
324.424 341.028 0.0983603
328.035 341 0.0929156
332.526 342.623 0.0818666
337.172 342.657 0.0895862
340.72 340.72 0.0784969
348.665 343.209 0.0854621
351.645 342.625 0.0830848
358.082 343.233 0.0924329
361.108 344.325 0.111874
367.113 346.169 0.14689
374.021 343.68 0.198866
379.116 346.551 0.27908
386.123 347.155 0.392366
397.644 349.239 0.501239
199.625 358.614 0.574605
213.975 352.687 0.455885
219.744 353.466 0.34607
226.592 350.559 0.26228
231.832 346.964 0.186273
237.314 350.977 0.126077
242.622 348.457 0.101323
246.223 348.457 0.0936337
253.039 346.961 0.0777756
256.791 348.665 0.0854621
260.812 345.836 0.0764854
266.047 343.261 0.0926876
271.111 347.617 0.0808241
273.13 345.214 0.0879992
280.555 344.982 0.091489
282.873 345.074 0.0889159
288.149 345.267 0.0818544
290.805 345.944 0.0802259
296.659 345.132 0.0817409
300 344.602 0.0964843
303.341 345.132 0.0817409
309.195 345.944 0.0802259
311.851 345.267 0.0818544
317.127 345.074 0.0889159
319.445 344.982 0.091489
326.87 345.214 0.0879992
328.889 347.617 0.0808241
333.953 343.261 0.0926876
339.188 345.836 0.0764854
343.209 348.665 0.0854621
346.961 346.961 0.0777756
353.777 348.457 0.0936337
357.378 348.457 0.101323
362.686 350.977 0.126077
368.168 346.964 0.186273
373.408 350.559 0.26228
380.256 353.466 0.34607
386.025 352.687 0.455885
400.375 358.614 0.574605
202.747 367.036 0.523281
219.654 358.497 0.419115
226.313 352.104 0.322637
228.577 358.178 0.233428
235.883 353.609 0.172821
242.577 354.53 0.130702
248.188 351.812 0.104893
251.543 353.777 0.0936337
257.375 351.645 0.0830848
263.133 352.222 0.087027
264.921 349.681 0.0719793
271.74 352.808 0.0938908
273.404 349.867 0.0869077
279.368 347.96 0.0751822
283.67 352.046 0.0697347
288.31 353.422 0.0932168
289.899 348.782 0.0850194
296.418 351.523 0.0806444
300 344.882 0.0991076
303.582 351.523 0.0806444
310.101 348.782 0.0850194
311.69 353.422 0.0932168
316.33 352.046 0.0697347
320.632 347.96 0.0751822
326.596 349.867 0.0869077
328.26 352.808 0.0938908
335.079 349.681 0.0719793
336.867 352.222 0.087027
342.625 351.645 0.0830848
348.457 353.777 0.0936337
351.812 351.812 0.104893
357.423 354.53 0.130702
364.117 353.609 0.172821
371.423 358.178 0.233428
373.687 352.104 0.322637
380.346 358.497 0.419115
397.253 367.036 0.523281
210.44 368.562 0.497452
223.716 361.529 0.397129
232.387 356.979 0.311532
235.391 360.579 0.229204
242.356 357.644 0.177433
245.47 357.423 0.130702
251.543 357.378 0.101323
256.767 358.082 0.0924329
262.485 357.879 0.0948483
265.068 356.718 0.106178
270.005 355.161 0.0817536
276.168 353.32 0.0838118
279.233 353.312 0.0780561
283.196 358.317 0.0924073
289.151 356.809 0.0999946
291.988 353.398 0.0911932
295.351 353.649 0.0875467
300 353.978 0.0811663
304.649 353.649 0.0875467
308.012 353.398 0.0911932
310.849 356.809 0.0999946
316.804 358.317 0.0924073
320.767 353.312 0.0780561
323.832 353.32 0.0838118
329.995 355.161 0.0817536
334.932 356.718 0.106178
337.515 357.879 0.0948483
343.233 358.082 0.0924329
348.457 357.378 0.101323
354.53 357.423 0.130702
357.644 357.644 0.177433
364.609 360.579 0.229204
367.613 356.979 0.311532
376.284 361.529 0.397129
389.56 368.562 0.497452
218.498 369.12 0.481261
229.33 366.387 0.389224
238.61 361.39 0.321846
239.421 364.609 0.229204
246.391 364.117 0.172821
249.023 362.686 0.126077
255.675 361.108 0.111874
259.551 364.639 0.108873
265.743 358.832 0.0987507
270.416 361.496 0.0743802
276.604 362.416 0.0955595
279.13 359.053 0.0960174
281.598 359.727 0.0990425
286.439 357.621 0.0992011
290.989 359.667 0.0907913
296.542 359.712 0.0815711
300 359.313 0.0821878
303.458 359.712 0.0815711
309.011 359.667 0.0907913
313.561 357.621 0.0992011
318.402 359.727 0.0990425
320.87 359.053 0.0960174
323.396 362.416 0.0955595
329.584 361.496 0.0743802
334.257 358.832 0.0987507
340.449 364.639 0.108873
344.325 361.108 0.111874
350.977 362.686 0.126077
353.609 364.117 0.172821
360.579 364.609 0.229204
361.39 361.39 0.321846
370.67 366.387 0.389224
381.502 369.12 0.481261
211.441 380.432 0.569438
228.206 371.794 0.480684
233.613 370.67 0.389224
243.021 367.613 0.311532
241.822 371.423 0.233428
253.036 368.168 0.186273
253.831 367.113 0.14689
261.332 364.542 0.130668
264.494 365.284 0.110104
269.448 366.647 0.0969776
275.245 362.212 0.0951886
278.092 370.93 0.0829274
282.957 364.297 0.0962682
286.867 364.706 0.0819402
291.428 362.388 0.0940041
295.396 363.509 0.0821913
300 365.829 0.0848868
304.604 363.509 0.0821913
308.572 362.388 0.0940041
313.133 364.706 0.0819402
317.043 364.297 0.0962682
321.908 370.93 0.0829274
324.755 362.212 0.0951886
330.552 366.647 0.0969776
335.506 365.284 0.110104
338.668 364.542 0.130668
346.169 367.113 0.14689
346.964 368.168 0.186273
358.178 371.423 0.233428
356.979 367.613 0.311532
366.387 370.67 0.389224
371.794 371.794 0.480684
388.559 380.432 0.569438
219.568 388.559 0.569438
230.88 381.502 0.481261
238.471 376.284 0.397129
247.896 373.687 0.322637
249.441 373.408 0.26228
256.32 374.021 0.198866
260.09 373.211 0.169271
262.183 372.207 0.134677
270.25 370.012 0.119345
271.925 373.296 0.116335
275.871 368.909 0.097738
281.051 365.734 0.0981715
287.998 369.687 0.0874222
292.389 369 0.0989868
294.771 369.337 0.0970642
300 369.558 0.0867513
305.229 369.337 0.0970642
307.611 369 0.0989868
312.002 369.687 0.0874222
318.949 365.734 0.0981715
324.129 368.909 0.097738
328.075 373.296 0.116335
329.75 370.012 0.119345
337.817 372.207 0.134677
339.91 373.211 0.169271
343.68 374.021 0.198866
350.559 373.408 0.26228
352.104 373.687 0.322637
361.529 376.284 0.397129
369.12 381.502 0.481261
380.432 388.559 0.569438
231.438 389.56 0.497452
241.503 380.346 0.419115
246.534 380.256 0.34607
253.449 379.116 0.27908
261.066 379.099 0.234532
267.075 376.274 0.199124
267.509 377.059 0.170153
273.235 376.368 0.148339
277.994 376.385 0.125641
282.935 374.091 0.11814
286.638 375.525 0.111008
290.959 374.775 0.109323
295.07 375.235 0.109599
300 374.96 0.105023
304.93 375.235 0.109599
309.041 374.775 0.109323
313.362 375.525 0.111008
317.065 374.091 0.11814
322.006 376.385 0.125641
326.765 376.368 0.148339
332.491 377.059 0.170153
332.925 376.274 0.199124
338.934 379.099 0.234532
346.551 379.116 0.27908
353.466 380.256 0.34607
358.497 380.346 0.419115
368.562 389.56 0.497452
232.964 397.253 0.523281
247.313 386.025 0.455885
252.845 386.123 0.392366
259.98 384.379 0.346406
260.324 383.991 0.293997
267.063 384.029 0.233414
273.876 382.769 0.201668
280.181 383.043 0.190516
283.373 383.303 0.188115
287.157 381.821 0.170497
291.844 381.647 0.16828
294.725 380.446 0.170658
300 381.187 0.159683
305.275 380.446 0.170658
308.156 381.647 0.16828
312.843 381.821 0.170497
316.627 383.303 0.188115
319.819 383.043 0.190516
326.124 382.769 0.201668
332.937 384.029 0.233414
339.676 383.991 0.293997
340.02 384.379 0.346406
347.155 386.123 0.392366
352.687 386.025 0.455885
367.036 397.253 0.523281
241.386 400.375 0.574605
250.761 397.644 0.501239
257.795 389.986 0.438287
265.142 391.025 0.403761
266.925 390.805 0.356531
274.099 390.455 0.315745
278.688 389.72 0.295158
282.465 388.58 0.281371
286.158 389.76 0.264075
291.206 389.248 0.247705
295.643 388.7 0.25046
300 389.786 0.246987
304.357 388.7 0.25046
308.794 389.248 0.247705
313.842 389.76 0.264075
317.535 388.58 0.281371
321.312 389.72 0.295158
325.901 390.455 0.315745
333.075 390.805 0.356531
334.858 391.025 0.403761
342.205 389.986 0.438287
349.239 397.644 0.501239
358.614 400.375 0.574605
253.397 407.356 0.562062
261.378 405.943 0.508796
265.581 398.04 0.468499
271.547 394.419 0.435996
278.677 395.001 0.411235
282.906 397.023 0.394876
286.764 397.603 0.385714
292.084 396.143 0.380444
295.2 395.492 0.372817
300 396.022 0.360352
304.8 395.492 0.372817
307.916 396.143 0.380444
313.236 397.603 0.385714
317.094 397.023 0.394876
321.323 395.001 0.411235
328.453 394.419 0.435996
334.419 398.04 0.468499
338.622 405.943 0.508796
346.603 407.356 0.562062
267.396 413.328 0.562978
275.685 409.042 0.544767
281.099 413.185 0.517402
286.263 411.154 0.511399
290.556 413.521 0.497257
295.302 408.781 0.493786
300 413.831 0.495734
304.698 408.781 0.493786
309.444 413.521 0.497257
313.737 411.154 0.511399
318.901 413.185 0.517402
324.315 409.042 0.544767
332.604 413.328 0.562978
end.
