begin.
290.561 264.694 0.65621
292.269 264.54 0.642165
293.972 264.257 0.620846
295.643 264.122 0.612921
297.264 264.082 0.609528
298.741 264.136 0.61111
300 264.016 0.606788
301.259 264.136 0.61111
302.736 264.082 0.609528
304.357 264.122 0.612921
306.028 264.257 0.620846
307.731 264.54 0.642165
309.439 264.694 0.65621
285.081 266.711 0.654089
287.04 266.388 0.604783
288.843 266.514 0.580656
290.602 266.613 0.553695
292.306 266.946 0.538281
293.92 267.279 0.523973
295.731 267.644 0.516671
297.391 267.732 0.510639
298.678 267.661 0.502816
300 267.688 0.500686
301.322 267.661 0.502816
302.609 267.732 0.510639
304.269 267.644 0.516671
306.08 267.279 0.523973
307.694 266.946 0.538281
309.398 266.613 0.553695
311.157 266.514 0.580656
312.96 266.388 0.604783
314.919 266.711 0.654089
281.646 268.415 0.673707
283.195 268.28 0.612039
285.072 268.649 0.565243
287.231 269.393 0.518548
289.432 269.987 0.471261
291.23 270.654 0.440379
292.759 271.22 0.422732
294.289 271.601 0.417927
295.754 271.827 0.415417
297.21 271.895 0.407518
298.645 271.966 0.409418
300 272.042 0.407887
301.355 271.966 0.409418
302.79 271.895 0.407518
304.246 271.827 0.415417
305.711 271.601 0.417927
307.241 271.22 0.422732
308.77 270.654 0.440379
310.568 269.987 0.471261
312.769 269.393 0.518548
314.928 268.649 0.565243
316.805 268.28 0.612039
318.354 268.415 0.673707
279.808 269.638 0.617845
281.817 270.01 0.577268
283.786 271.059 0.528107
285.948 272.197 0.460436
288.195 273.17 0.420687
290.088 273.574 0.398722
291.738 274.035 0.386882
293.11 274.419 0.382731
294.653 274.646 0.384339
296.066 274.688 0.38249
297.344 274.862 0.383319
298.736 274.915 0.389582
300 274.914 0.389797
301.264 274.915 0.389582
302.656 274.862 0.383319
303.934 274.688 0.38249
305.347 274.646 0.384339
306.89 274.419 0.382731
308.262 274.035 0.386882
309.912 273.574 0.398722
311.805 273.17 0.420687
314.052 272.197 0.460436
316.214 271.059 0.528107
318.183 270.01 0.577268
320.192 269.638 0.617845
277.951 271.522 0.598777
280.056 271.901 0.535856
282.796 273.077 0.478914
285.067 274.486 0.420529
286.924 275.346 0.395187
288.72 276.063 0.377158
290.344 276.254 0.362627
291.882 276.338 0.363403
293.353 276.696 0.363586
294.744 276.853 0.364752
295.99 276.865 0.363097
297.389 277.006 0.364068
298.633 277.035 0.364027
300 276.99 0.363694
301.367 277.035 0.364027
302.611 277.006 0.364068
304.01 276.865 0.363097
305.256 276.853 0.364752
306.647 276.696 0.363586
308.118 276.338 0.363403
309.656 276.254 0.362627
311.28 276.063 0.377158
313.076 275.346 0.395187
314.933 274.486 0.420529
317.204 273.077 0.478914
319.944 271.901 0.535856
322.049 271.522 0.598777
274.627 273.103 0.660124
276.319 273.133 0.592964
278.673 273.993 0.521596
281.329 275.273 0.440882
283.985 276.665 0.407681
285.931 277.132 0.382725
287.497 277.674 0.369014
289.097 277.907 0.361835
290.702 278.264 0.363676
292.059 278.399 0.367158
293.416 278.826 0.379188
294.828 278.978 0.384994
296.157 279.119 0.389722
297.488 279.166 0.396145
298.776 279.024 0.392957
300 279.205 0.39196
301.224 279.024 0.392957
302.512 279.166 0.396145
303.843 279.119 0.389722
305.172 278.978 0.384994
306.584 278.826 0.379188
307.941 278.399 0.367158
309.298 278.264 0.363676
310.903 277.907 0.361835
312.503 277.674 0.369014
314.069 277.132 0.382725
316.015 276.665 0.407681
318.671 275.273 0.440882
321.327 273.993 0.521596
323.681 273.133 0.592964
325.373 273.103 0.660124
273.103 274.627 0.660124
274.94 274.94 0.599427
277.458 275.793 0.527859
280.022 277.153 0.435047
282.53 278.257 0.398537
284.659 278.926 0.380702
286.212 279.431 0.370025
287.905 279.683 0.363461
289.392 279.893 0.371486
291.013 280.426 0.381696
292.405 280.858 0.394724
293.745 281.117 0.406347
295.065 281.228 0.418215
296.34 281.375 0.426491
297.433 281.467 0.43154
298.812 281.552 0.42976
300 281.538 0.437627
301.188 281.552 0.42976
302.567 281.467 0.43154
303.66 281.375 0.426491
304.935 281.228 0.418215
306.255 281.117 0.406347
307.595 280.858 0.394724
308.987 280.426 0.381696
310.608 279.893 0.371486
312.095 279.683 0.363461
313.788 279.431 0.370025
315.341 278.926 0.380702
317.47 278.257 0.398537
319.978 277.153 0.435047
322.542 275.793 0.527859
325.06 274.94 0.599427
326.897 274.627 0.660124
273.133 276.319 0.592964
275.793 277.458 0.527859
278.818 278.818 0.44124
281.155 279.778 0.390841
283.248 280.514 0.375136
284.871 280.895 0.356895
286.629 281.256 0.367291
288.252 281.547 0.381301
289.924 282.207 0.394104
291.312 282.259 0.405568
292.668 282.241 0.418554
293.954 282.637 0.433518
295.123 282.695 0.440144
296.326 282.818 0.451137
297.657 283.043 0.455065
298.846 283.095 0.461153
300 283.028 0.459754
301.154 283.095 0.461153
302.343 283.043 0.455065
303.674 282.818 0.451137
304.877 282.695 0.440144
306.046 282.637 0.433518
307.332 282.241 0.418554
308.688 282.259 0.405568
310.076 282.207 0.394104
311.748 281.547 0.381301
313.371 281.256 0.367291
315.129 280.895 0.356895
316.752 280.514 0.375136
318.845 279.778 0.390841
321.182 278.818 0.44124
324.207 277.458 0.527859
326.867 276.319 0.592964
271.522 277.951 0.598777
273.993 278.673 0.521596
277.153 280.022 0.435047
279.778 281.155 0.390841
281.804 281.804 0.371434
283.629 282.223 0.357713
285.356 282.732 0.367945
287.075 283.141 0.383586
288.703 283.557 0.40376
290.183 283.809 0.422184
291.33 283.929 0.434464
292.678 284.038 0.444273
294.049 284.247 0.455962
295.281 284.357 0.470243
296.521 284.429 0.481142
297.698 284.6 0.489722
298.845 284.613 0.492961
300 284.656 0.492487
301.155 284.613 0.492961
302.302 284.6 0.489722
303.479 284.429 0.481142
304.719 284.357 0.470243
305.951 284.247 0.455962
307.322 284.038 0.444273
308.67 283.929 0.434464
309.817 283.809 0.422184
311.297 283.557 0.40376
312.925 283.141 0.383586
314.644 282.732 0.367945
316.371 282.223 0.357713
318.196 281.804 0.371434
320.222 281.155 0.390841
322.847 280.022 0.435047
326.007 278.673 0.521596
328.478 277.951 0.598777
269.638 279.808 0.617845
271.901 280.056 0.535856
275.273 281.329 0.440882
278.257 282.53 0.398537
280.514 283.248 0.375136
282.223 283.629 0.357713
284.1 284.1 0.369391
285.923 284.376 0.390744
287.428 285.016 0.412428
288.963 285.148 0.43143
290.238 285.515 0.446168
291.499 285.719 0.465527
292.903 285.853 0.480387
294.311 286.128 0.500366
295.432 286.191 0.516479
296.635 286.232 0.531522
297.774 286.243 0.539007
298.945 286.392 0.546036
300 286.407 0.550074
301.055 286.392 0.546036
302.226 286.243 0.539007
303.365 286.232 0.531522
304.568 286.191 0.516479
305.689 286.128 0.500366
307.097 285.853 0.480387
308.501 285.719 0.465527
309.762 285.515 0.446168
311.037 285.148 0.43143
312.572 285.016 0.412428
314.077 284.376 0.390744
315.9 284.1 0.369391
317.777 283.629 0.357713
319.486 283.248 0.375136
321.743 282.53 0.398537
324.727 281.329 0.440882
328.099 280.056 0.535856
330.362 279.808 0.617845
268.415 281.646 0.673707
270.01 281.817 0.577268
273.077 282.796 0.478914
276.665 283.985 0.407681
278.926 284.659 0.380702
280.895 284.871 0.356895
282.732 285.356 0.367945
284.376 285.923 0.390744
286.339 286.339 0.414996
287.828 286.447 0.434588
289.271 286.756 0.454553
290.415 286.946 0.47696
291.823 287.28 0.500956
293.05 287.436 0.519592
294.34 287.681 0.54698
295.582 287.726 0.565819
296.619 287.758 0.583804
297.767 287.895 0.594624
298.849 287.92 0.601583
300 287.844 0.601271
301.151 287.92 0.601583
302.233 287.895 0.594624
303.381 287.758 0.583804
304.418 287.726 0.565819
305.66 287.681 0.54698
306.95 287.436 0.519592
308.177 287.28 0.500956
309.585 286.946 0.47696
310.729 286.756 0.454553
312.172 286.447 0.434588
313.661 286.339 0.414996
315.624 285.923 0.390744
317.268 285.356 0.367945
319.105 284.871 0.356895
321.074 284.659 0.380702
323.335 283.985 0.407681
326.923 282.796 0.478914
329.99 281.817 0.577268
331.585 281.646 0.673707
268.28 283.195 0.612039
271.059 283.786 0.528107
274.486 285.067 0.420529
277.132 285.931 0.382725
279.431 286.212 0.370025
281.256 286.629 0.367291
283.141 287.075 0.383586
285.016 287.428 0.412428
286.447 287.828 0.434588
287.963 287.963 0.459428
289.218 288.033 0.479617
290.74 288.441 0.513564
292.183 288.683 0.544879
293.298 288.954 0.573207
294.509 289.04 0.595977
295.596 289.047 0.619461
296.679 289.09 0.634023
297.82 289.178 0.642743
298.921 289.252 0.649061
300 289.197 0.652415
301.079 289.252 0.649061
302.18 289.178 0.642743
303.321 289.09 0.634023
304.404 289.047 0.619461
305.491 289.04 0.595977
306.702 288.954 0.573207
307.817 288.683 0.544879
309.26 288.441 0.513564
310.782 288.033 0.479617
312.037 287.963 0.459428
313.553 287.828 0.434588
314.984 287.428 0.412428
316.859 287.075 0.383586
318.744 286.629 0.367291
320.569 286.212 0.370025
322.868 285.931 0.382725
325.514 285.067 0.420529
328.941 283.786 0.528107
331.72 283.195 0.612039
266.711 285.081 0.654089
268.649 285.072 0.565243
272.197 285.948 0.460436
275.346 286.924 0.395187
277.674 287.497 0.369014
279.683 287.905 0.363461
281.547 288.252 0.381301
283.557 288.703 0.40376
285.148 288.963 0.43143
286.756 289.271 0.454553
288.033 289.218 0.479617
289.606 289.606 0.519829
291.092 289.824 0.557347
292.34 290.03 0.589198
293.445 290.087 0.618602
294.616 290.243 0.638987
295.583 290.284 0.659322
296.734 290.368 0.673201
297.871 290.241 0.67745
298.898 290.31 0.680467
300 290.24 0.680217
301.102 290.31 0.680467
302.129 290.241 0.67745
303.266 290.368 0.673201
304.417 290.284 0.659322
305.384 290.243 0.638987
306.555 290.087 0.618602
307.66 290.03 0.589198
308.908 289.824 0.557347
310.394 289.606 0.519829
311.967 289.218 0.479617
313.244 289.271 0.454553
314.852 288.963 0.43143
316.443 288.703 0.40376
318.453 288.252 0.381301
320.317 287.905 0.363461
322.326 287.497 0.369014
324.654 286.924 0.395187
327.803 285.948 0.460436
331.351 285.072 0.565243
333.289 285.081 0.654089
266.388 287.04 0.604783
269.393 287.231 0.518548
273.17 288.195 0.420687
276.063 288.72 0.377158
277.907 289.097 0.361835
279.893 289.392 0.371486
282.207 289.924 0.394104
283.809 290.183 0.422184
285.515 290.238 0.446168
286.946 290.415 0.47696
288.441 290.74 0.513564
289.824 291.092 0.557347
291.156 291.156 0.598702
292.42 291.289 0.632295
293.582 291.311 0.65635
294.606 291.219 0.672414
295.669 291.243 0.68598
296.767 291.222 0.696432
297.855 291.273 0.703026
298.961 291.326 0.705714
300 291.277 0.708837
301.039 291.326 0.705714
302.145 291.273 0.703026
303.233 291.222 0.696432
304.331 291.243 0.68598
305.394 291.219 0.672414
306.418 291.311 0.65635
307.58 291.289 0.632295
308.844 291.156 0.598702
310.176 291.092 0.557347
311.559 290.74 0.513564
313.054 290.415 0.47696
314.485 290.238 0.446168
316.191 290.183 0.422184
317.793 289.924 0.394104
320.107 289.392 0.371486
322.093 289.097 0.361835
323.937 288.72 0.377158
326.83 288.195 0.420687
330.607 287.231 0.518548
333.612 287.04 0.604783
266.514 288.843 0.580656
269.987 289.432 0.471261
273.574 290.088 0.398722
276.254 290.344 0.362627
278.264 290.702 0.363676
280.426 291.013 0.381696
282.259 291.312 0.405568
283.929 291.33 0.434464
285.719 291.499 0.465527
287.28 291.823 0.500956
288.683 292.183 0.544879
290.03 292.34 0.589198
291.289 292.42 0.632295
292.493 292.493 0.661547
293.556 292.453 0.679271
294.581 292.343 0.693813
295.733 292.407 0.708758
296.787 292.441 0.719779
297.846 292.493 0.7275
298.948 292.612 0.734176
300 292.635 0.735475
301.052 292.612 0.734176
302.154 292.493 0.7275
303.213 292.441 0.719779
304.267 292.407 0.708758
305.419 292.343 0.693813
306.444 292.453 0.679271
307.507 292.493 0.661547
308.711 292.42 0.632295
309.97 292.34 0.589198
311.317 292.183 0.544879
312.72 291.823 0.500956
314.281 291.499 0.465527
316.071 291.33 0.434464
317.741 291.312 0.405568
319.574 291.013 0.381696
321.736 290.702 0.363676
323.746 290.344 0.362627
326.426 290.088 0.398722
330.013 289.432 0.471261
333.486 288.843 0.580656
264.694 290.561 0.65621
266.613 290.602 0.553695
270.654 291.23 0.440379
274.035 291.738 0.386882
276.338 291.882 0.363403
278.399 292.059 0.367158
280.858 292.405 0.394724
282.241 292.668 0.418554
284.038 292.678 0.444273
285.853 292.903 0.480387
287.436 293.05 0.519592
288.954 293.298 0.573207
290.087 293.445 0.618602
291.311 293.582 0.65635
292.453 293.556 0.679271
293.474 293.474 0.69569
294.58 293.563 0.713877
295.718 293.553 0.727739
296.81 293.634 0.738967
297.945 293.771 0.750201
298.964 293.766 0.757149
300 293.7 0.756682
301.036 293.766 0.757149
302.055 293.771 0.750201
303.19 293.634 0.738967
304.282 293.553 0.727739
305.42 293.563 0.713877
306.526 293.474 0.69569
307.547 293.556 0.679271
308.689 293.582 0.65635
309.913 293.445 0.618602
311.046 293.298 0.573207
312.564 293.05 0.519592
314.147 292.903 0.480387
315.962 292.678 0.444273
317.759 292.668 0.418554
319.142 292.405 0.394724
321.601 292.059 0.367158
323.662 291.882 0.363403
325.965 291.738 0.386882
329.346 291.23 0.440379
333.387 290.602 0.553695
335.306 290.561 0.65621
264.54 292.269 0.642165
266.946 292.306 0.538281
271.22 292.759 0.422732
274.419 293.11 0.382731
276.696 293.353 0.363586
278.826 293.416 0.379188
281.117 293.745 0.406347
282.637 293.954 0.433518
284.247 294.049 0.455962
286.128 294.311 0.500366
287.681 294.34 0.54698
289.04 294.509 0.595977
290.243 294.616 0.638987
291.219 294.606 0.672414
292.343 294.581 0.693813
293.563 294.58 0.713877
294.673 294.673 0.731346
295.91 294.797 0.746382
296.946 294.927 0.760931
297.95 295.047 0.772961
298.974 295.014 0.781916
300 295.08 0.785671
301.026 295.014 0.781916
302.05 295.047 0.772961
303.054 294.927 0.760931
304.09 294.797 0.746382
305.327 294.673 0.731346
306.437 294.58 0.713877
307.657 294.581 0.693813
308.781 294.606 0.672414
309.757 294.616 0.638987
310.96 294.509 0.595977
312.319 294.34 0.54698
313.872 294.311 0.500366
315.753 294.049 0.455962
317.363 293.954 0.433518
318.883 293.745 0.406347
321.174 293.416 0.379188
323.304 293.353 0.363586
325.581 293.11 0.382731
328.78 292.759 0.422732
333.054 292.306 0.538281
335.46 292.269 0.642165
264.257 293.972 0.620846
267.279 293.92 0.523973
271.601 294.289 0.417927
274.646 294.653 0.384339
276.853 294.744 0.364752
278.978 294.828 0.384994
281.228 295.065 0.418215
282.695 295.123 0.440144
284.357 295.281 0.470243
286.191 295.432 0.516479
287.726 295.582 0.565819
289.047 295.596 0.619461
290.284 295.583 0.659322
291.243 295.669 0.68598
292.407 295.733 0.708758
293.553 295.718 0.727739
294.797 295.91 0.746382
295.974 295.974 0.763637
297.013 296.04 0.780889
298.011 296.096 0.793475
298.996 296.115 0.80344
300 296.116 0.808546
301.004 296.115 0.80344
301.989 296.096 0.793475
302.987 296.04 0.780889
304.026 295.974 0.763637
305.203 295.91 0.746382
306.447 295.718 0.727739
307.593 295.733 0.708758
308.757 295.669 0.68598
309.716 295.583 0.659322
310.953 295.596 0.619461
312.274 295.582 0.565819
313.809 295.432 0.516479
315.643 295.281 0.470243
317.305 295.123 0.440144
318.772 295.065 0.418215
321.022 294.828 0.384994
323.147 294.744 0.364752
325.354 294.653 0.384339
328.399 294.289 0.417927
332.721 293.92 0.523973
335.743 293.972 0.620846
264.122 295.643 0.612921
267.644 295.731 0.516671
271.827 295.754 0.415417
274.688 296.066 0.38249
276.865 295.99 0.363097
279.119 296.157 0.389722
281.375 296.34 0.426491
282.818 296.326 0.451137
284.429 296.521 0.481142
286.232 296.635 0.531522
287.758 296.619 0.583804
289.09 296.679 0.634023
290.368 296.734 0.673201
291.222 296.767 0.696432
292.441 296.787 0.719779
293.634 296.81 0.738967
294.927 296.946 0.760931
296.04 297.013 0.780889
297.082 297.082 0.799836
298.01 297.021 0.811113
298.954 296.98 0.823252
300 296.938 0.828244
301.046 296.98 0.823252
301.99 297.021 0.811113
302.918 297.082 0.799836
303.96 297.013 0.780889
305.073 296.946 0.760931
306.366 296.81 0.738967
307.559 296.787 0.719779
308.778 296.767 0.696432
309.632 296.734 0.673201
310.91 296.679 0.634023
312.242 296.619 0.583804
313.768 296.635 0.531522
315.571 296.521 0.481142
317.182 296.326 0.451137
318.625 296.34 0.426491
320.881 296.157 0.389722
323.135 295.99 0.363097
325.312 296.066 0.38249
328.173 295.754 0.415417
332.356 295.731 0.516671
335.878 295.643 0.612921
264.082 297.264 0.609528
267.732 297.391 0.510639
271.895 297.21 0.407518
274.862 297.344 0.383319
277.006 297.389 0.364068
279.166 297.488 0.396145
281.467 297.433 0.43154
283.043 297.657 0.455065
284.6 297.698 0.489722
286.243 297.774 0.539007
287.895 297.767 0.594624
289.178 297.82 0.642743
290.241 297.871 0.67745
291.273 297.855 0.703026
292.493 297.846 0.7275
293.771 297.945 0.750201
295.047 297.95 0.772961
296.096 298.011 0.793475
297.021 298.01 0.811113
297.898 297.898 0.830234
298.893 297.839 0.843123
300 297.737 0.848248
301.107 297.839 0.843123
302.102 297.898 0.830234
302.979 298.01 0.811113
303.904 298.011 0.793475
304.953 297.95 0.772961
306.229 297.945 0.750201
307.507 297.846 0.7275
308.727 297.855 0.703026
309.759 297.871 0.67745
310.822 297.82 0.642743
312.105 297.767 0.594624
313.757 297.774 0.539007
315.4 297.698 0.489722
316.957 297.657 0.455065
318.533 297.433 0.43154
320.834 297.488 0.396145
322.994 297.389 0.364068
325.138 297.344 0.383319
328.105 297.21 0.407518
332.268 297.391 0.510639
335.918 297.264 0.609528
264.136 298.741 0.61111
267.661 298.678 0.502816
271.966 298.645 0.409418
274.915 298.736 0.389582
277.035 298.633 0.364027
279.024 298.776 0.392957
281.552 298.812 0.42976
283.095 298.846 0.461153
284.613 298.845 0.492961
286.392 298.945 0.546036
287.92 298.849 0.601583
289.252 298.921 0.649061
290.31 298.898 0.680467
291.326 298.961 0.705714
292.612 298.948 0.734176
293.766 298.964 0.757149
295.014 298.974 0.781916
296.115 298.996 0.80344
296.98 298.954 0.823252
297.839 298.893 0.843123
298.85 298.85 0.859916
300 298.853 0.869374
301.15 298.85 0.859916
302.161 298.893 0.843123
303.02 298.954 0.823252
303.885 298.996 0.80344
304.986 298.974 0.781916
306.234 298.964 0.757149
307.388 298.948 0.734176
308.674 298.961 0.705714
309.69 298.898 0.680467
310.748 298.921 0.649061
312.08 298.849 0.601583
313.608 298.945 0.546036
315.387 298.845 0.492961
316.905 298.846 0.461153
318.448 298.812 0.42976
320.976 298.776 0.392957
322.965 298.633 0.364027
325.085 298.736 0.389582
328.034 298.645 0.409418
332.339 298.678 0.502816
335.864 298.741 0.61111
264.016 300 0.606788
267.688 300 0.500686
272.042 300 0.407887
274.914 300 0.389797
276.99 300 0.363694
279.205 300 0.39196
281.538 300 0.437627
283.028 300 0.459754
284.656 300 0.492487
286.407 300 0.550074
287.844 300 0.601271
289.197 300 0.652415
290.24 300 0.680217
291.277 300 0.708837
292.635 300 0.735475
293.7 300 0.756682
295.08 300 0.785671
296.116 300 0.808546
296.938 300 0.828244
297.737 300 0.848248
298.853 300 0.869374
300 300 0.876077
301.147 300 0.869374
302.263 300 0.848248
303.062 300 0.828244
303.884 300 0.808546
304.92 300 0.785671
306.3 300 0.756682
307.365 300 0.735475
308.723 300 0.708837
309.76 300 0.680217
310.803 300 0.652415
312.156 300 0.601271
313.593 300 0.550074
315.344 300 0.492487
316.972 300 0.459754
318.462 300 0.437627
320.795 300 0.39196
323.01 300 0.363694
325.086 300 0.389797
327.958 300 0.407887
332.312 300 0.500686
335.984 300 0.606788
264.136 301.259 0.61111
267.661 301.322 0.502816
271.966 301.355 0.409418
274.915 301.264 0.389582
277.035 301.367 0.364027
279.024 301.224 0.392957
281.552 301.188 0.42976
283.095 301.154 0.461153
284.613 301.155 0.492961
286.392 301.055 0.546036
287.92 301.151 0.601583
289.252 301.079 0.649061
290.31 301.102 0.680467
291.326 301.039 0.705714
292.612 301.052 0.734176
293.766 301.036 0.757149
295.014 301.026 0.781916
296.115 301.004 0.80344
296.98 301.046 0.823252
297.839 301.107 0.843123
298.85 301.15 0.859916
300 301.147 0.869374
301.15 301.15 0.859916
302.161 301.107 0.843123
303.02 301.046 0.823252
303.885 301.004 0.80344
304.986 301.026 0.781916
306.234 301.036 0.757149
307.388 301.052 0.734176
308.674 301.039 0.705714
309.69 301.102 0.680467
310.748 301.079 0.649061
312.08 301.151 0.601583
313.608 301.055 0.546036
315.387 301.155 0.492961
316.905 301.154 0.461153
318.448 301.188 0.42976
320.976 301.224 0.392957
322.965 301.367 0.364027
325.085 301.264 0.389582
328.034 301.355 0.409418
332.339 301.322 0.502816
335.864 301.259 0.61111
264.082 302.736 0.609528
267.732 302.609 0.510639
271.895 302.79 0.407518
274.862 302.656 0.383319
277.006 302.611 0.364068
279.166 302.512 0.396145
281.467 302.567 0.43154
283.043 302.343 0.455065
284.6 302.302 0.489722
286.243 302.226 0.539007
287.895 302.233 0.594624
289.178 302.18 0.642743
290.241 302.129 0.67745
291.273 302.145 0.703026
292.493 302.154 0.7275
293.771 302.055 0.750201
295.047 302.05 0.772961
296.096 301.989 0.793475
297.021 301.99 0.811113
297.898 302.102 0.830234
298.893 302.161 0.843123
300 302.263 0.848248
301.107 302.161 0.843123
302.102 302.102 0.830234
302.979 301.99 0.811113
303.904 301.989 0.793475
304.953 302.05 0.772961
306.229 302.055 0.750201
307.507 302.154 0.7275
308.727 302.145 0.703026
309.759 302.129 0.67745
310.822 302.18 0.642743
312.105 302.233 0.594624
313.757 302.226 0.539007
315.4 302.302 0.489722
316.957 302.343 0.455065
318.533 302.567 0.43154
320.834 302.512 0.396145
322.994 302.611 0.364068
325.138 302.656 0.383319
328.105 302.79 0.407518
332.268 302.609 0.510639
335.918 302.736 0.609528
264.122 304.357 0.612921
267.644 304.269 0.516671
271.827 304.246 0.415417
274.688 303.934 0.38249
276.865 304.01 0.363097
279.119 303.843 0.389722
281.375 303.66 0.426491
282.818 303.674 0.451137
284.429 303.479 0.481142
286.232 303.365 0.531522
287.758 303.381 0.583804
289.09 303.321 0.634023
290.368 303.266 0.673201
291.222 303.233 0.696432
292.441 303.213 0.719779
293.634 303.19 0.738967
294.927 303.054 0.760931
296.04 302.987 0.780889
297.082 302.918 0.799836
298.01 302.979 0.811113
298.954 303.02 0.823252
300 303.062 0.828244
301.046 303.02 0.823252
301.99 302.979 0.811113
302.918 302.918 0.799836
303.96 302.987 0.780889
305.073 303.054 0.760931
306.366 303.19 0.738967
307.559 303.213 0.719779
308.778 303.233 0.696432
309.632 303.266 0.673201
310.91 303.321 0.634023
312.242 303.381 0.583804
313.768 303.365 0.531522
315.571 303.479 0.481142
317.182 303.674 0.451137
318.625 303.66 0.426491
320.881 303.843 0.389722
323.135 304.01 0.363097
325.312 303.934 0.38249
328.173 304.246 0.415417
332.356 304.269 0.516671
335.878 304.357 0.612921
264.257 306.028 0.620846
267.279 306.08 0.523973
271.601 305.711 0.417927
274.646 305.347 0.384339
276.853 305.256 0.364752
278.978 305.172 0.384994
281.228 304.935 0.418215
282.695 304.877 0.440144
284.357 304.719 0.470243
286.191 304.568 0.516479
287.726 304.418 0.565819
289.047 304.404 0.619461
290.284 304.417 0.659322
291.243 304.331 0.68598
292.407 304.267 0.708758
293.553 304.282 0.727739
294.797 304.09 0.746382
295.974 304.026 0.763637
297.013 303.96 0.780889
298.011 303.904 0.793475
298.996 303.885 0.80344
300 303.884 0.808546
301.004 303.885 0.80344
301.989 303.904 0.793475
302.987 303.96 0.780889
304.026 304.026 0.763637
305.203 304.09 0.746382
306.447 304.282 0.727739
307.593 304.267 0.708758
308.757 304.331 0.68598
309.716 304.417 0.659322
310.953 304.404 0.619461
312.274 304.418 0.565819
313.809 304.568 0.516479
315.643 304.719 0.470243
317.305 304.877 0.440144
318.772 304.935 0.418215
321.022 305.172 0.384994
323.147 305.256 0.364752
325.354 305.347 0.384339
328.399 305.711 0.417927
332.721 306.08 0.523973
335.743 306.028 0.620846
264.54 307.731 0.642165
266.946 307.694 0.538281
271.22 307.241 0.422732
274.419 306.89 0.382731
276.696 306.647 0.363586
278.826 306.584 0.379188
281.117 306.255 0.406347
282.637 306.046 0.433518
284.247 305.951 0.455962
286.128 305.689 0.500366
287.681 305.66 0.54698
289.04 305.491 0.595977
290.243 305.384 0.638987
291.219 305.394 0.672414
292.343 305.419 0.693813
293.563 305.42 0.713877
294.673 305.327 0.731346
295.91 305.203 0.746382
296.946 305.073 0.760931
297.95 304.953 0.772961
298.974 304.986 0.781916
300 304.92 0.785671
301.026 304.986 0.781916
302.05 304.953 0.772961
303.054 305.073 0.760931
304.09 305.203 0.746382
305.327 305.327 0.731346
306.437 305.42 0.713877
307.657 305.419 0.693813
308.781 305.394 0.672414
309.757 305.384 0.638987
310.96 305.491 0.595977
312.319 305.66 0.54698
313.872 305.689 0.500366
315.753 305.951 0.455962
317.363 306.046 0.433518
318.883 306.255 0.406347
321.174 306.584 0.379188
323.304 306.647 0.363586
325.581 306.89 0.382731
328.78 307.241 0.422732
333.054 307.694 0.538281
335.46 307.731 0.642165
264.694 309.439 0.65621
266.613 309.398 0.553695
270.654 308.77 0.440379
274.035 308.262 0.386882
276.338 308.118 0.363403
278.399 307.941 0.367158
280.858 307.595 0.394724
282.241 307.332 0.418554
284.038 307.322 0.444273
285.853 307.097 0.480387
287.436 306.95 0.519592
288.954 306.702 0.573207
290.087 306.555 0.618602
291.311 306.418 0.65635
292.453 306.444 0.679271
293.474 306.526 0.69569
294.58 306.437 0.713877
295.718 306.447 0.727739
296.81 306.366 0.738967
297.945 306.229 0.750201
298.964 306.234 0.757149
300 306.3 0.756682
301.036 306.234 0.757149
302.055 306.229 0.750201
303.19 306.366 0.738967
304.282 306.447 0.727739
305.42 306.437 0.713877
306.526 306.526 0.69569
307.547 306.444 0.679271
308.689 306.418 0.65635
309.913 306.555 0.618602
311.046 306.702 0.573207
312.564 306.95 0.519592
314.147 307.097 0.480387
315.962 307.322 0.444273
317.759 307.332 0.418554
319.142 307.595 0.394724
321.601 307.941 0.367158
323.662 308.118 0.363403
325.965 308.262 0.386882
329.346 308.77 0.440379
333.387 309.398 0.553695
335.306 309.439 0.65621
266.514 311.157 0.580656
269.987 310.568 0.471261
273.574 309.912 0.398722
276.254 309.656 0.362627
278.264 309.298 0.363676
280.426 308.987 0.381696
282.259 308.688 0.405568
283.929 308.67 0.434464
285.719 308.501 0.465527
287.28 308.177 0.500956
288.683 307.817 0.544879
290.03 307.66 0.589198
291.289 307.58 0.632295
292.493 307.507 0.661547
293.556 307.547 0.679271
294.581 307.657 0.693813
295.733 307.593 0.708758
296.787 307.559 0.719779
297.846 307.507 0.7275
298.948 307.388 0.734176
300 307.365 0.735475
301.052 307.388 0.734176
302.154 307.507 0.7275
303.213 307.559 0.719779
304.267 307.593 0.708758
305.419 307.657 0.693813
306.444 307.547 0.679271
307.507 307.507 0.661547
308.711 307.58 0.632295
309.97 307.66 0.589198
311.317 307.817 0.544879
312.72 308.177 0.500956
314.281 308.501 0.465527
316.071 308.67 0.434464
317.741 308.688 0.405568
319.574 308.987 0.381696
321.736 309.298 0.363676
323.746 309.656 0.362627
326.426 309.912 0.398722
330.013 310.568 0.471261
333.486 311.157 0.580656
266.388 312.96 0.604783
269.393 312.769 0.518548
273.17 311.805 0.420687
276.063 311.28 0.377158
277.907 310.903 0.361835
279.893 310.608 0.371486
282.207 310.076 0.394104
283.809 309.817 0.422184
285.515 309.762 0.446168
286.946 309.585 0.47696
288.441 309.26 0.513564
289.824 308.908 0.557347
291.156 308.844 0.598702
292.42 308.711 0.632295
293.582 308.689 0.65635
294.606 308.781 0.672414
295.669 308.757 0.68598
296.767 308.778 0.696432
297.855 308.727 0.703026
298.961 308.674 0.705714
300 308.723 0.708837
301.039 308.674 0.705714
302.145 308.727 0.703026
303.233 308.778 0.696432
304.331 308.757 0.68598
305.394 308.781 0.672414
306.418 308.689 0.65635
307.58 308.711 0.632295
308.844 308.844 0.598702
310.176 308.908 0.557347
311.559 309.26 0.513564
313.054 309.585 0.47696
314.485 309.762 0.446168
316.191 309.817 0.422184
317.793 310.076 0.394104
320.107 310.608 0.371486
322.093 310.903 0.361835
323.937 311.28 0.377158
326.83 311.805 0.420687
330.607 312.769 0.518548
333.612 312.96 0.604783
266.711 314.919 0.654089
268.649 314.928 0.565243
272.197 314.052 0.460436
275.346 313.076 0.395187
277.674 312.503 0.369014
279.683 312.095 0.363461
281.547 311.748 0.381301
283.557 311.297 0.40376
285.148 311.037 0.43143
286.756 310.729 0.454553
288.033 310.782 0.479617
289.606 310.394 0.519829
291.092 310.176 0.557347
292.34 309.97 0.589198
293.445 309.913 0.618602
294.616 309.757 0.638987
295.583 309.716 0.659322
296.734 309.632 0.673201
297.871 309.759 0.67745
298.898 309.69 0.680467
300 309.76 0.680217
301.102 309.69 0.680467
302.129 309.759 0.67745
303.266 309.632 0.673201
304.417 309.716 0.659322
305.384 309.757 0.638987
306.555 309.913 0.618602
307.66 309.97 0.589198
308.908 310.176 0.557347
310.394 310.394 0.519829
311.967 310.782 0.479617
313.244 310.729 0.454553
314.852 311.037 0.43143
316.443 311.297 0.40376
318.453 311.748 0.381301
320.317 312.095 0.363461
322.326 312.503 0.369014
324.654 313.076 0.395187
327.803 314.052 0.460436
331.351 314.928 0.565243
333.289 314.919 0.654089
268.28 316.805 0.612039
271.059 316.214 0.528107
274.486 314.933 0.420529
277.132 314.069 0.382725
279.431 313.788 0.370025
281.256 313.371 0.367291
283.141 312.925 0.383586
285.016 312.572 0.412428
286.447 312.172 0.434588
287.963 312.037 0.459428
289.218 311.967 0.479617
290.74 311.559 0.513564
292.183 311.317 0.544879
293.298 311.046 0.573207
294.509 310.96 0.595977
295.596 310.953 0.619461
296.679 310.91 0.634023
297.82 310.822 0.642743
298.921 310.748 0.649061
300 310.803 0.652415
301.079 310.748 0.649061
302.18 310.822 0.642743
303.321 310.91 0.634023
304.404 310.953 0.619461
305.491 310.96 0.595977
306.702 311.046 0.573207
307.817 311.317 0.544879
309.26 311.559 0.513564
310.782 311.967 0.479617
312.037 312.037 0.459428
313.553 312.172 0.434588
314.984 312.572 0.412428
316.859 312.925 0.383586
318.744 313.371 0.367291
320.569 313.788 0.370025
322.868 314.069 0.382725
325.514 314.933 0.420529
328.941 316.214 0.528107
331.72 316.805 0.612039
268.415 318.354 0.673707
270.01 318.183 0.577268
273.077 317.204 0.478914
276.665 316.015 0.407681
278.926 315.341 0.380702
280.895 315.129 0.356895
282.732 314.644 0.367945
284.376 314.077 0.390744
286.339 313.661 0.414996
287.828 313.553 0.434588
289.271 313.244 0.454553
290.415 313.054 0.47696
291.823 312.72 0.500956
293.05 312.564 0.519592
294.34 312.319 0.54698
295.582 312.274 0.565819
296.619 312.242 0.583804
297.767 312.105 0.594624
298.849 312.08 0.601583
300 312.156 0.601271
301.151 312.08 0.601583
302.233 312.105 0.594624
303.381 312.242 0.583804
304.418 312.274 0.565819
305.66 312.319 0.54698
306.95 312.564 0.519592
308.177 312.72 0.500956
309.585 313.054 0.47696
310.729 313.244 0.454553
312.172 313.553 0.434588
313.661 313.661 0.414996
315.624 314.077 0.390744
317.268 314.644 0.367945
319.105 315.129 0.356895
321.074 315.341 0.380702
323.335 316.015 0.407681
326.923 317.204 0.478914
329.99 318.183 0.577268
331.585 318.354 0.673707
269.638 320.192 0.617845
271.901 319.944 0.535856
275.273 318.671 0.440882
278.257 317.47 0.398537
280.514 316.752 0.375136
282.223 316.371 0.357713
284.1 315.9 0.369391
285.923 315.624 0.390744
287.428 314.984 0.412428
288.963 314.852 0.43143
290.238 314.485 0.446168
291.499 314.281 0.465527
292.903 314.147 0.480387
294.311 313.872 0.500366
295.432 313.809 0.516479
296.635 313.768 0.531522
297.774 313.757 0.539007
298.945 313.608 0.546036
300 313.593 0.550074
301.055 313.608 0.546036
302.226 313.757 0.539007
303.365 313.768 0.531522
304.568 313.809 0.516479
305.689 313.872 0.500366
307.097 314.147 0.480387
308.501 314.281 0.465527
309.762 314.485 0.446168
311.037 314.852 0.43143
312.572 314.984 0.412428
314.077 315.624 0.390744
315.9 315.9 0.369391
317.777 316.371 0.357713
319.486 316.752 0.375136
321.743 317.47 0.398537
324.727 318.671 0.440882
328.099 319.944 0.535856
330.362 320.192 0.617845
271.522 322.049 0.598777
273.993 321.327 0.521596
277.153 319.978 0.435047
279.778 318.845 0.390841
281.804 318.196 0.371434
283.629 317.777 0.357713
285.356 317.268 0.367945
287.075 316.859 0.383586
288.703 316.443 0.40376
290.183 316.191 0.422184
291.33 316.071 0.434464
292.678 315.962 0.444273
294.049 315.753 0.455962
295.281 315.643 0.470243
296.521 315.571 0.481142
297.698 315.4 0.489722
298.845 315.387 0.492961
300 315.344 0.492487
301.155 315.387 0.492961
302.302 315.4 0.489722
303.479 315.571 0.481142
304.719 315.643 0.470243
305.951 315.753 0.455962
307.322 315.962 0.444273
308.67 316.071 0.434464
309.817 316.191 0.422184
311.297 316.443 0.40376
312.925 316.859 0.383586
314.644 317.268 0.367945
316.371 317.777 0.357713
318.196 318.196 0.371434
320.222 318.845 0.390841
322.847 319.978 0.435047
326.007 321.327 0.521596
328.478 322.049 0.598777
273.133 323.681 0.592964
275.793 322.542 0.527859
278.818 321.182 0.44124
281.155 320.222 0.390841
283.248 319.486 0.375136
284.871 319.105 0.356895
286.629 318.744 0.367291
288.252 318.453 0.381301
289.924 317.793 0.394104
291.312 317.741 0.405568
292.668 317.759 0.418554
293.954 317.363 0.433518
295.123 317.305 0.440144
296.326 317.182 0.451137
297.657 316.957 0.455065
298.846 316.905 0.461153
300 316.972 0.459754
301.154 316.905 0.461153
302.343 316.957 0.455065
303.674 317.182 0.451137
304.877 317.305 0.440144
306.046 317.363 0.433518
307.332 317.759 0.418554
308.688 317.741 0.405568
310.076 317.793 0.394104
311.748 318.453 0.381301
313.371 318.744 0.367291
315.129 319.105 0.356895
316.752 319.486 0.375136
318.845 320.222 0.390841
321.182 321.182 0.44124
324.207 322.542 0.527859
326.867 323.681 0.592964
273.103 325.373 0.660124
274.94 325.06 0.599427
277.458 324.207 0.527859
280.022 322.847 0.435047
282.53 321.743 0.398537
284.659 321.074 0.380702
286.212 320.569 0.370025
287.905 320.317 0.363461
289.392 320.107 0.371486
291.013 319.574 0.381696
292.405 319.142 0.394724
293.745 318.883 0.406347
295.065 318.772 0.418215
296.34 318.625 0.426491
297.433 318.533 0.43154
298.812 318.448 0.42976
300 318.462 0.437627
301.188 318.448 0.42976
302.567 318.533 0.43154
303.66 318.625 0.426491
304.935 318.772 0.418215
306.255 318.883 0.406347
307.595 319.142 0.394724
308.987 319.574 0.381696
310.608 320.107 0.371486
312.095 320.317 0.363461
313.788 320.569 0.370025
315.341 321.074 0.380702
317.47 321.743 0.398537
319.978 322.847 0.435047
322.542 324.207 0.527859
325.06 325.06 0.599427
326.897 325.373 0.660124
274.627 326.897 0.660124
276.319 326.867 0.592964
278.673 326.007 0.521596
281.329 324.727 0.440882
283.985 323.335 0.407681
285.931 322.868 0.382725
287.497 322.326 0.369014
289.097 322.093 0.361835
290.702 321.736 0.363676
292.059 321.601 0.367158
293.416 321.174 0.379188
294.828 321.022 0.384994
296.157 320.881 0.389722
297.488 320.834 0.396145
298.776 320.976 0.392957
300 320.795 0.39196
301.224 320.976 0.392957
302.512 320.834 0.396145
303.843 320.881 0.389722
305.172 321.022 0.384994
306.584 321.174 0.379188
307.941 321.601 0.367158
309.298 321.736 0.363676
310.903 322.093 0.361835
312.503 322.326 0.369014
314.069 322.868 0.382725
316.015 323.335 0.407681
318.671 324.727 0.440882
321.327 326.007 0.521596
323.681 326.867 0.592964
325.373 326.897 0.660124
277.951 328.478 0.598777
280.056 328.099 0.535856
282.796 326.923 0.478914
285.067 325.514 0.420529
286.924 324.654 0.395187
288.72 323.937 0.377158
290.344 323.746 0.362627
291.882 323.662 0.363403
293.353 323.304 0.363586
294.744 323.147 0.364752
295.99 323.135 0.363097
297.389 322.994 0.364068
298.633 322.965 0.364027
300 323.01 0.363694
301.367 322.965 0.364027
302.611 322.994 0.364068
304.01 323.135 0.363097
305.256 323.147 0.364752
306.647 323.304 0.363586
308.118 323.662 0.363403
309.656 323.746 0.362627
311.28 323.937 0.377158
313.076 324.654 0.395187
314.933 325.514 0.420529
317.204 326.923 0.478914
319.944 328.099 0.535856
322.049 328.478 0.598777
279.808 330.362 0.617845
281.817 329.99 0.577268
283.786 328.941 0.528107
285.948 327.803 0.460436
288.195 326.83 0.420687
290.088 326.426 0.398722
291.738 325.965 0.386882
293.11 325.581 0.382731
294.653 325.354 0.384339
296.066 325.312 0.38249
297.344 325.138 0.383319
298.736 325.085 0.389582
300 325.086 0.389797
301.264 325.085 0.389582
302.656 325.138 0.383319
303.934 325.312 0.38249
305.347 325.354 0.384339
306.89 325.581 0.382731
308.262 325.965 0.386882
309.912 326.426 0.398722
311.805 326.83 0.420687
314.052 327.803 0.460436
316.214 328.941 0.528107
318.183 329.99 0.577268
320.192 330.362 0.617845
281.646 331.585 0.673707
283.195 331.72 0.612039
285.072 331.351 0.565243
287.231 330.607 0.518548
289.432 330.013 0.471261
291.23 329.346 0.440379
292.759 328.78 0.422732
294.289 328.399 0.417927
295.754 328.173 0.415417
297.21 328.105 0.407518
298.645 328.034 0.409418
300 327.958 0.407887
301.355 328.034 0.409418
302.79 328.105 0.407518
304.246 328.173 0.415417
305.711 328.399 0.417927
307.241 328.78 0.422732
308.77 329.346 0.440379
310.568 330.013 0.471261
312.769 330.607 0.518548
314.928 331.351 0.565243
316.805 331.72 0.612039
318.354 331.585 0.673707
285.081 333.289 0.654089
287.04 333.612 0.604783
288.843 333.486 0.580656
290.602 333.387 0.553695
292.306 333.054 0.538281
293.92 332.721 0.523973
295.731 332.356 0.516671
297.391 332.268 0.510639
298.678 332.339 0.502816
300 332.312 0.500686
301.322 332.339 0.502816
302.609 332.268 0.510639
304.269 332.356 0.516671
306.08 332.721 0.523973
307.694 333.054 0.538281
309.398 333.387 0.553695
311.157 333.486 0.580656
312.96 333.612 0.604783
314.919 333.289 0.654089
290.561 335.306 0.65621
292.269 335.46 0.642165
293.972 335.743 0.620846
295.643 335.878 0.612921
297.264 335.918 0.609528
298.741 335.864 0.61111
300 335.984 0.606788
301.259 335.864 0.61111
302.736 335.918 0.609528
304.357 335.878 0.612921
306.028 335.743 0.620846
307.731 335.46 0.642165
309.439 335.306 0.65621
end.
