begin.
281.765 232.898 0.570471
285.759 233.456 0.561387
289.245 232.381 0.538972
292.121 232.368 0.532385
294.647 232.118 0.522904
297.578 232.696 0.525021
300 232.122 0.528075
302.422 232.696 0.525021
305.353 232.118 0.522904
307.879 232.368 0.532385
310.755 232.381 0.538972
314.241 233.456 0.561387
318.235 232.898 0.570471
272.745 236.67 0.5747
276.033 236.793 0.526134
279.547 239.284 0.484937
282.882 240.725 0.447305
286.633 242.341 0.42272
289.662 242.589 0.407663
292.623 242.956 0.40836
295.331 243.21 0.403572
297.201 243.025 0.391652
300 243.052 0.38522
302.799 243.025 0.391652
304.669 243.21 0.403572
307.377 242.956 0.40836
310.338 242.589 0.407663
313.367 242.341 0.42272
317.118 240.725 0.447305
320.453 239.284 0.484937
323.967 236.793 0.526134
327.255 236.67 0.5747
265.258 240.562 0.58788
269.159 240.768 0.511822
274.37 243.965 0.443419
278.297 246.249 0.406595
281.477 247.935 0.384869
284.612 248.072 0.35516
286.853 247.911 0.323442
289.762 248.139 0.306801
292.099 248.185 0.29784
294.617 248.582 0.289545
297.499 249.052 0.291567
300 249.087 0.287101
302.501 249.052 0.291567
305.383 248.582 0.289545
307.901 248.185 0.29784
310.238 248.139 0.306801
313.147 247.911 0.323442
315.388 248.072 0.35516
318.523 247.935 0.384869
321.703 246.249 0.406595
325.63 243.965 0.443419
330.841 240.768 0.511822
334.742 240.562 0.58788
260.895 242.569 0.534249
266.998 246.532 0.457942
272.187 250.27 0.418438
275.516 251.263 0.367932
278.642 251.496 0.323537
281.987 251.033 0.292695
284.254 251.128 0.26223
287.251 252.813 0.235884
290.123 253.269 0.220674
292.884 252.175 0.213664
295.071 252.772 0.206295
297.638 252.843 0.207349
300 252.66 0.213003
302.362 252.843 0.207349
304.929 252.772 0.206295
307.116 252.175 0.213664
309.877 253.269 0.220674
312.749 252.813 0.235884
315.746 251.128 0.26223
318.013 251.033 0.292695
321.358 251.496 0.323537
324.484 251.263 0.367932
327.813 250.27 0.418438
333.002 246.532 0.457942
339.105 242.569 0.534249
258.706 246.437 0.512664
264.302 250.566 0.424529
269.741 253.216 0.375713
272.802 253.812 0.331296
276.182 253.653 0.280109
279.597 255.317 0.232622
282.127 254.93 0.202307
285.167 256.078 0.193277
287.666 256.543 0.183242
290.076 257.351 0.177201
292.494 257.553 0.167012
294.753 258.427 0.166516
297.256 258.564 0.16717
300 258.418 0.164004
302.744 258.564 0.16717
305.247 258.427 0.166516
307.506 257.553 0.167012
309.924 257.351 0.177201
312.334 256.543 0.183242
314.833 256.078 0.193277
317.873 254.93 0.202307
320.403 255.317 0.232622
323.818 253.653 0.280109
327.198 253.812 0.331296
330.259 253.216 0.375713
335.698 250.566 0.424529
341.294 246.437 0.512664
252.02 248.308 0.576301
257.003 249.588 0.496306
263.229 254.259 0.415229
267.691 256.453 0.351985
270.3 257.1 0.301508
274.137 257.814 0.243653
276.587 258.484 0.200919
279.911 259.361 0.182667
282.571 260.176 0.168977
285.269 259.638 0.164824
287.752 260.519 0.160097
290.457 260.918 0.164637
292.77 260.954 0.168516
295.273 261.067 0.174212
297.719 260.907 0.173062
300 260.876 0.163334
302.281 260.907 0.173062
304.727 261.067 0.174212
307.23 260.954 0.168516
309.543 260.918 0.164637
312.248 260.519 0.160097
314.731 259.638 0.164824
317.429 260.176 0.168977
320.089 259.361 0.182667
323.413 258.484 0.200919
325.863 257.814 0.243653
329.7 257.1 0.301508
332.309 256.453 0.351985
336.771 254.259 0.415229
342.997 249.588 0.496306
347.98 248.308 0.576301
248.308 252.02 0.576301
254.746 254.746 0.480988
261.379 257.679 0.409205
265.194 259.073 0.347365
267.536 259.14 0.276586
272.258 260.477 0.2286
273.843 261.647 0.187349
278.434 262.578 0.170232
280.472 262.568 0.166663
282.836 262.894 0.162228
285.421 263.742 0.153006
288.407 263.368 0.148143
290.918 263.998 0.154366
293.076 264.16 0.156526
295.212 264.52 0.160406
297.733 264.455 0.157875
300 264.351 0.168219
302.267 264.455 0.157875
304.788 264.52 0.160406
306.924 264.16 0.156526
309.082 263.998 0.154366
311.593 263.368 0.148143
314.579 263.742 0.153006
317.164 262.894 0.162228
319.528 262.568 0.166663
321.566 262.578 0.170232
326.157 261.647 0.187349
327.742 260.477 0.2286
332.464 259.14 0.276586
334.806 259.073 0.347365
338.621 257.679 0.409205
345.254 254.746 0.480988
351.692 252.02 0.576301
249.588 257.003 0.496306
257.679 261.379 0.409205
262.7 262.7 0.348235
264.619 262.229 0.26492
269.526 263.957 0.210199
271.217 264.027 0.169993
275.898 265.621 0.162416
278.023 265.74 0.158739
281.347 266.69 0.160039
283.79 266.456 0.155873
285.728 266.581 0.159495
288.356 267.812 0.159465
290.617 267.527 0.156425
292.997 267.493 0.160595
295.789 267.299 0.156581
298.116 267.504 0.163893
300 267.39 0.170233
301.884 267.504 0.163893
304.211 267.299 0.156581
307.003 267.493 0.160595
309.383 267.527 0.156425
311.644 267.812 0.159465
314.272 266.581 0.159495
316.21 266.456 0.155873
318.653 266.69 0.160039
321.977 265.74 0.158739
324.102 265.621 0.162416
328.783 264.027 0.169993
330.474 263.957 0.210199
335.381 262.229 0.26492
337.3 262.7 0.348235
342.321 261.379 0.409205
350.412 257.003 0.496306
246.437 258.706 0.512664
254.259 263.229 0.415229
259.073 265.194 0.347365
262.229 264.619 0.26492
266.419 266.419 0.21058
269.305 266.811 0.165761
273.457 268.205 0.160728
275.847 268.606 0.161371
278.285 268.774 0.159423
281.693 269.27 0.161756
283.688 269.339 0.160179
285.844 269.473 0.156659
288.724 270.87 0.171422
290.768 270.54 0.177311
293.053 270.521 0.174811
295.614 271.06 0.16969
298.107 270.936 0.170126
300 270.649 0.16855
301.893 270.936 0.170126
304.386 271.06 0.16969
306.947 270.521 0.174811
309.232 270.54 0.177311
311.276 270.87 0.171422
314.156 269.473 0.156659
316.312 269.339 0.160179
318.307 269.27 0.161756
321.715 268.774 0.159423
324.153 268.606 0.161371
326.543 268.205 0.160728
330.695 266.811 0.165761
333.581 266.419 0.21058
337.771 264.619 0.26492
340.927 265.194 0.347365
345.741 263.229 0.415229
353.563 258.706 0.512664
242.569 260.895 0.534249
250.566 264.302 0.424529
256.453 267.691 0.351985
259.14 267.536 0.276586
263.957 269.526 0.210199
266.811 269.305 0.165761
271.191 271.191 0.167709
273.99 270.754 0.163175
275.55 271.818 0.164301
279.204 271.583 0.164023
281.279 272.505 0.161493
283.864 272.828 0.166778
286.699 273.032 0.166829
289.374 273.491 0.177887
290.951 273.021 0.190089
293.266 273.302 0.197582
295.501 273.978 0.192251
298.156 273.887 0.190939
300 274.361 0.20039
301.844 273.887 0.190939
304.499 273.978 0.192251
306.734 273.302 0.197582
309.049 273.021 0.190089
310.626 273.491 0.177887
313.301 273.032 0.166829
316.136 272.828 0.166778
318.721 272.505 0.161493
320.796 271.583 0.164023
324.45 271.818 0.164301
326.01 270.754 0.163175
328.809 271.191 0.167709
333.189 269.305 0.165761
336.043 269.526 0.210199
340.86 267.536 0.276586
343.547 267.691 0.351985
349.434 264.302 0.424529
357.431 260.895 0.534249
240.562 265.258 0.58788
246.532 266.998 0.457942
253.216 269.741 0.375713
257.1 270.3 0.301508
260.477 272.258 0.2286
264.027 271.217 0.169993
268.205 273.457 0.160728
270.754 273.99 0.163175
273.586 273.586 0.154166
277.025 273.976 0.155197
279.533 274.717 0.160967
281.712 275.199 0.177136
284.306 275.481 0.174874
286.255 275.284 0.181211
288.942 275.569 0.188291
291.476 275.165 0.197357
293.496 275.097 0.200206
295.541 275.869 0.200007
297.607 276.025 0.207086
300 275.75 0.202828
302.393 276.025 0.207086
304.459 275.869 0.200007
306.504 275.097 0.200206
308.524 275.165 0.197357
311.058 275.569 0.188291
313.745 275.284 0.181211
315.694 275.481 0.174874
318.288 275.199 0.177136
320.467 274.717 0.160967
322.975 273.976 0.155197
326.414 273.586 0.154166
329.246 273.99 0.163175
331.795 273.457 0.160728
335.973 271.217 0.169993
339.523 272.258 0.2286
342.9 270.3 0.301508
346.784 269.741 0.375713
353.468 266.998 0.457942
359.438 265.258 0.58788
240.768 269.159 0.511822
250.27 272.187 0.418438
253.812 272.802 0.331296
257.814 274.137 0.243653
261.647 273.843 0.187349
265.621 275.898 0.162416
268.606 275.847 0.161371
271.818 275.55 0.164301
273.976 277.025 0.155197
277.077 277.077 0.156562
279.404 277.109 0.165569
282.074 277.861 0.179798
285.075 277.772 0.192125
286.718 278.545 0.190679
289.038 278.202 0.181619
291.732 278.076 0.190232
293.64 278.187 0.195985
295.673 278.175 0.197258
297.977 278.494 0.199251
300 278.129 0.201725
302.023 278.494 0.199251
304.327 278.175 0.197258
306.36 278.187 0.195985
308.268 278.076 0.190232
310.962 278.202 0.181619
313.282 278.545 0.190679
314.925 277.772 0.192125
317.926 277.861 0.179798
320.596 277.109 0.165569
322.923 277.077 0.156562
326.024 277.025 0.155197
328.182 275.55 0.164301
331.394 275.847 0.161371
334.379 275.898 0.162416
338.353 273.843 0.187349
342.186 274.137 0.243653
346.188 272.802 0.331296
349.73 272.187 0.418438
359.232 269.159 0.511822
236.67 272.745 0.5747
243.965 274.37 0.443419
251.263 275.516 0.367932
253.653 276.182 0.280109
258.484 276.587 0.200919
262.578 278.434 0.170232
265.74 278.023 0.158739
268.774 278.285 0.159423
271.583 279.204 0.164023
274.717 279.533 0.160967
277.109 279.404 0.165569
280.243 280.243 0.176498
282.485 280.531 0.189546
284.975 280.628 0.198749
286.716 280.474 0.199203
289.378 280.645 0.191039
291.564 280.986 0.19379
293.358 281.188 0.199838
295.768 280.574 0.197748
297.532 280.999 0.199951
300 280.81 0.198815
302.468 280.999 0.199951
304.232 280.574 0.197748
306.642 281.188 0.199838
308.436 280.986 0.19379
310.622 280.645 0.191039
313.284 280.474 0.199203
315.025 280.628 0.198749
317.515 280.531 0.189546
319.757 280.243 0.176498
322.891 279.404 0.165569
325.283 279.533 0.160967
328.417 279.204 0.164023
331.226 278.285 0.159423
334.26 278.023 0.158739
337.422 278.434 0.170232
341.516 276.587 0.200919
346.347 276.182 0.280109
348.737 275.516 0.367932
356.035 274.37 0.443419
363.33 272.745 0.5747
236.793 276.033 0.526134
246.249 278.297 0.406595
251.496 278.642 0.323537
255.317 279.597 0.232622
259.361 279.911 0.182667
262.568 280.472 0.166663
266.69 281.347 0.160039
269.27 281.693 0.161756
272.505 281.279 0.161493
275.199 281.712 0.177136
277.861 282.074 0.179798
280.531 282.485 0.189546
282.52 282.52 0.197904
284.854 282.85 0.207582
286.951 282.939 0.206981
289.007 283.018 0.209415
291.715 283.459 0.219067
293.507 283.004 0.217877
296.133 283.57 0.228275
298.079 283.885 0.22482
300 283.57 0.227258
301.921 283.885 0.22482
303.867 283.57 0.228275
306.493 283.004 0.217877
308.285 283.459 0.219067
310.993 283.018 0.209415
313.049 282.939 0.206981
315.146 282.85 0.207582
317.48 282.52 0.197904
319.469 282.485 0.189546
322.139 282.074 0.179798
324.801 281.712 0.177136
327.495 281.279 0.161493
330.73 281.693 0.161756
333.31 281.347 0.160039
337.432 280.472 0.166663
340.639 279.911 0.182667
344.683 279.597 0.232622
348.504 278.642 0.323537
353.751 278.297 0.406595
363.207 276.033 0.526134
239.284 279.547 0.484937
247.935 281.477 0.384869
251.033 281.987 0.292695
254.93 282.127 0.202307
260.176 282.571 0.168977
262.894 282.836 0.162228
266.456 283.79 0.155873
269.339 283.688 0.160179
272.828 283.864 0.166778
275.481 284.306 0.174874
277.772 285.075 0.192125
280.628 284.975 0.198749
282.85 284.854 0.207582
285.278 285.278 0.209196
287.229 285.348 0.214931
290.054 285.063 0.223428
291.837 285.395 0.227366
294.064 285.221 0.235768
295.713 285.245 0.234322
297.878 285.435 0.231846
300 285.71 0.238652
302.122 285.435 0.231846
304.287 285.245 0.234322
305.936 285.221 0.235768
308.163 285.395 0.227366
309.946 285.063 0.223428
312.771 285.348 0.214931
314.722 285.278 0.209196
317.15 284.854 0.207582
319.372 284.975 0.198749
322.228 285.075 0.192125
324.519 284.306 0.174874
327.172 283.864 0.166778
330.661 283.688 0.160179
333.544 283.79 0.155873
337.106 282.836 0.162228
339.824 282.571 0.168977
345.07 282.127 0.202307
348.967 281.987 0.292695
352.065 281.477 0.384869
360.716 279.547 0.484937
232.898 281.765 0.570471
240.725 282.882 0.447305
248.072 284.612 0.35516
251.128 284.254 0.26223
256.078 285.167 0.193277
259.638 285.269 0.164824
263.742 285.421 0.153006
266.581 285.728 0.159495
269.473 285.844 0.156659
273.032 286.699 0.166829
275.284 286.255 0.181211
278.545 286.718 0.190679
280.474 286.716 0.199203
282.939 286.951 0.206981
285.348 287.229 0.214931
287.438 287.438 0.2174
289.597 287.637 0.223826
291.633 287.216 0.232138
293.576 287.128 0.236824
295.836 287.422 0.233247
298.021 287.343 0.231499
300 287.027 0.2295
301.979 287.343 0.231499
304.164 287.422 0.233247
306.424 287.128 0.236824
308.367 287.216 0.232138
310.403 287.637 0.223826
312.562 287.438 0.2174
314.652 287.229 0.214931
317.061 286.951 0.206981
319.526 286.716 0.199203
321.455 286.718 0.190679
324.716 286.255 0.181211
326.968 286.699 0.166829
330.527 285.844 0.156659
333.419 285.728 0.159495
336.258 285.421 0.153006
340.362 285.269 0.164824
343.922 285.167 0.193277
348.872 284.254 0.26223
351.928 284.612 0.35516
359.275 282.882 0.447305
367.102 281.765 0.570471
233.456 285.759 0.561387
242.341 286.633 0.42272
247.911 286.853 0.323442
252.813 287.251 0.235884
256.543 287.666 0.183242
260.519 287.752 0.160097
263.368 288.407 0.148143
267.812 288.356 0.159465
270.87 288.724 0.171422
273.491 289.374 0.177887
275.569 288.942 0.188291
278.202 289.038 0.181619
280.645 289.378 0.191039
283.018 289.007 0.209415
285.063 290.054 0.223428
287.637 289.597 0.223826
289.571 289.571 0.229041
291.974 289.548 0.230715
293.469 289.34 0.23248
295.73 289.83 0.227717
297.756 289.703 0.227714
300 289.8 0.226975
302.244 289.703 0.227714
304.27 289.83 0.227717
306.531 289.34 0.23248
308.026 289.548 0.230715
310.429 289.571 0.229041
312.363 289.597 0.223826
314.937 290.054 0.223428
316.982 289.007 0.209415
319.355 289.378 0.191039
321.798 289.038 0.181619
324.431 288.942 0.188291
326.509 289.374 0.177887
329.13 288.724 0.171422
332.188 288.356 0.159465
336.632 288.407 0.148143
339.481 287.752 0.160097
343.457 287.666 0.183242
347.187 287.251 0.235884
352.089 286.853 0.323442
357.659 286.633 0.42272
366.544 285.759 0.561387
232.381 289.245 0.538972
242.589 289.662 0.407663
248.139 289.762 0.306801
253.269 290.123 0.220674
257.351 290.076 0.177201
260.918 290.457 0.164637
263.998 290.918 0.154366
267.527 290.617 0.156425
270.54 290.768 0.177311
273.021 290.951 0.190089
275.165 291.476 0.197357
278.076 291.732 0.190232
280.986 291.564 0.19379
283.459 291.715 0.219067
285.395 291.837 0.227366
287.216 291.633 0.232138
289.548 291.974 0.230715
291.641 291.641 0.227494
293.582 291.54 0.225481
296.042 291.817 0.227882
297.979 292.085 0.239439
300 292.325 0.241326
302.021 292.085 0.239439
303.958 291.817 0.227882
306.418 291.54 0.225481
308.359 291.641 0.227494
310.452 291.974 0.230715
312.784 291.633 0.232138
314.605 291.837 0.227366
316.541 291.715 0.219067
319.014 291.564 0.19379
321.924 291.732 0.190232
324.835 291.476 0.197357
326.979 290.951 0.190089
329.46 290.768 0.177311
332.473 290.617 0.156425
336.002 290.918 0.154366
339.082 290.457 0.164637
342.649 290.076 0.177201
346.731 290.123 0.220674
351.861 289.762 0.306801
357.411 289.662 0.407663
367.619 289.245 0.538972
232.368 292.121 0.532385
242.956 292.623 0.40836
248.185 292.099 0.29784
252.175 292.884 0.213664
257.553 292.494 0.167012
260.954 292.77 0.168516
264.16 293.076 0.156526
267.493 292.997 0.160595
270.521 293.053 0.174811
273.302 293.266 0.197582
275.097 293.496 0.200206
278.187 293.64 0.195985
281.188 293.358 0.199838
283.004 293.507 0.217877
285.221 294.064 0.235768
287.128 293.576 0.236824
289.34 293.469 0.23248
291.54 293.582 0.225481
293.795 293.795 0.232027
296.067 294.131 0.231852
298.197 293.676 0.244867
300 293.443 0.243112
301.803 293.676 0.244867
303.933 294.131 0.231852
306.205 293.795 0.232027
308.46 293.582 0.225481
310.66 293.469 0.23248
312.872 293.576 0.236824
314.779 294.064 0.235768
316.996 293.507 0.217877
318.812 293.358 0.199838
321.813 293.64 0.195985
324.903 293.496 0.200206
326.698 293.266 0.197582
329.479 293.053 0.174811
332.507 292.997 0.160595
335.84 293.076 0.156526
339.046 292.77 0.168516
342.447 292.494 0.167012
347.825 292.884 0.213664
351.815 292.099 0.29784
357.044 292.623 0.40836
367.632 292.121 0.532385
232.118 294.647 0.522904
243.21 295.331 0.403572
248.582 294.617 0.289545
252.772 295.071 0.206295
258.427 294.753 0.166516
261.067 295.273 0.174212
264.52 295.212 0.160406
267.299 295.789 0.156581
271.06 295.614 0.16969
273.978 295.501 0.192251
275.869 295.541 0.200007
278.175 295.673 0.197258
280.574 295.768 0.197748
283.57 296.133 0.228275
285.245 295.713 0.234322
287.422 295.836 0.233247
289.83 295.73 0.227717
291.817 296.042 0.227882
294.131 296.067 0.231852
296.23 296.23 0.246192
298.21 295.958 0.26112
300 295.986 0.256868
301.79 295.958 0.26112
303.77 296.23 0.246192
305.869 296.067 0.231852
308.183 296.042 0.227882
310.17 295.73 0.227717
312.578 295.836 0.233247
314.755 295.713 0.234322
316.43 296.133 0.228275
319.426 295.768 0.197748
321.825 295.673 0.197258
324.131 295.541 0.200007
326.022 295.501 0.192251
328.94 295.614 0.16969
332.701 295.789 0.156581
335.48 295.212 0.160406
338.933 295.273 0.174212
341.573 294.753 0.166516
347.228 295.071 0.206295
351.418 294.617 0.289545
356.79 295.331 0.403572
367.882 294.647 0.522904
232.696 297.578 0.525021
243.025 297.201 0.391652
249.052 297.499 0.291567
252.843 297.638 0.207349
258.564 297.256 0.16717
260.907 297.719 0.173062
264.455 297.733 0.157875
267.504 298.116 0.163893
270.936 298.107 0.170126
273.887 298.156 0.190939
276.025 297.607 0.207086
278.494 297.977 0.199251
280.999 297.532 0.199951
283.885 298.079 0.22482
285.435 297.878 0.231846
287.343 298.021 0.231499
289.703 297.756 0.227714
292.085 297.979 0.239439
293.676 298.197 0.244867
295.958 298.21 0.26112
298.567 298.567 0.268943
300 299.095 0.265572
301.433 298.567 0.268943
304.042 298.21 0.26112
306.324 298.197 0.244867
307.915 297.979 0.239439
310.297 297.756 0.227714
312.657 298.021 0.231499
314.565 297.878 0.231846
316.115 298.079 0.22482
319.001 297.532 0.199951
321.506 297.977 0.199251
323.975 297.607 0.207086
326.113 298.156 0.190939
329.064 298.107 0.170126
332.496 298.116 0.163893
335.545 297.733 0.157875
339.093 297.719 0.173062
341.436 297.256 0.16717
347.157 297.638 0.207349
350.948 297.499 0.291567
356.975 297.201 0.391652
367.304 297.578 0.525021
232.122 300 0.528075
243.052 300 0.38522
249.087 300 0.287101
252.66 300 0.213003
258.418 300 0.164004
260.876 300 0.163334
264.351 300 0.168219
267.39 300 0.170233
270.649 300 0.16855
274.361 300 0.20039
275.75 300 0.202828
278.129 300 0.201725
280.81 300 0.198815
283.57 300 0.227258
285.71 300 0.238652
287.027 300 0.2295
289.8 300 0.226975
292.325 300 0.241326
293.443 300 0.243112
295.986 300 0.256868
299.095 300 0.265572
300 300 0.256809
300.905 300 0.265572
304.014 300 0.256868
306.557 300 0.243112
307.675 300 0.241326
310.2 300 0.226975
312.973 300 0.2295
314.29 300 0.238652
316.43 300 0.227258
319.19 300 0.198815
321.871 300 0.201725
324.25 300 0.202828
325.639 300 0.20039
329.351 300 0.16855
332.61 300 0.170233
335.649 300 0.168219
339.124 300 0.163334
341.582 300 0.164004
347.34 300 0.213003
350.913 300 0.287101
356.948 300 0.38522
367.878 300 0.528075
232.696 302.422 0.525021
243.025 302.799 0.391652
249.052 302.501 0.291567
252.843 302.362 0.207349
258.564 302.744 0.16717
260.907 302.281 0.173062
264.455 302.267 0.157875
267.504 301.884 0.163893
270.936 301.893 0.170126
273.887 301.844 0.190939
276.025 302.393 0.207086
278.494 302.023 0.199251
280.999 302.468 0.199951
283.885 301.921 0.22482
285.435 302.122 0.231846
287.343 301.979 0.231499
289.703 302.244 0.227714
292.085 302.021 0.239439
293.676 301.803 0.244867
295.958 301.79 0.26112
298.567 301.433 0.268943
300 300.905 0.265572
301.433 301.433 0.268943
304.042 301.79 0.26112
306.324 301.803 0.244867
307.915 302.021 0.239439
310.297 302.244 0.227714
312.657 301.979 0.231499
314.565 302.122 0.231846
316.115 301.921 0.22482
319.001 302.468 0.199951
321.506 302.023 0.199251
323.975 302.393 0.207086
326.113 301.844 0.190939
329.064 301.893 0.170126
332.496 301.884 0.163893
335.545 302.267 0.157875
339.093 302.281 0.173062
341.436 302.744 0.16717
347.157 302.362 0.207349
350.948 302.501 0.291567
356.975 302.799 0.391652
367.304 302.422 0.525021
232.118 305.353 0.522904
243.21 304.669 0.403572
248.582 305.383 0.289545
252.772 304.929 0.206295
258.427 305.247 0.166516
261.067 304.727 0.174212
264.52 304.788 0.160406
267.299 304.211 0.156581
271.06 304.386 0.16969
273.978 304.499 0.192251
275.869 304.459 0.200007
278.175 304.327 0.197258
280.574 304.232 0.197748
283.57 303.867 0.228275
285.245 304.287 0.234322
287.422 304.164 0.233247
289.83 304.27 0.227717
291.817 303.958 0.227882
294.131 303.933 0.231852
296.23 303.77 0.246192
298.21 304.042 0.26112
300 304.014 0.256868
301.79 304.042 0.26112
303.77 303.77 0.246192
305.869 303.933 0.231852
308.183 303.958 0.227882
310.17 304.27 0.227717
312.578 304.164 0.233247
314.755 304.287 0.234322
316.43 303.867 0.228275
319.426 304.232 0.197748
321.825 304.327 0.197258
324.131 304.459 0.200007
326.022 304.499 0.192251
328.94 304.386 0.16969
332.701 304.211 0.156581
335.48 304.788 0.160406
338.933 304.727 0.174212
341.573 305.247 0.166516
347.228 304.929 0.206295
351.418 305.383 0.289545
356.79 304.669 0.403572
367.882 305.353 0.522904
232.368 307.879 0.532385
242.956 307.377 0.40836
248.185 307.901 0.29784
252.175 307.116 0.213664
257.553 307.506 0.167012
260.954 307.23 0.168516
264.16 306.924 0.156526
267.493 307.003 0.160595
270.521 306.947 0.174811
273.302 306.734 0.197582
275.097 306.504 0.200206
278.187 306.36 0.195985
281.188 306.642 0.199838
283.004 306.493 0.217877
285.221 305.936 0.235768
287.128 306.424 0.236824
289.34 306.531 0.23248
291.54 306.418 0.225481
293.795 306.205 0.232027
296.067 305.869 0.231852
298.197 306.324 0.244867
300 306.557 0.243112
301.803 306.324 0.244867
303.933 305.869 0.231852
306.205 306.205 0.232027
308.46 306.418 0.225481
310.66 306.531 0.23248
312.872 306.424 0.236824
314.779 305.936 0.235768
316.996 306.493 0.217877
318.812 306.642 0.199838
321.813 306.36 0.195985
324.903 306.504 0.200206
326.698 306.734 0.197582
329.479 306.947 0.174811
332.507 307.003 0.160595
335.84 306.924 0.156526
339.046 307.23 0.168516
342.447 307.506 0.167012
347.825 307.116 0.213664
351.815 307.901 0.29784
357.044 307.377 0.40836
367.632 307.879 0.532385
232.381 310.755 0.538972
242.589 310.338 0.407663
248.139 310.238 0.306801
253.269 309.877 0.220674
257.351 309.924 0.177201
260.918 309.543 0.164637
263.998 309.082 0.154366
267.527 309.383 0.156425
270.54 309.232 0.177311
273.021 309.049 0.190089
275.165 308.524 0.197357
278.076 308.268 0.190232
280.986 308.436 0.19379
283.459 308.285 0.219067
285.395 308.163 0.227366
287.216 308.367 0.232138
289.548 308.026 0.230715
291.641 308.359 0.227494
293.582 308.46 0.225481
296.042 308.183 0.227882
297.979 307.915 0.239439
300 307.675 0.241326
302.021 307.915 0.239439
303.958 308.183 0.227882
306.418 308.46 0.225481
308.359 308.359 0.227494
310.452 308.026 0.230715
312.784 308.367 0.232138
314.605 308.163 0.227366
316.541 308.285 0.219067
319.014 308.436 0.19379
321.924 308.268 0.190232
324.835 308.524 0.197357
326.979 309.049 0.190089
329.46 309.232 0.177311
332.473 309.383 0.156425
336.002 309.082 0.154366
339.082 309.543 0.164637
342.649 309.924 0.177201
346.731 309.877 0.220674
351.861 310.238 0.306801
357.411 310.338 0.407663
367.619 310.755 0.538972
233.456 314.241 0.561387
242.341 313.367 0.42272
247.911 313.147 0.323442
252.813 312.749 0.235884
256.543 312.334 0.183242
260.519 312.248 0.160097
263.368 311.593 0.148143
267.812 311.644 0.159465
270.87 311.276 0.171422
273.491 310.626 0.177887
275.569 311.058 0.188291
278.202 310.962 0.181619
280.645 310.622 0.191039
283.018 310.993 0.209415
285.063 309.946 0.223428
287.637 310.403 0.223826
289.571 310.429 0.229041
291.974 310.452 0.230715
293.469 310.66 0.23248
295.73 310.17 0.227717
297.756 310.297 0.227714
300 310.2 0.226975
302.244 310.297 0.227714
304.27 310.17 0.227717
306.531 310.66 0.23248
308.026 310.452 0.230715
310.429 310.429 0.229041
312.363 310.403 0.223826
314.937 309.946 0.223428
316.982 310.993 0.209415
319.355 310.622 0.191039
321.798 310.962 0.181619
324.431 311.058 0.188291
326.509 310.626 0.177887
329.13 311.276 0.171422
332.188 311.644 0.159465
336.632 311.593 0.148143
339.481 312.248 0.160097
343.457 312.334 0.183242
347.187 312.749 0.235884
352.089 313.147 0.323442
357.659 313.367 0.42272
366.544 314.241 0.561387
232.898 318.235 0.570471
240.725 317.118 0.447305
248.072 315.388 0.35516
251.128 315.746 0.26223
256.078 314.833 0.193277
259.638 314.731 0.164824
263.742 314.579 0.153006
266.581 314.272 0.159495
269.473 314.156 0.156659
273.032 313.301 0.166829
275.284 313.745 0.181211
278.545 313.282 0.190679
280.474 313.284 0.199203
282.939 313.049 0.206981
285.348 312.771 0.214931
287.438 312.562 0.2174
289.597 312.363 0.223826
291.633 312.784 0.232138
293.576 312.872 0.236824
295.836 312.578 0.233247
298.021 312.657 0.231499
300 312.973 0.2295
301.979 312.657 0.231499
304.164 312.578 0.233247
306.424 312.872 0.236824
308.367 312.784 0.232138
310.403 312.363 0.223826
312.562 312.562 0.2174
314.652 312.771 0.214931
317.061 313.049 0.206981
319.526 313.284 0.199203
321.455 313.282 0.190679
324.716 313.745 0.181211
326.968 313.301 0.166829
330.527 314.156 0.156659
333.419 314.272 0.159495
336.258 314.579 0.153006
340.362 314.731 0.164824
343.922 314.833 0.193277
348.872 315.746 0.26223
351.928 315.388 0.35516
359.275 317.118 0.447305
367.102 318.235 0.570471
239.284 320.453 0.484937
247.935 318.523 0.384869
251.033 318.013 0.292695
254.93 317.873 0.202307
260.176 317.429 0.168977
262.894 317.164 0.162228
266.456 316.21 0.155873
269.339 316.312 0.160179
272.828 316.136 0.166778
275.481 315.694 0.174874
277.772 314.925 0.192125
280.628 315.025 0.198749
282.85 315.146 0.207582
285.278 314.722 0.209196
287.229 314.652 0.214931
290.054 314.937 0.223428
291.837 314.605 0.227366
294.064 314.779 0.235768
295.713 314.755 0.234322
297.878 314.565 0.231846
300 314.29 0.238652
302.122 314.565 0.231846
304.287 314.755 0.234322
305.936 314.779 0.235768
308.163 314.605 0.227366
309.946 314.937 0.223428
312.771 314.652 0.214931
314.722 314.722 0.209196
317.15 315.146 0.207582
319.372 315.025 0.198749
322.228 314.925 0.192125
324.519 315.694 0.174874
327.172 316.136 0.166778
330.661 316.312 0.160179
333.544 316.21 0.155873
337.106 317.164 0.162228
339.824 317.429 0.168977
345.07 317.873 0.202307
348.967 318.013 0.292695
352.065 318.523 0.384869
360.716 320.453 0.484937
236.793 323.967 0.526134
246.249 321.703 0.406595
251.496 321.358 0.323537
255.317 320.403 0.232622
259.361 320.089 0.182667
262.568 319.528 0.166663
266.69 318.653 0.160039
269.27 318.307 0.161756
272.505 318.721 0.161493
275.199 318.288 0.177136
277.861 317.926 0.179798
280.531 317.515 0.189546
282.52 317.48 0.197904
284.854 317.15 0.207582
286.951 317.061 0.206981
289.007 316.982 0.209415
291.715 316.541 0.219067
293.507 316.996 0.217877
296.133 316.43 0.228275
298.079 316.115 0.22482
300 316.43 0.227258
301.921 316.115 0.22482
303.867 316.43 0.228275
306.493 316.996 0.217877
308.285 316.541 0.219067
310.993 316.982 0.209415
313.049 317.061 0.206981
315.146 317.15 0.207582
317.48 317.48 0.197904
319.469 317.515 0.189546
322.139 317.926 0.179798
324.801 318.288 0.177136
327.495 318.721 0.161493
330.73 318.307 0.161756
333.31 318.653 0.160039
337.432 319.528 0.166663
340.639 320.089 0.182667
344.683 320.403 0.232622
348.504 321.358 0.323537
353.751 321.703 0.406595
363.207 323.967 0.526134
236.67 327.255 0.5747
243.965 325.63 0.443419
251.263 324.484 0.367932
253.653 323.818 0.280109
258.484 323.413 0.200919
262.578 321.566 0.170232
265.74 321.977 0.158739
268.774 321.715 0.159423
271.583 320.796 0.164023
274.717 320.467 0.160967
277.109 320.596 0.165569
280.243 319.757 0.176498
282.485 319.469 0.189546
284.975 319.372 0.198749
286.716 319.526 0.199203
289.378 319.355 0.191039
291.564 319.014 0.19379
293.358 318.812 0.199838
295.768 319.426 0.197748
297.532 319.001 0.199951
300 319.19 0.198815
302.468 319.001 0.199951
304.232 319.426 0.197748
306.642 318.812 0.199838
308.436 319.014 0.19379
310.622 319.355 0.191039
313.284 319.526 0.199203
315.025 319.372 0.198749
317.515 319.469 0.189546
319.757 319.757 0.176498
322.891 320.596 0.165569
325.283 320.467 0.160967
328.417 320.796 0.164023
331.226 321.715 0.159423
334.26 321.977 0.158739
337.422 321.566 0.170232
341.516 323.413 0.200919
346.347 323.818 0.280109
348.737 324.484 0.367932
356.035 325.63 0.443419
363.33 327.255 0.5747
240.768 330.841 0.511822
250.27 327.813 0.418438
253.812 327.198 0.331296
257.814 325.863 0.243653
261.647 326.157 0.187349
265.621 324.102 0.162416
268.606 324.153 0.161371
271.818 324.45 0.164301
273.976 322.975 0.155197
277.077 322.923 0.156562
279.404 322.891 0.165569
282.074 322.139 0.179798
285.075 322.228 0.192125
286.718 321.455 0.190679
289.038 321.798 0.181619
291.732 321.924 0.190232
293.64 321.813 0.195985
295.673 321.825 0.197258
297.977 321.506 0.199251
300 321.871 0.201725
302.023 321.506 0.199251
304.327 321.825 0.197258
306.36 321.813 0.195985
308.268 321.924 0.190232
310.962 321.798 0.181619
313.282 321.455 0.190679
314.925 322.228 0.192125
317.926 322.139 0.179798
320.596 322.891 0.165569
322.923 322.923 0.156562
326.024 322.975 0.155197
328.182 324.45 0.164301
331.394 324.153 0.161371
334.379 324.102 0.162416
338.353 326.157 0.187349
342.186 325.863 0.243653
346.188 327.198 0.331296
349.73 327.813 0.418438
359.232 330.841 0.511822
240.562 334.742 0.58788
246.532 333.002 0.457942
253.216 330.259 0.375713
257.1 329.7 0.301508
260.477 327.742 0.2286
264.027 328.783 0.169993
268.205 326.543 0.160728
270.754 326.01 0.163175
273.586 326.414 0.154166
277.025 326.024 0.155197
279.533 325.283 0.160967
281.712 324.801 0.177136
284.306 324.519 0.174874
286.255 324.716 0.181211
288.942 324.431 0.188291
291.476 324.835 0.197357
293.496 324.903 0.200206
295.541 324.131 0.200007
297.607 323.975 0.207086
300 324.25 0.202828
302.393 323.975 0.207086
304.459 324.131 0.200007
306.504 324.903 0.200206
308.524 324.835 0.197357
311.058 324.431 0.188291
313.745 324.716 0.181211
315.694 324.519 0.174874
318.288 324.801 0.177136
320.467 325.283 0.160967
322.975 326.024 0.155197
326.414 326.414 0.154166
329.246 326.01 0.163175
331.795 326.543 0.160728
335.973 328.783 0.169993
339.523 327.742 0.2286
342.9 329.7 0.301508
346.784 330.259 0.375713
353.468 333.002 0.457942
359.438 334.742 0.58788
242.569 339.105 0.534249
250.566 335.698 0.424529
256.453 332.309 0.351985
259.14 332.464 0.276586
263.957 330.474 0.210199
266.811 330.695 0.165761
271.191 328.809 0.167709
273.99 329.246 0.163175
275.55 328.182 0.164301
279.204 328.417 0.164023
281.279 327.495 0.161493
283.864 327.172 0.166778
286.699 326.968 0.166829
289.374 326.509 0.177887
290.951 326.979 0.190089
293.266 326.698 0.197582
295.501 326.022 0.192251
298.156 326.113 0.190939
300 325.639 0.20039
301.844 326.113 0.190939
304.499 326.022 0.192251
306.734 326.698 0.197582
309.049 326.979 0.190089
310.626 326.509 0.177887
313.301 326.968 0.166829
316.136 327.172 0.166778
318.721 327.495 0.161493
320.796 328.417 0.164023
324.45 328.182 0.164301
326.01 329.246 0.163175
328.809 328.809 0.167709
333.189 330.695 0.165761
336.043 330.474 0.210199
340.86 332.464 0.276586
343.547 332.309 0.351985
349.434 335.698 0.424529
357.431 339.105 0.534249
246.437 341.294 0.512664
254.259 336.771 0.415229
259.073 334.806 0.347365
262.229 335.381 0.26492
266.419 333.581 0.21058
269.305 333.189 0.165761
273.457 331.795 0.160728
275.847 331.394 0.161371
278.285 331.226 0.159423
281.693 330.73 0.161756
283.688 330.661 0.160179
285.844 330.527 0.156659
288.724 329.13 0.171422
290.768 329.46 0.177311
293.053 329.479 0.174811
295.614 328.94 0.16969
298.107 329.064 0.170126
300 329.351 0.16855
301.893 329.064 0.170126
304.386 328.94 0.16969
306.947 329.479 0.174811
309.232 329.46 0.177311
311.276 329.13 0.171422
314.156 330.527 0.156659
316.312 330.661 0.160179
318.307 330.73 0.161756
321.715 331.226 0.159423
324.153 331.394 0.161371
326.543 331.795 0.160728
330.695 333.189 0.165761
333.581 333.581 0.21058
337.771 335.381 0.26492
340.927 334.806 0.347365
345.741 336.771 0.415229
353.563 341.294 0.512664
249.588 342.997 0.496306
257.679 338.621 0.409205
262.7 337.3 0.348235
264.619 337.771 0.26492
269.526 336.043 0.210199
271.217 335.973 0.169993
275.898 334.379 0.162416
278.023 334.26 0.158739
281.347 333.31 0.160039
283.79 333.544 0.155873
285.728 333.419 0.159495
288.356 332.188 0.159465
290.617 332.473 0.156425
292.997 332.507 0.160595
295.789 332.701 0.156581
298.116 332.496 0.163893
300 332.61 0.170233
301.884 332.496 0.163893
304.211 332.701 0.156581
307.003 332.507 0.160595
309.383 332.473 0.156425
311.644 332.188 0.159465
314.272 333.419 0.159495
316.21 333.544 0.155873
318.653 333.31 0.160039
321.977 334.26 0.158739
324.102 334.379 0.162416
328.783 335.973 0.169993
330.474 336.043 0.210199
335.381 337.771 0.26492
337.3 337.3 0.348235
342.321 338.621 0.409205
350.412 342.997 0.496306
248.308 347.98 0.576301
254.746 345.254 0.480988
261.379 342.321 0.409205
265.194 340.927 0.347365
267.536 340.86 0.276586
272.258 339.523 0.2286
273.843 338.353 0.187349
278.434 337.422 0.170232
280.472 337.432 0.166663
282.836 337.106 0.162228
285.421 336.258 0.153006
288.407 336.632 0.148143
290.918 336.002 0.154366
293.076 335.84 0.156526
295.212 335.48 0.160406
297.733 335.545 0.157875
300 335.649 0.168219
302.267 335.545 0.157875
304.788 335.48 0.160406
306.924 335.84 0.156526
309.082 336.002 0.154366
311.593 336.632 0.148143
314.579 336.258 0.153006
317.164 337.106 0.162228
319.528 337.432 0.166663
321.566 337.422 0.170232
326.157 338.353 0.187349
327.742 339.523 0.2286
332.464 340.86 0.276586
334.806 340.927 0.347365
338.621 342.321 0.409205
345.254 345.254 0.480988
351.692 347.98 0.576301
252.02 351.692 0.576301
257.003 350.412 0.496306
263.229 345.741 0.415229
267.691 343.547 0.351985
270.3 342.9 0.301508
274.137 342.186 0.243653
276.587 341.516 0.200919
279.911 340.639 0.182667
282.571 339.824 0.168977
285.269 340.362 0.164824
287.752 339.481 0.160097
290.457 339.082 0.164637
292.77 339.046 0.168516
295.273 338.933 0.174212
297.719 339.093 0.173062
300 339.124 0.163334
302.281 339.093 0.173062
304.727 338.933 0.174212
307.23 339.046 0.168516
309.543 339.082 0.164637
312.248 339.481 0.160097
314.731 340.362 0.164824
317.429 339.824 0.168977
320.089 340.639 0.182667
323.413 341.516 0.200919
325.863 342.186 0.243653
329.7 342.9 0.301508
332.309 343.547 0.351985
336.771 345.741 0.415229
342.997 350.412 0.496306
347.98 351.692 0.576301
258.706 353.563 0.512664
264.302 349.434 0.424529
269.741 346.784 0.375713
272.802 346.188 0.331296
276.182 346.347 0.280109
279.597 344.683 0.232622
282.127 345.07 0.202307
285.167 343.922 0.193277
287.666 343.457 0.183242
290.076 342.649 0.177201
292.494 342.447 0.167012
294.753 341.573 0.166516
297.256 341.436 0.16717
300 341.582 0.164004
302.744 341.436 0.16717
305.247 341.573 0.166516
307.506 342.447 0.167012
309.924 342.649 0.177201
312.334 343.457 0.183242
314.833 343.922 0.193277
317.873 345.07 0.202307
320.403 344.683 0.232622
323.818 346.347 0.280109
327.198 346.188 0.331296
330.259 346.784 0.375713
335.698 349.434 0.424529
341.294 353.563 0.512664
260.895 357.431 0.534249
266.998 353.468 0.457942
272.187 349.73 0.418438
275.516 348.737 0.367932
278.642 348.504 0.323537
281.987 348.967 0.292695
284.254 348.872 0.26223
287.251 347.187 0.235884
290.123 346.731 0.220674
292.884 347.825 0.213664
295.071 347.228 0.206295
297.638 347.157 0.207349
300 347.34 0.213003
302.362 347.157 0.207349
304.929 347.228 0.206295
307.116 347.825 0.213664
309.877 346.731 0.220674
312.749 347.187 0.235884
315.746 348.872 0.26223
318.013 348.967 0.292695
321.358 348.504 0.323537
324.484 348.737 0.367932
327.813 349.73 0.418438
333.002 353.468 0.457942
339.105 357.431 0.534249
265.258 359.438 0.58788
269.159 359.232 0.511822
274.37 356.035 0.443419
278.297 353.751 0.406595
281.477 352.065 0.384869
284.612 351.928 0.35516
286.853 352.089 0.323442
289.762 351.861 0.306801
292.099 351.815 0.29784
294.617 351.418 0.289545
297.499 350.948 0.291567
300 350.913 0.287101
302.501 350.948 0.291567
305.383 351.418 0.289545
307.901 351.815 0.29784
310.238 351.861 0.306801
313.147 352.089 0.323442
315.388 351.928 0.35516
318.523 352.065 0.384869
321.703 353.751 0.406595
325.63 356.035 0.443419
330.841 359.232 0.511822
334.742 359.438 0.58788
272.745 363.33 0.5747
276.033 363.207 0.526134
279.547 360.716 0.484937
282.882 359.275 0.447305
286.633 357.659 0.42272
289.662 357.411 0.407663
292.623 357.044 0.40836
295.331 356.79 0.403572
297.201 356.975 0.391652
300 356.948 0.38522
302.799 356.975 0.391652
304.669 356.79 0.403572
307.377 357.044 0.40836
310.338 357.411 0.407663
313.367 357.659 0.42272
317.118 359.275 0.447305
320.453 360.716 0.484937
323.967 363.207 0.526134
327.255 363.33 0.5747
281.765 367.102 0.570471
285.759 366.544 0.561387
289.245 367.619 0.538972
292.121 367.632 0.532385
294.647 367.882 0.522904
297.578 367.304 0.525021
300 367.878 0.528075
302.422 367.304 0.525021
305.353 367.882 0.522904
307.879 367.632 0.532385
310.755 367.619 0.538972
314.241 366.544 0.561387
318.235 367.102 0.570471
end.
