begin.
245.444 117.167 0.562978
259.168 128.134 0.544767
267.146 116.679 0.515867
276.775 125.958 0.505385
286.411 115.173 0.492778
291.771 131.283 0.493786
300 114.715 0.495734
308.229 131.283 0.493786
313.589 115.173 0.492778
323.225 125.958 0.505385
332.854 116.679 0.515867
340.832 128.134 0.544767
354.556 117.167 0.562978
223.037 126.326 0.562062
240.48 129.866 0.508796
243.182 144.886 0.468642
253.002 145.914 0.431891
263.562 144.64 0.404059
271.264 140.814 0.38287
280.081 137.831 0.376819
284.465 142.838 0.368919
293.696 146.413 0.35859
300 140.069 0.351767
306.304 146.413 0.35859
315.535 142.838 0.368919
319.919 137.831 0.376819
328.736 140.814 0.38287
336.438 144.64 0.404059
346.998 145.914 0.431891
356.818 144.886 0.468642
359.52 129.866 0.508796
376.963 126.326 0.562062
205.213 138 0.574605
223.614 144.78 0.501239
230.058 152.637 0.439484
239.277 152.284 0.392133
248.372 149.454 0.34218
255.51 156.416 0.307731
262.345 154.483 0.280813
271.287 152.81 0.264813
279.147 150.13 0.252757
284.86 152.224 0.239377
293.347 159.236 0.239569
300 150.77 0.235307
306.653 159.236 0.239569
315.14 152.224 0.239377
320.853 150.13 0.252757
328.713 152.81 0.264813
337.655 154.483 0.280813
344.49 156.416 0.307731
351.628 149.454 0.34218
360.723 152.284 0.392133
369.942 152.637 0.439484
376.386 144.78 0.501239
394.787 138 0.574605
191.083 142.437 0.523281
215.646 160.211 0.454537
224.178 156.949 0.391041
239.131 157.486 0.329552
231.981 162.984 0.273917
243.737 161.463 0.234424
258.043 161.367 0.206605
263.45 160.745 0.184729
273.648 159.387 0.169508
281.94 163.953 0.159838
284.894 158.339 0.154615
293.497 166.022 0.155622
300 157.824 0.154249
306.503 166.022 0.155622
315.106 158.339 0.154615
318.06 163.953 0.159838
326.352 159.387 0.169508
336.55 160.745 0.184729
341.957 161.367 0.206605
356.263 161.463 0.234424
368.019 162.984 0.273917
360.869 157.486 0.329552
375.822 156.949 0.391041
384.354 160.211 0.454537
408.917 142.437 0.523281
190.584 155.618 0.497452
203.841 168.794 0.41205
213.44 168.477 0.342976
224.001 168.186 0.27913
235.525 173.248 0.229084
246.06 174.46 0.181966
241.874 167.514 0.152134
255.561 168.537 0.133742
269.401 165.957 0.119922
268.413 180.093 0.110569
273.907 169.789 0.0993506
282.475 172.012 0.0975627
294.107 171.919 0.0964978
300 169.429 0.0946898
305.893 171.919 0.0964978
317.525 172.012 0.0975627
326.093 169.789 0.0993506
331.587 180.093 0.110569
330.599 165.957 0.119922
344.439 168.537 0.133742
358.126 167.514 0.152134
353.94 174.46 0.181966
364.475 173.248 0.229084
375.999 168.186 0.27913
386.56 168.477 0.342976
396.159 168.794 0.41205
409.416 155.618 0.497452
170.826 156.045 0.569438
191.344 173.153 0.482103
196.028 176.513 0.394339
213.613 179.64 0.30714
221.912 179.884 0.247627
225.043 174.054 0.191133
232.163 179.824 0.149481
240.863 183.57 0.126106
245.452 181.15 0.107299
253.577 175.49 0.0985264
256.246 180.913 0.0891564
262.354 182.744 0.0824183
278.692 178.7 0.0793789
290.853 184.504 0.0823274
285.558 177.208 0.0796184
300 178.584 0.0701614
314.442 177.208 0.0796184
309.147 184.504 0.0823274
321.308 178.7 0.0793789
337.646 182.744 0.0824183
343.754 180.913 0.0891564
346.423 175.49 0.0985264
354.548 181.15 0.107299
359.137 183.57 0.126106
367.837 179.824 0.149481
374.957 174.054 0.191133
378.088 179.884 0.247627
386.387 179.64 0.30714
403.972 176.513 0.394339
408.656 173.153 0.482103
429.174 156.045 0.569438
156.045 170.826 0.569438
184.587 184.587 0.478371
193.522 187.863 0.388068
213.541 187.534 0.295324
200.588 183.281 0.225427
222.21 187.058 0.183251
219.115 187.336 0.143619
233.516 189.978 0.105214
245.743 187.257 0.0944506
252.449 191.637 0.0812784
254.531 198.508 0.0711982
260.465 172.769 0.0676778
271.455 190.413 0.0759177
277.958 190.273 0.066624
284.843 189.737 0.0706258
293.026 189.433 0.0642698
300 185.877 0.0729095
306.974 189.433 0.0642698
315.157 189.737 0.0706258
322.042 190.273 0.066624
328.545 190.413 0.0759177
339.535 172.769 0.0676778
345.469 198.508 0.0711982
347.551 191.637 0.0812784
354.257 187.257 0.0944506
366.484 189.978 0.105214
380.885 187.336 0.143619
377.79 187.058 0.183251
399.412 183.281 0.225427
386.459 187.534 0.295324
406.478 187.863 0.388068
415.413 184.587 0.478371
443.955 170.826 0.569438
173.153 191.344 0.482103
187.863 193.522 0.388068
203.498 203.498 0.299262
200.25 190.348 0.213716
205.996 190.227 0.158872
214.022 193.695 0.115472
222.865 192.693 0.0998213
226.721 183.317 0.0883892
240.116 194.963 0.0732207
246.151 193.83 0.0660043
259.025 189.195 0.0712384
258.016 205.113 0.0672581
265.6 193.838 0.064099
272.069 195.011 0.0746162
290.656 197.365 0.0624278
296.044 202.301 0.0640929
300 194.797 0.0643259
303.956 202.301 0.0640929
309.344 197.365 0.0624278
327.931 195.011 0.0746162
334.4 193.838 0.064099
341.984 205.113 0.0672581
340.975 189.195 0.0712384
353.849 193.83 0.0660043
359.884 194.963 0.0732207
373.279 183.317 0.0883892
377.135 192.693 0.0998213
385.978 193.695 0.115472
394.004 190.227 0.158872
399.75 190.348 0.213716
396.502 203.498 0.299262
412.137 193.522 0.388068
426.847 191.344 0.482103
155.618 190.584 0.497452
176.513 196.028 0.394339
187.534 213.541 0.295324
190.348 200.25 0.213716
198.758 198.758 0.154022
209.689 199.677 0.113253
218.048 204.52 0.0897535
223.767 201.825 0.0816492
226.867 197.304 0.0747231
242.086 207.54 0.0764809
248.688 200.884 0.0658129
260.638 210.956 0.0616714
270.909 207.328 0.0611027
275.345 204.331 0.0637679
280.046 199.549 0.0635135
287.565 213.552 0.0651237
288.005 207.656 0.0610558
300 210.497 0.0578232
311.995 207.656 0.0610558
312.435 213.552 0.0651237
319.954 199.549 0.0635135
324.655 204.331 0.0637679
329.091 207.328 0.0611027
339.362 210.956 0.0616714
351.312 200.884 0.0658129
357.914 207.54 0.0764809
373.133 197.304 0.0747231
376.233 201.825 0.0816492
381.952 204.52 0.0897535
390.311 199.677 0.113253
401.242 198.758 0.154022
409.652 200.25 0.213716
412.466 213.541 0.295324
423.487 196.028 0.394339
444.382 190.584 0.497452
142.437 191.083 0.523281
168.794 203.841 0.41205
179.64 213.613 0.30714
183.281 200.588 0.225427
190.227 205.996 0.158872
199.677 209.689 0.113253
209.155 209.155 0.090474
222.182 210.307 0.078132
233.31 205.015 0.07095
235.548 210.694 0.069299
237.169 221.048 0.0627591
248.645 207.987 0.0662156
253.829 208.784 0.0612385
261.836 217.208 0.056983
270.833 215.336 0.0649433
282.033 208.093 0.0658472
281.135 214.099 0.059862
295.608 215.333 0.0606604
300 222.667 0.0825442
304.392 215.333 0.0606604
318.865 214.099 0.059862
317.967 208.093 0.0658472
329.167 215.336 0.0649433
338.164 217.208 0.056983
346.171 208.784 0.0612385
351.355 207.987 0.0662156
362.831 221.048 0.0627591
364.452 210.694 0.069299
366.69 205.015 0.07095
377.818 210.307 0.078132
390.845 209.155 0.090474
400.323 209.689 0.113253
409.773 205.996 0.158872
416.719 200.588 0.225427
420.36 213.613 0.30714
431.206 203.841 0.41205
457.563 191.083 0.523281
138 205.213 0.574605
160.211 215.646 0.454537
168.477 213.44 0.342976
179.884 221.912 0.247627
187.058 222.21 0.183251
193.695 214.022 0.115472
204.52 218.048 0.0897535
210.307 222.182 0.078132
216.855 216.855 0.0647989
226.439 215.423 0.0644148
231.798 217.15 0.0622584
242.895 227.431 0.0663833
244.591 211.842 0.0619332
250.517 216.203 0.0646162
266.397 221.477 0.0574373
276.006 217.834 0.0655825
273.47 225.783 0.064954
285.398 227.346 0.0593814
286.89 218.794 0.0687298
300 222.17 0.0827868
313.11 218.794 0.0687298
314.602 227.346 0.0593814
326.53 225.783 0.064954
323.994 217.834 0.0655825
333.603 221.477 0.0574373
349.483 216.203 0.0646162
355.409 211.842 0.0619332
357.105 227.431 0.0663833
368.202 217.15 0.0622584
373.561 215.423 0.0644148
383.145 216.855 0.0647989
389.693 222.182 0.078132
395.48 218.048 0.0897535
406.305 214.022 0.115472
412.942 222.21 0.183251
420.116 221.912 0.247627
431.523 213.44 0.342976
439.789 215.646 0.454537
462 205.213 0.574605
144.78 223.614 0.501239
156.949 224.178 0.391041
168.186 224.001 0.27913
174.054 225.043 0.191133
187.336 219.115 0.143619
192.693 222.865 0.0998213
201.825 223.767 0.0816492
205.015 233.31 0.07095
215.423 226.439 0.0644148
224.485 224.485 0.0607581
236.269 226.993 0.0595051
250.049 224.2 0.0583576
257.093 229.9 0.0686331
263.623 229.603 0.060103
257.312 222.371 0.0550245
269.613 227.198 0.0693468
276.894 237.997 0.0647988
296.467 227.966 0.059291
291.664 221.595 0.0617653
300 234.517 0.0744432
308.336 221.595 0.0617653
303.533 227.966 0.059291
323.106 237.997 0.0647988
330.387 227.198 0.0693468
342.688 222.371 0.0550245
336.377 229.603 0.060103
342.907 229.9 0.0686331
349.951 224.2 0.0583576
363.731 226.993 0.0595051
375.515 224.485 0.0607581
384.577 226.439 0.0644148
394.985 233.31 0.07095
398.175 223.767 0.0816492
407.307 222.865 0.0998213
412.664 219.115 0.143619
425.946 225.043 0.191133
431.814 224.001 0.27913
443.051 224.178 0.391041
455.22 223.614 0.501239
126.326 223.037 0.562062
152.637 230.058 0.439484
157.486 239.131 0.329552
173.248 235.525 0.229084
179.824 232.163 0.149481
189.978 233.516 0.105214
183.317 226.721 0.0883892
197.304 226.867 0.0747231
210.694 235.548 0.069299
217.15 231.798 0.0622584
226.993 236.269 0.0595051
234.826 234.826 0.0680378
240.229 232.849 0.0701814
246.998 237.453 0.0613457
259.976 234.821 0.0646658
262.308 240.988 0.060245
271.66 234.917 0.0641997
277.739 230.822 0.0609391
285.206 233.229 0.0582364
292.153 243.349 0.0568609
300 232.388 0.0719805
307.847 243.349 0.0568609
314.794 233.229 0.0582364
322.261 230.822 0.0609391
328.34 234.917 0.0641997
337.692 240.988 0.060245
340.024 234.821 0.0646658
353.002 237.453 0.0613457
359.771 232.849 0.0701814
365.174 234.826 0.0680378
373.007 236.269 0.0595051
382.85 231.798 0.0622584
389.306 235.548 0.069299
402.696 226.867 0.0747231
416.683 226.721 0.0883892
410.022 233.516 0.105214
420.176 232.163 0.149481
426.752 235.525 0.229084
442.514 239.131 0.329552
447.363 230.058 0.439484
473.674 223.037 0.562062
129.866 240.48 0.508796
152.284 239.277 0.392133
162.984 231.981 0.273917
174.46 246.06 0.181966
183.57 240.863 0.126106
187.257 245.743 0.0944506
194.963 240.116 0.0732207
207.54 242.086 0.0764809
221.048 237.169 0.0627591
227.431 242.895 0.0663833
224.2 250.049 0.0583576
232.849 240.229 0.0701814
240.24 240.24 0.0670875
248.768 243.267 0.0693928
253.223 244.444 0.063306
258.212 247.276 0.0578701
270.92 241.588 0.0637079
278.458 247.54 0.0671527
284.797 242.004 0.0611163
297.056 240.152 0.0614378
300 247.531 0.0662386
302.944 240.152 0.0614378
315.203 242.004 0.0611163
321.542 247.54 0.0671527
329.08 241.588 0.0637079
341.788 247.276 0.0578701
346.777 244.444 0.063306
351.232 243.267 0.0693928
359.76 240.24 0.0670875
367.151 240.229 0.0701814
375.8 250.049 0.0583576
372.569 242.895 0.0663833
378.952 237.169 0.0627591
392.46 242.086 0.0764809
405.037 240.116 0.0732207
412.743 245.743 0.0944506
416.43 240.863 0.126106
425.54 246.06 0.181966
437.016 231.981 0.273917
447.716 239.277 0.392133
470.134 240.48 0.508796
144.886 243.182 0.468642
149.454 248.372 0.34218
161.463 243.737 0.234424
167.514 241.874 0.152134
181.15 245.452 0.107299
191.637 252.449 0.0812784
193.83 246.151 0.0660043
200.884 248.688 0.0658129
207.987 248.645 0.0662156
211.842 244.591 0.0619332
229.9 257.093 0.0686331
237.453 246.998 0.0613457
243.267 248.768 0.0693928
248.829 248.829 0.0622357
264.777 256.217 0.0621837
264.891 245.018 0.0630958
278.983 257.786 0.0556501
276.619 243.521 0.0672485
289.033 250.908 0.0562977
295.576 249.85 0.0623581
300 254.077 0.0611064
304.424 249.85 0.0623581
310.967 250.908 0.0562977
323.381 243.521 0.0672485
321.017 257.786 0.0556501
335.109 245.018 0.0630958
335.223 256.217 0.0621837
351.171 248.829 0.0622357
356.733 248.768 0.0693928
362.547 246.998 0.0613457
370.1 257.093 0.0686331
388.158 244.591 0.0619332
392.013 248.645 0.0662156
399.116 248.688 0.0658129
406.17 246.151 0.0660043
408.363 252.449 0.0812784
418.85 245.452 0.107299
432.486 241.874 0.152134
438.537 243.737 0.234424
450.546 248.372 0.34218
455.114 243.182 0.468642
117.167 245.444 0.562978
145.914 253.002 0.431891
156.416 255.51 0.307731
161.367 258.043 0.206605
168.537 255.561 0.133742
175.49 253.577 0.0985264
198.508 254.531 0.0711982
189.195 259.025 0.0712384
210.956 260.638 0.0616714
208.784 253.829 0.0612385
216.203 250.517 0.0646162
229.603 263.623 0.060103
234.821 259.976 0.0646658
244.444 253.223 0.063306
256.217 264.777 0.0621837
253.12 253.12 0.0566159
270.597 257.768 0.052977
271.054 250.895 0.0618558
283.802 248.231 0.0624049
284.545 256.82 0.057439
290.52 256.968 0.0572132
300 262.633 0.0651658
309.48 256.968 0.0572132
315.455 256.82 0.057439
316.198 248.231 0.0624049
328.946 250.895 0.0618558
329.403 257.768 0.052977
346.88 253.12 0.0566159
343.783 264.777 0.0621837
355.556 253.223 0.063306
365.179 259.976 0.0646658
370.397 263.623 0.060103
383.797 250.517 0.0646162
391.216 253.829 0.0612385
389.044 260.638 0.0616714
410.805 259.025 0.0712384
401.492 254.531 0.0711982
424.51 253.577 0.0985264
431.463 255.561 0.133742
438.633 258.043 0.206605
443.584 255.51 0.307731
454.086 253.002 0.431891
482.833 245.444 0.562978
128.134 259.168 0.544767
144.64 263.562 0.404059
154.483 262.345 0.280813
160.745 263.45 0.184729
165.957 269.401 0.119922
180.913 256.246 0.0891564
172.769 260.465 0.0676778
205.113 258.016 0.0672581
207.328 270.909 0.0611027
217.208 261.836 0.056983
221.477 266.397 0.0574373
222.371 257.312 0.0550245
240.988 262.308 0.060245
247.276 258.212 0.0578701
245.018 264.891 0.0630958
257.768 270.597 0.052977
260.603 260.603 0.0569201
273.385 268.252 0.0596851
277.62 263.822 0.0609358
284.742 265.228 0.0612786
294.824 266.758 0.0625227
300 272.93 0.0684507
305.176 266.758 0.0625227
315.258 265.228 0.0612786
322.38 263.822 0.0609358
326.615 268.252 0.0596851
339.397 260.603 0.0569201
342.232 270.597 0.052977
354.982 264.891 0.0630958
352.724 258.212 0.0578701
359.012 262.308 0.060245
377.629 257.312 0.0550245
378.523 266.397 0.0574373
382.792 261.836 0.056983
392.672 270.909 0.0611027
394.887 258.016 0.0672581
427.231 260.465 0.0676778
419.087 256.246 0.0891564
434.043 269.401 0.119922
439.255 263.45 0.184729
445.517 262.345 0.280813
455.36 263.562 0.404059
471.866 259.168 0.544767
116.679 267.146 0.515867
140.814 271.264 0.38287
152.81 271.287 0.264813
159.387 273.648 0.169508
180.093 268.413 0.110569
182.744 262.354 0.0824183
190.413 271.455 0.0759177
193.838 265.6 0.064099
204.331 275.345 0.0637679
215.336 270.833 0.0649433
217.834 276.006 0.0655825
227.198 269.613 0.0693468
234.917 271.66 0.0641997
241.588 270.92 0.0637079
257.786 278.983 0.0556501
250.895 271.054 0.0618558
268.252 273.385 0.0596851
273.666 273.666 0.0628964
285.214 271.21 0.0628634
290.572 275.247 0.0569629
286.309 280.608 0.0659188
300 267.127 0.0753628
313.691 280.608 0.0659188
309.428 275.247 0.0569629
314.786 271.21 0.0628634
326.334 273.666 0.0628964
331.748 273.385 0.0596851
349.105 271.054 0.0618558
342.214 278.983 0.0556501
358.412 270.92 0.0637079
365.083 271.66 0.0641997
372.802 269.613 0.0693468
382.166 276.006 0.0655825
384.664 270.833 0.0649433
395.669 275.345 0.0637679
406.162 265.6 0.064099
409.587 271.455 0.0759177
417.256 262.354 0.0824183
419.907 268.413 0.110569
440.613 273.648 0.169508
447.19 271.287 0.264813
459.186 271.264 0.38287
483.321 267.146 0.515867
125.958 276.775 0.505385
137.831 280.081 0.376819
150.13 279.147 0.252757
163.953 281.94 0.159838
169.789 273.907 0.0993506
178.7 278.692 0.0793789
190.273 277.958 0.066624
195.011 272.069 0.0746162
199.549 280.046 0.0635135
208.093 282.033 0.0658472
225.783 273.47 0.064954
237.997 276.894 0.0647988
230.822 277.739 0.0609391
247.54 278.458 0.0671527
243.521 276.619 0.0672485
248.231 283.802 0.0624049
263.822 277.62 0.0609358
271.21 285.214 0.0628634
280.28 280.28 0.0670754
280.594 274.546 0.0624313
295.493 272.861 0.0734082
300 282.114 0.0640234
304.507 272.861 0.0734082
319.406 274.546 0.0624313
319.72 280.28 0.0670754
328.79 285.214 0.0628634
336.178 277.62 0.0609358
351.769 283.802 0.0624049
356.479 276.619 0.0672485
352.46 278.458 0.0671527
369.178 277.739 0.0609391
362.003 276.894 0.0647988
374.217 273.47 0.064954
391.907 282.033 0.0658472
400.451 280.046 0.0635135
404.989 272.069 0.0746162
409.727 277.958 0.066624
421.3 278.692 0.0793789
430.211 273.907 0.0993506
436.047 281.94 0.159838
449.87 279.147 0.252757
462.169 280.081 0.376819
474.042 276.775 0.505385
115.173 286.411 0.492778
142.838 284.465 0.368919
152.224 284.86 0.239377
158.339 284.894 0.154615
172.012 282.475 0.0975627
184.504 290.853 0.0823274
189.737 284.843 0.0706258
197.365 290.656 0.0624278
213.552 287.565 0.0651237
214.099 281.135 0.059862
227.346 285.398 0.0593814
227.966 296.467 0.059291
233.229 285.206 0.0582364
242.004 284.797 0.0611163
250.908 289.033 0.0562977
256.82 284.545 0.057439
265.228 284.742 0.0612786
275.247 290.572 0.0569629
274.546 280.594 0.0624313
290.564 290.564 0.0698101
291.982 282.843 0.0758216
300 295.308 0.0784273
308.018 282.843 0.0758216
309.436 290.564 0.0698101
325.454 280.594 0.0624313
324.753 290.572 0.0569629
334.772 284.742 0.0612786
343.18 284.545 0.057439
349.092 289.033 0.0562977
357.996 284.797 0.0611163
366.771 285.206 0.0582364
372.034 296.467 0.059291
372.654 285.398 0.0593814
385.901 281.135 0.059862
386.448 287.565 0.0651237
402.635 290.656 0.0624278
410.263 284.843 0.0706258
415.496 290.853 0.0823274
427.988 282.475 0.0975627
441.661 284.894 0.154615
447.776 284.86 0.239377
457.162 284.465 0.368919
484.827 286.411 0.492778
131.283 291.771 0.493786
146.413 293.696 0.35859
159.236 293.347 0.239569
166.022 293.497 0.155622
171.919 294.107 0.0964978
177.208 285.558 0.0796184
189.433 293.026 0.0642698
202.301 296.044 0.0640929
207.656 288.005 0.0610558
215.333 295.608 0.0606604
218.794 286.89 0.0687298
221.595 291.664 0.0617653
243.349 292.153 0.0568609
240.152 297.056 0.0614378
249.85 295.576 0.0623581
256.968 290.52 0.0572132
266.758 294.824 0.0625227
280.608 286.309 0.0659188
272.861 295.493 0.0734082
282.843 291.982 0.0758216
294.886 294.886 0.077765
300 311.588 0.0731457
305.114 294.886 0.077765
317.157 291.982 0.0758216
327.139 295.493 0.0734082
319.392 286.309 0.0659188
333.242 294.824 0.0625227
343.032 290.52 0.0572132
350.15 295.576 0.0623581
359.848 297.056 0.0614378
356.651 292.153 0.0568609
378.405 291.664 0.0617653
381.206 286.89 0.0687298
384.667 295.608 0.0606604
392.344 288.005 0.0610558
397.699 296.044 0.0640929
410.567 293.026 0.0642698
422.792 285.558 0.0796184
428.081 294.107 0.0964978
433.978 293.497 0.155622
440.764 293.347 0.239569
453.587 293.696 0.35859
468.717 291.771 0.493786
114.715 300 0.495734
140.069 300 0.351767
150.77 300 0.235307
157.824 300 0.154249
169.429 300 0.0946898
178.584 300 0.0701614
185.877 300 0.0729095
194.797 300 0.0643259
210.497 300 0.0578232
222.667 300 0.0825442
222.17 300 0.0827868
234.517 300 0.0744432
232.388 300 0.0719805
247.531 300 0.0662386
254.077 300 0.0611064
262.633 300 0.0651658
272.93 300 0.0684507
267.127 300 0.0753628
282.114 300 0.0640234
295.308 300 0.0784273
311.588 300 0.0731457
300 300 0.080084
288.412 300 0.0731457
304.692 300 0.0784273
317.886 300 0.0640234
332.873 300 0.0753628
327.07 300 0.0684507
337.367 300 0.0651658
345.923 300 0.0611064
352.469 300 0.0662386
367.612 300 0.0719805
365.483 300 0.0744432
377.83 300 0.0827868
377.333 300 0.0825442
389.503 300 0.0578232
405.203 300 0.0643259
414.123 300 0.0729095
421.416 300 0.0701614
430.571 300 0.0946898
442.176 300 0.154249
449.23 300 0.235307
459.931 300 0.351767
485.285 300 0.495734
131.283 308.229 0.493786
146.413 306.304 0.35859
159.236 306.653 0.239569
166.022 306.503 0.155622
171.919 305.893 0.0964978
177.208 314.442 0.0796184
189.433 306.974 0.0642698
202.301 303.956 0.0640929
207.656 311.995 0.0610558
215.333 304.392 0.0606604
218.794 313.11 0.0687298
221.595 308.336 0.0617653
243.349 307.847 0.0568609
240.152 302.944 0.0614378
249.85 304.424 0.0623581
256.968 309.48 0.0572132
266.758 305.176 0.0625227
280.608 313.691 0.0659188
272.861 304.507 0.0734082
282.843 308.018 0.0758216
294.886 305.114 0.077765
300 288.412 0.0731457
305.114 305.114 0.077765
317.157 308.018 0.0758216
327.139 304.507 0.0734082
319.392 313.691 0.0659188
333.242 305.176 0.0625227
343.032 309.48 0.0572132
350.15 304.424 0.0623581
359.848 302.944 0.0614378
356.651 307.847 0.0568609
378.405 308.336 0.0617653
381.206 313.11 0.0687298
384.667 304.392 0.0606604
392.344 311.995 0.0610558
397.699 303.956 0.0640929
410.567 306.974 0.0642698
422.792 314.442 0.0796184
428.081 305.893 0.0964978
433.978 306.503 0.155622
440.764 306.653 0.239569
453.587 306.304 0.35859
468.717 308.229 0.493786
115.173 313.589 0.492778
142.838 315.535 0.368919
152.224 315.14 0.239377
158.339 315.106 0.154615
172.012 317.525 0.0975627
184.504 309.147 0.0823274
189.737 315.157 0.0706258
197.365 309.344 0.0624278
213.552 312.435 0.0651237
214.099 318.865 0.059862
227.346 314.602 0.0593814
227.966 303.533 0.059291
233.229 314.794 0.0582364
242.004 315.203 0.0611163
250.908 310.967 0.0562977
256.82 315.455 0.057439
265.228 315.258 0.0612786
275.247 309.428 0.0569629
274.546 319.406 0.0624313
290.564 309.436 0.0698101
291.982 317.157 0.0758216
300 304.692 0.0784273
308.018 317.157 0.0758216
309.436 309.436 0.0698101
325.454 319.406 0.0624313
324.753 309.428 0.0569629
334.772 315.258 0.0612786
343.18 315.455 0.057439
349.092 310.967 0.0562977
357.996 315.203 0.0611163
366.771 314.794 0.0582364
372.034 303.533 0.059291
372.654 314.602 0.0593814
385.901 318.865 0.059862
386.448 312.435 0.0651237
402.635 309.344 0.0624278
410.263 315.157 0.0706258
415.496 309.147 0.0823274
427.988 317.525 0.0975627
441.661 315.106 0.154615
447.776 315.14 0.239377
457.162 315.535 0.368919
484.827 313.589 0.492778
125.958 323.225 0.505385
137.831 319.919 0.376819
150.13 320.853 0.252757
163.953 318.06 0.159838
169.789 326.093 0.0993506
178.7 321.308 0.0793789
190.273 322.042 0.066624
195.011 327.931 0.0746162
199.549 319.954 0.0635135
208.093 317.967 0.0658472
225.783 326.53 0.064954
237.997 323.106 0.0647988
230.822 322.261 0.0609391
247.54 321.542 0.0671527
243.521 323.381 0.0672485
248.231 316.198 0.0624049
263.822 322.38 0.0609358
271.21 314.786 0.0628634
280.28 319.72 0.0670754
280.594 325.454 0.0624313
295.493 327.139 0.0734082
300 317.886 0.0640234
304.507 327.139 0.0734082
319.406 325.454 0.0624313
319.72 319.72 0.0670754
328.79 314.786 0.0628634
336.178 322.38 0.0609358
351.769 316.198 0.0624049
356.479 323.381 0.0672485
352.46 321.542 0.0671527
369.178 322.261 0.0609391
362.003 323.106 0.0647988
374.217 326.53 0.064954
391.907 317.967 0.0658472
400.451 319.954 0.0635135
404.989 327.931 0.0746162
409.727 322.042 0.066624
421.3 321.308 0.0793789
430.211 326.093 0.0993506
436.047 318.06 0.159838
449.87 320.853 0.252757
462.169 319.919 0.376819
474.042 323.225 0.505385
116.679 332.854 0.515867
140.814 328.736 0.38287
152.81 328.713 0.264813
159.387 326.352 0.169508
180.093 331.587 0.110569
182.744 337.646 0.0824183
190.413 328.545 0.0759177
193.838 334.4 0.064099
204.331 324.655 0.0637679
215.336 329.167 0.0649433
217.834 323.994 0.0655825
227.198 330.387 0.0693468
234.917 328.34 0.0641997
241.588 329.08 0.0637079
257.786 321.017 0.0556501
250.895 328.946 0.0618558
268.252 326.615 0.0596851
273.666 326.334 0.0628964
285.214 328.79 0.0628634
290.572 324.753 0.0569629
286.309 319.392 0.0659188
300 332.873 0.0753628
313.691 319.392 0.0659188
309.428 324.753 0.0569629
314.786 328.79 0.0628634
326.334 326.334 0.0628964
331.748 326.615 0.0596851
349.105 328.946 0.0618558
342.214 321.017 0.0556501
358.412 329.08 0.0637079
365.083 328.34 0.0641997
372.802 330.387 0.0693468
382.166 323.994 0.0655825
384.664 329.167 0.0649433
395.669 324.655 0.0637679
406.162 334.4 0.064099
409.587 328.545 0.0759177
417.256 337.646 0.0824183
419.907 331.587 0.110569
440.613 326.352 0.169508
447.19 328.713 0.264813
459.186 328.736 0.38287
483.321 332.854 0.515867
128.134 340.832 0.544767
144.64 336.438 0.404059
154.483 337.655 0.280813
160.745 336.55 0.184729
165.957 330.599 0.119922
180.913 343.754 0.0891564
172.769 339.535 0.0676778
205.113 341.984 0.0672581
207.328 329.091 0.0611027
217.208 338.164 0.056983
221.477 333.603 0.0574373
222.371 342.688 0.0550245
240.988 337.692 0.060245
247.276 341.788 0.0578701
245.018 335.109 0.0630958
257.768 329.403 0.052977
260.603 339.397 0.0569201
273.385 331.748 0.0596851
277.62 336.178 0.0609358
284.742 334.772 0.0612786
294.824 333.242 0.0625227
300 327.07 0.0684507
305.176 333.242 0.0625227
315.258 334.772 0.0612786
322.38 336.178 0.0609358
326.615 331.748 0.0596851
339.397 339.397 0.0569201
342.232 329.403 0.052977
354.982 335.109 0.0630958
352.724 341.788 0.0578701
359.012 337.692 0.060245
377.629 342.688 0.0550245
378.523 333.603 0.0574373
382.792 338.164 0.056983
392.672 329.091 0.0611027
394.887 341.984 0.0672581
427.231 339.535 0.0676778
419.087 343.754 0.0891564
434.043 330.599 0.119922
439.255 336.55 0.184729
445.517 337.655 0.280813
455.36 336.438 0.404059
471.866 340.832 0.544767
117.167 354.556 0.562978
145.914 346.998 0.431891
156.416 344.49 0.307731
161.367 341.957 0.206605
168.537 344.439 0.133742
175.49 346.423 0.0985264
198.508 345.469 0.0711982
189.195 340.975 0.0712384
210.956 339.362 0.0616714
208.784 346.171 0.0612385
216.203 349.483 0.0646162
229.603 336.377 0.060103
234.821 340.024 0.0646658
244.444 346.777 0.063306
256.217 335.223 0.0621837
253.12 346.88 0.0566159
270.597 342.232 0.052977
271.054 349.105 0.0618558
283.802 351.769 0.0624049
284.545 343.18 0.057439
290.52 343.032 0.0572132
300 337.367 0.0651658
309.48 343.032 0.0572132
315.455 343.18 0.057439
316.198 351.769 0.0624049
328.946 349.105 0.0618558
329.403 342.232 0.052977
346.88 346.88 0.0566159
343.783 335.223 0.0621837
355.556 346.777 0.063306
365.179 340.024 0.0646658
370.397 336.377 0.060103
383.797 349.483 0.0646162
391.216 346.171 0.0612385
389.044 339.362 0.0616714
410.805 340.975 0.0712384
401.492 345.469 0.0711982
424.51 346.423 0.0985264
431.463 344.439 0.133742
438.633 341.957 0.206605
443.584 344.49 0.307731
454.086 346.998 0.431891
482.833 354.556 0.562978
144.886 356.818 0.468642
149.454 351.628 0.34218
161.463 356.263 0.234424
167.514 358.126 0.152134
181.15 354.548 0.107299
191.637 347.551 0.0812784
193.83 353.849 0.0660043
200.884 351.312 0.0658129
207.987 351.355 0.0662156
211.842 355.409 0.0619332
229.9 342.907 0.0686331
237.453 353.002 0.0613457
243.267 351.232 0.0693928
248.829 351.171 0.0622357
264.777 343.783 0.0621837
264.891 354.982 0.0630958
278.983 342.214 0.0556501
276.619 356.479 0.0672485
289.033 349.092 0.0562977
295.576 350.15 0.0623581
300 345.923 0.0611064
304.424 350.15 0.0623581
310.967 349.092 0.0562977
323.381 356.479 0.0672485
321.017 342.214 0.0556501
335.109 354.982 0.0630958
335.223 343.783 0.0621837
351.171 351.171 0.0622357
356.733 351.232 0.0693928
362.547 353.002 0.0613457
370.1 342.907 0.0686331
388.158 355.409 0.0619332
392.013 351.355 0.0662156
399.116 351.312 0.0658129
406.17 353.849 0.0660043
408.363 347.551 0.0812784
418.85 354.548 0.107299
432.486 358.126 0.152134
438.537 356.263 0.234424
450.546 351.628 0.34218
455.114 356.818 0.468642
129.866 359.52 0.508796
152.284 360.723 0.392133
162.984 368.019 0.273917
174.46 353.94 0.181966
183.57 359.137 0.126106
187.257 354.257 0.0944506
194.963 359.884 0.0732207
207.54 357.914 0.0764809
221.048 362.831 0.0627591
227.431 357.105 0.0663833
224.2 349.951 0.0583576
232.849 359.771 0.0701814
240.24 359.76 0.0670875
248.768 356.733 0.0693928
253.223 355.556 0.063306
258.212 352.724 0.0578701
270.92 358.412 0.0637079
278.458 352.46 0.0671527
284.797 357.996 0.0611163
297.056 359.848 0.0614378
300 352.469 0.0662386
302.944 359.848 0.0614378
315.203 357.996 0.0611163
321.542 352.46 0.0671527
329.08 358.412 0.0637079
341.788 352.724 0.0578701
346.777 355.556 0.063306
351.232 356.733 0.0693928
359.76 359.76 0.0670875
367.151 359.771 0.0701814
375.8 349.951 0.0583576
372.569 357.105 0.0663833
378.952 362.831 0.0627591
392.46 357.914 0.0764809
405.037 359.884 0.0732207
412.743 354.257 0.0944506
416.43 359.137 0.126106
425.54 353.94 0.181966
437.016 368.019 0.273917
447.716 360.723 0.392133
470.134 359.52 0.508796
126.326 376.963 0.562062
152.637 369.942 0.439484
157.486 360.869 0.329552
173.248 364.475 0.229084
179.824 367.837 0.149481
189.978 366.484 0.105214
183.317 373.279 0.0883892
197.304 373.133 0.0747231
210.694 364.452 0.069299
217.15 368.202 0.0622584
226.993 363.731 0.0595051
234.826 365.174 0.0680378
240.229 367.151 0.0701814
246.998 362.547 0.0613457
259.976 365.179 0.0646658
262.308 359.012 0.060245
271.66 365.083 0.0641997
277.739 369.178 0.0609391
285.206 366.771 0.0582364
292.153 356.651 0.0568609
300 367.612 0.0719805
307.847 356.651 0.0568609
314.794 366.771 0.0582364
322.261 369.178 0.0609391
328.34 365.083 0.0641997
337.692 359.012 0.060245
340.024 365.179 0.0646658
353.002 362.547 0.0613457
359.771 367.151 0.0701814
365.174 365.174 0.0680378
373.007 363.731 0.0595051
382.85 368.202 0.0622584
389.306 364.452 0.069299
402.696 373.133 0.0747231
416.683 373.279 0.0883892
410.022 366.484 0.105214
420.176 367.837 0.149481
426.752 364.475 0.229084
442.514 360.869 0.329552
447.363 369.942 0.439484
473.674 376.963 0.562062
144.78 376.386 0.501239
156.949 375.822 0.391041
168.186 375.999 0.27913
174.054 374.957 0.191133
187.336 380.885 0.143619
192.693 377.135 0.0998213
201.825 376.233 0.0816492
205.015 366.69 0.07095
215.423 373.561 0.0644148
224.485 375.515 0.0607581
236.269 373.007 0.0595051
250.049 375.8 0.0583576
257.093 370.1 0.0686331
263.623 370.397 0.060103
257.312 377.629 0.0550245
269.613 372.802 0.0693468
276.894 362.003 0.0647988
296.467 372.034 0.059291
291.664 378.405 0.0617653
300 365.483 0.0744432
308.336 378.405 0.0617653
303.533 372.034 0.059291
323.106 362.003 0.0647988
330.387 372.802 0.0693468
342.688 377.629 0.0550245
336.377 370.397 0.060103
342.907 370.1 0.0686331
349.951 375.8 0.0583576
363.731 373.007 0.0595051
375.515 375.515 0.0607581
384.577 373.561 0.0644148
394.985 366.69 0.07095
398.175 376.233 0.0816492
407.307 377.135 0.0998213
412.664 380.885 0.143619
425.946 374.957 0.191133
431.814 375.999 0.27913
443.051 375.822 0.391041
455.22 376.386 0.501239
138 394.787 0.574605
160.211 384.354 0.454537
168.477 386.56 0.342976
179.884 378.088 0.247627
187.058 377.79 0.183251
193.695 385.978 0.115472
204.52 381.952 0.0897535
210.307 377.818 0.078132
216.855 383.145 0.0647989
226.439 384.577 0.0644148
231.798 382.85 0.0622584
242.895 372.569 0.0663833
244.591 388.158 0.0619332
250.517 383.797 0.0646162
266.397 378.523 0.0574373
276.006 382.166 0.0655825
273.47 374.217 0.064954
285.398 372.654 0.0593814
286.89 381.206 0.0687298
300 377.83 0.0827868
313.11 381.206 0.0687298
314.602 372.654 0.0593814
326.53 374.217 0.064954
323.994 382.166 0.0655825
333.603 378.523 0.0574373
349.483 383.797 0.0646162
355.409 388.158 0.0619332
357.105 372.569 0.0663833
368.202 382.85 0.0622584
373.561 384.577 0.0644148
383.145 383.145 0.0647989
389.693 377.818 0.078132
395.48 381.952 0.0897535
406.305 385.978 0.115472
412.942 377.79 0.183251
420.116 378.088 0.247627
431.523 386.56 0.342976
439.789 384.354 0.454537
462 394.787 0.574605
142.437 408.917 0.523281
168.794 396.159 0.41205
179.64 386.387 0.30714
183.281 399.412 0.225427
190.227 394.004 0.158872
199.677 390.311 0.113253
209.155 390.845 0.090474
222.182 389.693 0.078132
233.31 394.985 0.07095
235.548 389.306 0.069299
237.169 378.952 0.0627591
248.645 392.013 0.0662156
253.829 391.216 0.0612385
261.836 382.792 0.056983
270.833 384.664 0.0649433
282.033 391.907 0.0658472
281.135 385.901 0.059862
295.608 384.667 0.0606604
300 377.333 0.0825442
304.392 384.667 0.0606604
318.865 385.901 0.059862
317.967 391.907 0.0658472
329.167 384.664 0.0649433
338.164 382.792 0.056983
346.171 391.216 0.0612385
351.355 392.013 0.0662156
362.831 378.952 0.0627591
364.452 389.306 0.069299
366.69 394.985 0.07095
377.818 389.693 0.078132
390.845 390.845 0.090474
400.323 390.311 0.113253
409.773 394.004 0.158872
416.719 399.412 0.225427
420.36 386.387 0.30714
431.206 396.159 0.41205
457.563 408.917 0.523281
155.618 409.416 0.497452
176.513 403.972 0.394339
187.534 386.459 0.295324
190.348 399.75 0.213716
198.758 401.242 0.154022
209.689 400.323 0.113253
218.048 395.48 0.0897535
223.767 398.175 0.0816492
226.867 402.696 0.0747231
242.086 392.46 0.0764809
248.688 399.116 0.0658129
260.638 389.044 0.0616714
270.909 392.672 0.0611027
275.345 395.669 0.0637679
280.046 400.451 0.0635135
287.565 386.448 0.0651237
288.005 392.344 0.0610558
300 389.503 0.0578232
311.995 392.344 0.0610558
312.435 386.448 0.0651237
319.954 400.451 0.0635135
324.655 395.669 0.0637679
329.091 392.672 0.0611027
339.362 389.044 0.0616714
351.312 399.116 0.0658129
357.914 392.46 0.0764809
373.133 402.696 0.0747231
376.233 398.175 0.0816492
381.952 395.48 0.0897535
390.311 400.323 0.113253
401.242 401.242 0.154022
409.652 399.75 0.213716
412.466 386.459 0.295324
423.487 403.972 0.394339
444.382 409.416 0.497452
173.153 408.656 0.482103
187.863 406.478 0.388068
203.498 396.502 0.299262
200.25 409.652 0.213716
205.996 409.773 0.158872
214.022 406.305 0.115472
222.865 407.307 0.0998213
226.721 416.683 0.0883892
240.116 405.037 0.0732207
246.151 406.17 0.0660043
259.025 410.805 0.0712384
258.016 394.887 0.0672581
265.6 406.162 0.064099
272.069 404.989 0.0746162
290.656 402.635 0.0624278
296.044 397.699 0.0640929
300 405.203 0.0643259
303.956 397.699 0.0640929
309.344 402.635 0.0624278
327.931 404.989 0.0746162
334.4 406.162 0.064099
341.984 394.887 0.0672581
340.975 410.805 0.0712384
353.849 406.17 0.0660043
359.884 405.037 0.0732207
373.279 416.683 0.0883892
377.135 407.307 0.0998213
385.978 406.305 0.115472
394.004 409.773 0.158872
399.75 409.652 0.213716
396.502 396.502 0.299262
412.137 406.478 0.388068
426.847 408.656 0.482103
156.045 429.174 0.569438
184.587 415.413 0.478371
193.522 412.137 0.388068
213.541 412.466 0.295324
200.588 416.719 0.225427
222.21 412.942 0.183251
219.115 412.664 0.143619
233.516 410.022 0.105214
245.743 412.743 0.0944506
252.449 408.363 0.0812784
254.531 401.492 0.0711982
260.465 427.231 0.0676778
271.455 409.587 0.0759177
277.958 409.727 0.066624
284.843 410.263 0.0706258
293.026 410.567 0.0642698
300 414.123 0.0729095
306.974 410.567 0.0642698
315.157 410.263 0.0706258
322.042 409.727 0.066624
328.545 409.587 0.0759177
339.535 427.231 0.0676778
345.469 401.492 0.0711982
347.551 408.363 0.0812784
354.257 412.743 0.0944506
366.484 410.022 0.105214
380.885 412.664 0.143619
377.79 412.942 0.183251
399.412 416.719 0.225427
386.459 412.466 0.295324
406.478 412.137 0.388068
415.413 415.413 0.478371
443.955 429.174 0.569438
170.826 443.955 0.569438
191.344 426.847 0.482103
196.028 423.487 0.394339
213.613 420.36 0.30714
221.912 420.116 0.247627
225.043 425.946 0.191133
232.163 420.176 0.149481
240.863 416.43 0.126106
245.452 418.85 0.107299
253.577 424.51 0.0985264
256.246 419.087 0.0891564
262.354 417.256 0.0824183
278.692 421.3 0.0793789
290.853 415.496 0.0823274
285.558 422.792 0.0796184
300 421.416 0.0701614
314.442 422.792 0.0796184
309.147 415.496 0.0823274
321.308 421.3 0.0793789
337.646 417.256 0.0824183
343.754 419.087 0.0891564
346.423 424.51 0.0985264
354.548 418.85 0.107299
359.137 416.43 0.126106
367.837 420.176 0.149481
374.957 425.946 0.191133
378.088 420.116 0.247627
386.387 420.36 0.30714
403.972 423.487 0.394339
408.656 426.847 0.482103
429.174 443.955 0.569438
190.584 444.382 0.497452
203.841 431.206 0.41205
213.44 431.523 0.342976
224.001 431.814 0.27913
235.525 426.752 0.229084
246.06 425.54 0.181966
241.874 432.486 0.152134
255.561 431.463 0.133742
269.401 434.043 0.119922
268.413 419.907 0.110569
273.907 430.211 0.0993506
282.475 427.988 0.0975627
294.107 428.081 0.0964978
300 430.571 0.0946898
305.893 428.081 0.0964978
317.525 427.988 0.0975627
326.093 430.211 0.0993506
331.587 419.907 0.110569
330.599 434.043 0.119922
344.439 431.463 0.133742
358.126 432.486 0.152134
353.94 425.54 0.181966
364.475 426.752 0.229084
375.999 431.814 0.27913
386.56 431.523 0.342976
396.159 431.206 0.41205
409.416 444.382 0.497452
191.083 457.563 0.523281
215.646 439.789 0.454537
224.178 443.051 0.391041
239.131 442.514 0.329552
231.981 437.016 0.273917
243.737 438.537 0.234424
258.043 438.633 0.206605
263.45 439.255 0.184729
273.648 440.613 0.169508
281.94 436.047 0.159838
284.894 441.661 0.154615
293.497 433.978 0.155622
300 442.176 0.154249
306.503 433.978 0.155622
315.106 441.661 0.154615
318.06 436.047 0.159838
326.352 440.613 0.169508
336.55 439.255 0.184729
341.957 438.633 0.206605
356.263 438.537 0.234424
368.019 437.016 0.273917
360.869 442.514 0.329552
375.822 443.051 0.391041
384.354 439.789 0.454537
408.917 457.563 0.523281
205.213 462 0.574605
223.614 455.22 0.501239
230.058 447.363 0.439484
239.277 447.716 0.392133
248.372 450.546 0.34218
255.51 443.584 0.307731
262.345 445.517 0.280813
271.287 447.19 0.264813
279.147 449.87 0.252757
284.86 447.776 0.239377
293.347 440.764 0.239569
300 449.23 0.235307
306.653 440.764 0.239569
315.14 447.776 0.239377
320.853 449.87 0.252757
328.713 447.19 0.264813
337.655 445.517 0.280813
344.49 443.584 0.307731
351.628 450.546 0.34218
360.723 447.716 0.392133
369.942 447.363 0.439484
376.386 455.22 0.501239
394.787 462 0.574605
223.037 473.674 0.562062
240.48 470.134 0.508796
243.182 455.114 0.468642
253.002 454.086 0.431891
263.562 455.36 0.404059
271.264 459.186 0.38287
280.081 462.169 0.376819
284.465 457.162 0.368919
293.696 453.587 0.35859
300 459.931 0.351767
306.304 453.587 0.35859
315.535 457.162 0.368919
319.919 462.169 0.376819
328.736 459.186 0.38287
336.438 455.36 0.404059
346.998 454.086 0.431891
356.818 455.114 0.468642
359.52 470.134 0.508796
376.963 473.674 0.562062
245.444 482.833 0.562978
259.168 471.866 0.544767
267.146 483.321 0.515867
276.775 474.042 0.505385
286.411 484.827 0.492778
291.771 468.717 0.493786
300 485.285 0.495734
308.229 468.717 0.493786
313.589 484.827 0.492778
323.225 474.042 0.505385
332.854 483.321 0.515867
340.832 471.866 0.544767
354.556 482.833 0.562978
end.
