begin.
238.127 93.9983 0.562978
253.662 107.193 0.544767
262.493 93.2995 0.515867
273.59 105.013 0.505385
285.054 91.3878 0.492778
290.594 111.304 0.493786
300 90.8965 0.495734
309.406 111.304 0.493786
314.946 91.3878 0.492778
326.41 105.013 0.505385
337.507 93.2995 0.515867
346.338 107.193 0.544767
361.873 93.9983 0.562978
212.917 104.22 0.562062
233.514 108.469 0.508796
235.606 125.648 0.468642
247.437 125.21 0.431182
258.302 124.611 0.404059
267.189 120.082 0.38287
277.728 115.843 0.376819
281.977 122.725 0.368919
293.549 127.229 0.35859
300 118.703 0.351767
306.451 127.229 0.35859
318.023 122.725 0.368919
322.272 115.843 0.376819
332.811 120.082 0.38287
341.698 124.611 0.404059
352.563 125.21 0.431182
364.394 125.648 0.468642
366.486 108.469 0.508796
387.083 104.22 0.562062
193.155 117.458 0.574605
214.565 125.589 0.501239
220.598 132.859 0.439484
229.852 132.46 0.389685
242.425 130.03 0.34147
248.856 137.997 0.309503
255.945 134.253 0.280813
267.749 132.994 0.264813
276.534 129.568 0.252757
283.136 131.025 0.239377
292.611 141.408 0.239569
300 130.775 0.235307
307.389 141.408 0.239569
316.864 131.025 0.239377
323.466 129.568 0.252757
332.251 132.994 0.264813
344.055 134.253 0.280813
351.144 137.997 0.309503
357.575 130.03 0.34147
370.148 132.46 0.389685
379.402 132.859 0.439484
385.435 125.589 0.501239
406.845 117.458 0.574605
177.122 122.334 0.523281
205.182 141.864 0.454537
214.492 138.045 0.391041
232.649 138.484 0.33017
221.872 146.297 0.273917
236.813 141.639 0.237491
251.778 142.492 0.206224
259.188 142.187 0.182577
270.047 139.993 0.169508
280.853 146.074 0.159838
282.52 139.223 0.154615
293.671 148.367 0.155803
300 137.576 0.154249
306.329 148.367 0.155803
317.48 139.223 0.154615
319.147 146.074 0.159838
329.953 139.993 0.169508
340.812 142.187 0.182577
348.222 142.492 0.206224
363.187 141.639 0.237491
378.128 146.297 0.273917
367.351 138.484 0.33017
385.508 138.045 0.391041
394.818 141.864 0.454537
422.878 122.334 0.523281
176.966 137.345 0.497452
191.141 151.83 0.41205
202.473 151.798 0.342976
214.052 149.858 0.278965
226.508 156.79 0.229084
239.518 157.03 0.181966
233.074 149.773 0.152134
249.417 150.713 0.133742
266.49 146.839 0.120166
264.273 163.703 0.110569
269.944 152.804 0.0995944
278.453 153.241 0.0978461
294.255 155.021 0.0966794
300 150.633 0.0946898
305.745 155.021 0.0966794
321.547 153.241 0.0978461
330.056 152.804 0.0995944
335.727 163.703 0.110569
333.51 146.839 0.120166
350.583 150.713 0.133742
366.926 149.773 0.152134
360.482 157.03 0.181966
373.492 156.79 0.229084
385.948 149.858 0.278965
397.527 151.798 0.342976
408.859 151.83 0.41205
423.034 137.345 0.497452
154.579 137.58 0.569438
177.568 157.61 0.48258
182.304 161.004 0.394817
200.998 163.813 0.30714
211.629 162.934 0.248366
215.372 156.494 0.190967
223.453 162.934 0.149481
231.039 169.948 0.1233
239.812 165.262 0.104515
246.643 156.904 0.0985264
249.902 164.079 0.0913517
255.41 165.276 0.0846136
275.866 161.759 0.0793789
290.513 169.192 0.0813881
282.047 158.569 0.0799018
300 161.094 0.0701614
317.953 158.569 0.0799018
309.487 169.192 0.0813881
324.134 161.759 0.0793789
344.59 165.276 0.0846136
350.098 164.079 0.0913517
353.357 156.904 0.0985264
360.188 165.262 0.104515
368.961 169.948 0.1233
376.547 162.934 0.149481
384.628 156.494 0.190967
388.371 162.934 0.248366
399.002 163.813 0.30714
417.696 161.004 0.394817
422.432 157.61 0.48258
445.421 137.58 0.569438
137.58 154.579 0.569438
169.988 169.988 0.478371
180.134 174.032 0.389491
203.9 171.43 0.308944
186.947 168.324 0.225427
213.257 171.909 0.172106
205.826 172.774 0.145486
223.765 174.03 0.105214
240.037 171.709 0.0944724
246.675 178.64 0.0812784
249.681 183.999 0.0711982
254.565 154.307 0.0676778
267.479 172.935 0.0721188
275.126 174.933 0.066624
281.872 173.064 0.0706258
293.831 175.363 0.0633305
300 168.09 0.0729095
306.169 175.363 0.0633305
318.128 173.064 0.0706258
324.874 174.933 0.066624
332.521 172.935 0.0721188
345.435 154.307 0.0676778
350.319 183.999 0.0711982
353.325 178.64 0.0812784
359.963 171.709 0.0944724
376.235 174.03 0.105214
394.174 172.774 0.145486
386.743 171.909 0.172106
413.053 168.324 0.225427
396.1 171.43 0.308944
419.866 174.032 0.389491
430.012 169.988 0.478371
462.42 154.579 0.569438
157.61 177.568 0.48258
174.032 180.134 0.389491
192.392 192.392 0.305202
185.585 175.322 0.214508
192.695 175.695 0.158241
201.947 178.729 0.115472
211.515 178.001 0.0991967
216.18 167 0.0903624
230.873 180.102 0.0732207
238.121 177.592 0.0660043
253.1 174.259 0.0712384
251.963 191.832 0.0674328
259.758 176.967 0.064099
268.339 180.553 0.0708173
291.958 181.207 0.0624278
297.332 188.629 0.0664653
300 179.816 0.0643259
302.668 188.629 0.0664653
308.042 181.207 0.0624278
331.661 180.553 0.0708173
340.242 176.967 0.064099
348.037 191.832 0.0674328
346.9 174.259 0.0712384
361.879 177.592 0.0660043
369.127 180.102 0.0732207
383.82 167 0.0903624
388.485 178.001 0.0991967
398.053 178.729 0.115472
407.305 175.695 0.158241
414.415 175.322 0.214508
407.608 192.392 0.305202
425.968 180.134 0.389491
442.39 177.568 0.48258
137.345 176.966 0.497452
161.004 182.304 0.394817
171.43 203.9 0.308944
175.322 185.585 0.214508
183.271 183.271 0.154022
197.087 185.282 0.113253
205.331 192.778 0.0897535
212.532 187.61 0.0807031
217.068 182.073 0.073777
232.469 194.347 0.0738866
239.768 184.942 0.0658129
253.467 200.288 0.0617406
267.403 194.16 0.0598704
273.454 190.745 0.0630301
274.66 184.817 0.064008
287.193 201.503 0.0636367
286.899 195.131 0.0635937
300 199.205 0.0578232
313.101 195.131 0.0635937
312.807 201.503 0.0636367
325.34 184.817 0.064008
326.546 190.745 0.0630301
332.597 194.16 0.0598704
346.533 200.288 0.0617406
360.232 184.942 0.0658129
367.531 194.347 0.0738866
382.932 182.073 0.073777
387.468 187.61 0.0807031
394.669 192.778 0.0897535
402.913 185.282 0.113253
416.729 183.271 0.154022
424.678 185.585 0.214508
428.57 203.9 0.308944
438.996 182.304 0.394817
462.655 176.966 0.497452
122.334 177.122 0.523281
151.83 191.141 0.41205
163.813 200.998 0.30714
168.324 186.947 0.225427
175.695 192.695 0.158241
185.282 197.087 0.113253
195.577 195.577 0.0964144
211.431 198.624 0.0786727
227.174 191.602 0.07095
226.15 198.155 0.069299
227.874 210.712 0.0627591
240.37 196.096 0.0666863
247.08 195.517 0.0584375
256.38 205.633 0.0570522
263.925 204.475 0.0637667
280.699 195.255 0.0676605
279.333 201.494 0.0603257
294.162 202.722 0.0611786
300 210.982 0.0822532
305.838 202.722 0.0611786
320.667 201.494 0.0603257
319.301 195.255 0.0676605
336.075 204.475 0.0637667
343.62 205.633 0.0570522
352.92 195.517 0.0584375
359.63 196.096 0.0666863
372.126 210.712 0.0627591
373.85 198.155 0.069299
372.826 191.602 0.07095
388.569 198.624 0.0786727
404.423 195.577 0.0964144
414.718 197.087 0.113253
424.305 192.695 0.158241
431.676 186.947 0.225427
436.187 200.998 0.30714
448.17 191.141 0.41205
477.666 177.122 0.523281
117.458 193.155 0.574605
141.864 205.182 0.454537
151.798 202.473 0.342976
162.934 211.629 0.248366
171.909 213.257 0.172106
178.729 201.947 0.115472
192.778 205.331 0.0897535
198.624 211.431 0.0786727
205.074 205.074 0.0647989
215.112 203.383 0.0642748
222.281 204.461 0.0615778
235.358 217.317 0.0664938
236.144 201.157 0.0592476
243.19 200.265 0.0681539
261.92 211.182 0.0574373
273.563 207.275 0.0644058
271.244 215.524 0.0587813
283.546 216.335 0.0586579
282.189 208.987 0.064735
300 210.101 0.0824958
317.811 208.987 0.064735
316.454 216.335 0.0586579
328.756 215.524 0.0587813
326.437 207.275 0.0644058
338.08 211.182 0.0574373
356.81 200.265 0.0681539
363.856 201.157 0.0592476
364.642 217.317 0.0664938
377.719 204.461 0.0615778
384.888 203.383 0.0642748
394.926 205.074 0.0647989
401.376 211.431 0.0786727
407.222 205.331 0.0897535
421.271 201.947 0.115472
428.091 213.257 0.172106
437.066 211.629 0.248366
448.202 202.473 0.342976
458.136 205.182 0.454537
482.542 193.155 0.574605
125.589 214.565 0.501239
138.045 214.492 0.391041
149.858 214.052 0.278965
156.494 215.372 0.190967
172.774 205.826 0.145486
178.001 211.515 0.0991967
187.61 212.532 0.0807031
191.602 227.174 0.07095
203.383 215.112 0.0642748
211.752 211.752 0.0607581
226.542 217.111 0.0595051
244.552 214.459 0.0583576
250.844 217.736 0.0677683
260.198 219.628 0.0618709
251.559 210.536 0.0550245
264.966 216.68 0.064942
271.897 228.754 0.0651393
296.228 219.16 0.0665836
290.694 207.477 0.060964
300 224.233 0.0713629
309.306 207.477 0.060964
303.772 219.16 0.0665836
328.103 228.754 0.0651393
335.034 216.68 0.064942
348.441 210.536 0.0550245
339.802 219.628 0.0618709
349.156 217.736 0.0677683
355.448 214.459 0.0583576
373.458 217.111 0.0595051
388.248 211.752 0.0607581
396.617 215.112 0.0642748
408.398 227.174 0.07095
412.39 212.532 0.0807031
421.999 211.515 0.0991967
427.226 205.826 0.145486
443.506 215.372 0.190967
450.142 214.052 0.278965
461.955 214.492 0.391041
474.411 214.565 0.501239
104.22 212.917 0.562062
132.859 220.598 0.439484
138.484 232.649 0.33017
156.79 226.508 0.229084
162.934 223.453 0.149481
174.03 223.765 0.105214
167 216.18 0.0903624
182.073 217.068 0.073777
198.155 226.15 0.069299
204.461 222.281 0.0615778
217.111 226.542 0.0595051
223.084 223.084 0.0666652
231.138 222.647 0.0696055
239.284 228.225 0.0613457
253.845 226.279 0.063801
256.121 233.327 0.0564468
265.988 224.057 0.0641997
271.986 221.547 0.0609391
285.928 225.21 0.0575129
288.606 236.132 0.056239
300 221.098 0.0834854
311.394 236.132 0.056239
314.072 225.21 0.0575129
328.014 221.547 0.0609391
334.012 224.057 0.0641997
343.879 233.327 0.0564468
346.155 226.279 0.063801
360.716 228.225 0.0613457
368.862 222.647 0.0696055
376.916 223.084 0.0666652
382.889 226.542 0.0595051
395.539 222.281 0.0615778
401.845 226.15 0.069299
417.927 217.068 0.073777
433 216.18 0.0903624
425.97 223.765 0.105214
437.066 223.453 0.149481
443.21 226.508 0.229084
461.516 232.649 0.33017
467.141 220.598 0.439484
495.78 212.917 0.562062
108.469 233.514 0.508796
132.46 229.852 0.389685
146.297 221.872 0.273917
157.03 239.518 0.181966
169.948 231.039 0.1233
171.709 240.037 0.0944724
180.102 230.873 0.0732207
194.347 232.469 0.0738866
210.712 227.874 0.0627591
217.317 235.358 0.0664938
214.459 244.552 0.0583576
222.647 231.138 0.0696055
231.587 231.587 0.0670875
238.313 234.165 0.0646904
246.362 236.671 0.058318
252.306 241.952 0.0569427
265.941 230.355 0.0643555
274.171 243.29 0.0580194
282.687 233.507 0.0611163
294.382 230.045 0.0591307
300 240.581 0.0610077
305.618 230.045 0.0591307
317.313 233.507 0.0611163
325.829 243.29 0.0580194
334.059 230.355 0.0643555
347.694 241.952 0.0569427
353.638 236.671 0.058318
361.687 234.165 0.0646904
368.413 231.587 0.0670875
377.353 231.138 0.0696055
385.541 244.552 0.0583576
382.683 235.358 0.0664938
389.288 227.874 0.0627591
405.653 232.469 0.0738866
419.898 230.873 0.0732207
428.291 240.037 0.0944724
430.052 231.039 0.1233
442.97 239.518 0.181966
453.703 221.872 0.273917
467.54 229.852 0.389685
491.531 233.514 0.508796
125.648 235.606 0.468642
130.03 242.425 0.34147
141.639 236.813 0.237491
149.773 233.074 0.152134
165.262 239.812 0.104515
178.64 246.675 0.0812784
177.592 238.121 0.0660043
184.942 239.768 0.0658129
196.096 240.37 0.0666863
201.157 236.144 0.0592476
217.736 250.844 0.0677683
228.225 239.284 0.0613457
234.165 238.313 0.0646904
241.346 241.346 0.0609522
260.023 251.299 0.0623028
261.11 239.232 0.0592975
276.265 252.765 0.0541502
273.534 234.795 0.0610488
286.416 245.728 0.0612939
294.993 244.441 0.0597427
300 250.647 0.0717099
305.007 244.441 0.0597427
313.584 245.728 0.0612939
326.466 234.795 0.0610488
323.735 252.765 0.0541502
338.89 239.232 0.0592975
339.977 251.299 0.0623028
358.654 241.346 0.0609522
365.835 238.313 0.0646904
371.775 239.284 0.0613457
382.264 250.844 0.0677683
398.843 236.144 0.0592476
403.904 240.37 0.0666863
415.058 239.768 0.0658129
422.408 238.121 0.0660043
421.36 246.675 0.0812784
434.738 239.812 0.104515
450.227 233.074 0.152134
458.361 236.813 0.237491
469.97 242.425 0.34147
474.352 235.606 0.468642
93.9983 238.127 0.562978
125.21 247.437 0.431182
137.997 248.856 0.309503
142.492 251.778 0.206224
150.713 249.417 0.133742
156.904 246.643 0.0985264
183.999 249.681 0.0711982
174.259 253.1 0.0712384
200.288 253.467 0.0617406
195.517 247.08 0.0584375
200.265 243.19 0.0681539
219.628 260.198 0.0618709
226.279 253.845 0.063801
236.671 246.362 0.058318
251.299 260.023 0.0623028
245.665 245.665 0.0566159
267.958 249.901 0.052977
267.581 243.732 0.0618558
283.867 239.468 0.0605256
282.883 249.68 0.059967
290.122 250.618 0.0576062
300 253.659 0.0698863
309.878 250.618 0.0576062
317.117 249.68 0.059967
316.133 239.468 0.0605256
332.419 243.732 0.0618558
332.042 249.901 0.052977
354.335 245.665 0.0566159
348.701 260.023 0.0623028
363.329 246.362 0.058318
373.721 253.845 0.063801
380.372 260.198 0.0618709
399.735 243.19 0.0681539
404.483 247.08 0.0584375
399.712 253.467 0.0617406
425.741 253.1 0.0712384
416.001 249.681 0.0711982
443.096 246.643 0.0985264
449.287 249.417 0.133742
457.508 251.778 0.206224
462.003 248.856 0.309503
474.79 247.437 0.431182
506.002 238.127 0.562978
107.193 253.662 0.544767
124.611 258.302 0.404059
134.253 255.945 0.280813
142.187 259.188 0.182577
146.839 266.49 0.120166
164.079 249.902 0.0913517
154.307 254.565 0.0676778
191.832 251.963 0.0674328
194.16 267.403 0.0598704
205.633 256.38 0.0570522
211.182 261.92 0.0574373
210.536 251.559 0.0550245
233.327 256.121 0.0564468
241.952 252.306 0.0569427
239.232 261.11 0.0592975
249.901 267.958 0.052977
255.437 255.437 0.0571585
270.037 263.012 0.059766
274.26 258.686 0.0612535
281.246 259.797 0.0612707
292.97 261.38 0.0616626
300 270.476 0.0555931
307.03 261.38 0.0616626
318.754 259.797 0.0612707
325.74 258.686 0.0612535
329.963 263.012 0.059766
344.563 255.437 0.0571585
350.099 267.958 0.052977
360.768 261.11 0.0592975
358.048 252.306 0.0569427
366.673 256.121 0.0564468
389.464 251.559 0.0550245
388.818 261.92 0.0574373
394.367 256.38 0.0570522
405.84 267.403 0.0598704
408.168 251.963 0.0674328
445.693 254.565 0.0676778
435.921 249.902 0.0913517
453.161 266.49 0.120166
457.813 259.188 0.182577
465.747 255.945 0.280813
475.389 258.302 0.404059
492.807 253.662 0.544767
93.2995 262.493 0.515867
120.082 267.189 0.38287
132.994 267.749 0.264813
139.993 270.047 0.169508
163.703 264.273 0.110569
165.276 255.41 0.0846136
172.935 267.479 0.0721188
176.967 259.758 0.064099
190.745 273.454 0.0630301
204.475 263.925 0.0637667
207.275 273.563 0.0644058
216.68 264.966 0.064942
224.057 265.988 0.0641997
230.355 265.941 0.0643555
252.765 276.265 0.0541502
243.732 267.581 0.0618558
263.012 270.037 0.059766
269.226 269.226 0.0624228
285.22 265.861 0.0627573
288.094 271.086 0.0554773
284.411 280.741 0.0686521
300 262.882 0.0642047
315.589 280.741 0.0686521
311.906 271.086 0.0554773
314.78 265.861 0.0627573
330.774 269.226 0.0624228
336.988 270.037 0.059766
356.268 267.581 0.0618558
347.235 276.265 0.0541502
369.645 265.941 0.0643555
375.943 265.988 0.0641997
383.32 264.966 0.064942
392.725 273.563 0.0644058
395.525 263.925 0.0637667
409.255 273.454 0.0630301
423.033 259.758 0.064099
427.065 267.479 0.0721188
434.724 255.41 0.0846136
436.297 264.273 0.110569
460.007 270.047 0.169508
467.006 267.749 0.264813
479.918 267.189 0.38287
506.701 262.493 0.515867
105.013 273.59 0.505385
115.843 277.728 0.376819
129.568 276.534 0.252757
146.074 280.853 0.159838
152.804 269.944 0.0995944
161.759 275.866 0.0793789
174.933 275.126 0.066624
180.553 268.339 0.0708173
184.817 274.66 0.064008
195.255 280.699 0.0676605
215.524 271.244 0.0587813
228.754 271.897 0.0651393
221.547 271.986 0.0609391
243.29 274.171 0.0580194
234.795 273.534 0.0610488
239.468 283.867 0.0605256
258.686 274.26 0.0612535
265.861 285.22 0.0627573
277.822 277.822 0.0627863
277.573 265.787 0.0601885
293.371 267.329 0.0672713
300 278.069 0.0640234
306.629 267.329 0.0672713
322.427 265.787 0.0601885
322.178 277.822 0.0627863
334.139 285.22 0.0627573
341.314 274.26 0.0612535
360.532 283.867 0.0605256
365.205 273.534 0.0610488
356.71 274.171 0.0580194
378.453 271.986 0.0609391
371.246 271.897 0.0651393
384.476 271.244 0.0587813
404.745 280.699 0.0676605
415.183 274.66 0.064008
419.447 268.339 0.0708173
425.067 275.126 0.066624
438.241 275.866 0.0793789
447.196 269.944 0.0995944
453.926 280.853 0.159838
470.432 276.534 0.252757
484.157 277.728 0.376819
494.987 273.59 0.505385
91.3878 285.054 0.492778
122.725 281.977 0.368919
131.025 283.136 0.239377
139.223 282.52 0.154615
153.241 278.453 0.0978461
169.192 290.513 0.0813881
173.064 281.872 0.0706258
181.207 291.958 0.0624278
201.503 287.193 0.0636367
201.494 279.333 0.0603257
216.335 283.546 0.0586579
219.16 296.228 0.0665836
225.21 285.928 0.0575129
233.507 282.687 0.0611163
245.728 286.416 0.0612939
249.68 282.883 0.059967
259.797 281.246 0.0612707
271.086 288.094 0.0554773
265.787 277.573 0.0601885
290.323 290.323 0.0702034
291.239 278.582 0.0758216
300 290.406 0.0783036
308.761 278.582 0.0758216
309.677 290.323 0.0702034
334.213 277.573 0.0601885
328.914 288.094 0.0554773
340.203 281.246 0.0612707
350.32 282.883 0.059967
354.272 286.416 0.0612939
366.493 282.687 0.0611163
374.79 285.928 0.0575129
380.84 296.228 0.0665836
383.665 283.546 0.0586579
398.506 279.333 0.0603257
398.497 287.193 0.0636367
418.793 291.958 0.0624278
426.936 281.872 0.0706258
430.808 290.513 0.0813881
446.759 278.453 0.0978461
460.777 282.52 0.154615
468.975 283.136 0.239377
477.275 281.977 0.368919
508.612 285.054 0.492778
111.304 290.594 0.493786
127.229 293.549 0.35859
141.408 292.611 0.239569
148.367 293.671 0.155803
155.021 294.255 0.0966794
158.569 282.047 0.0799018
175.363 293.831 0.0633305
188.629 297.332 0.0664653
195.131 286.899 0.0635937
202.722 294.162 0.0611786
208.987 282.189 0.064735
207.477 290.694 0.060964
236.132 288.606 0.056239
230.045 294.382 0.0591307
244.441 294.993 0.0597427
250.618 290.122 0.0576062
261.38 292.97 0.0616626
280.741 284.411 0.0686521
267.329 293.371 0.0672713
278.582 291.239 0.0758216
294.589 294.589 0.0730302
300 313.159 0.083701
305.411 294.589 0.0730302
321.418 291.239 0.0758216
332.671 293.371 0.0672713
319.259 284.411 0.0686521
338.62 292.97 0.0616626
349.382 290.122 0.0576062
355.559 294.993 0.0597427
369.955 294.382 0.0591307
363.868 288.606 0.056239
392.523 290.694 0.060964
391.013 282.189 0.064735
397.278 294.162 0.0611786
404.869 286.899 0.0635937
411.371 297.332 0.0664653
424.637 293.831 0.0633305
441.431 282.047 0.0799018
444.979 294.255 0.0966794
451.633 293.671 0.155803
458.592 292.611 0.239569
472.771 293.549 0.35859
488.696 290.594 0.493786
90.8965 300 0.495734
118.703 300 0.351767
130.775 300 0.235307
137.576 300 0.154249
150.633 300 0.0946898
161.094 300 0.0701614
168.09 300 0.0729095
179.816 300 0.0643259
199.205 300 0.0578232
210.982 300 0.0822532
210.101 300 0.0824958
224.233 300 0.0713629
221.098 300 0.0834854
240.581 300 0.0610077
250.647 300 0.0717099
253.659 300 0.0698863
270.476 300 0.0555932
262.882 300 0.0642047
278.069 300 0.0640234
290.406 300 0.0783036
313.159 300 0.083701
300 300 0.0578804
286.841 300 0.083701
309.594 300 0.0783036
321.931 300 0.0640234
337.118 300 0.0642047
329.524 300 0.0555931
346.341 300 0.0698863
349.353 300 0.0717099
359.419 300 0.0610077
378.902 300 0.0834854
375.767 300 0.0713629
389.899 300 0.0824958
389.018 300 0.0822532
400.795 300 0.0578232
420.184 300 0.0643259
431.91 300 0.0729095
438.906 300 0.0701614
449.367 300 0.0946898
462.424 300 0.154249
469.225 300 0.235307
481.297 300 0.351767
509.103 300 0.495734
111.304 309.406 0.493786
127.229 306.451 0.35859
141.408 307.389 0.239569
148.367 306.329 0.155803
155.021 305.745 0.0966794
158.569 317.953 0.0799018
175.363 306.169 0.0633305
188.629 302.668 0.0664653
195.131 313.101 0.0635937
202.722 305.838 0.0611786
208.987 317.811 0.064735
207.477 309.306 0.060964
236.132 311.394 0.056239
230.045 305.618 0.0591307
244.441 305.007 0.0597427
250.618 309.878 0.0576062
261.38 307.03 0.0616626
280.741 315.589 0.0686521
267.329 306.629 0.0672713
278.582 308.761 0.0758216
294.589 305.411 0.0730302
300 286.841 0.083701
305.411 305.411 0.0730302
321.418 308.761 0.0758216
332.671 306.629 0.0672713
319.259 315.589 0.0686521
338.62 307.03 0.0616626
349.382 309.878 0.0576062
355.559 305.007 0.0597427
369.955 305.618 0.0591307
363.868 311.394 0.056239
392.523 309.306 0.060964
391.013 317.811 0.064735
397.278 305.838 0.0611786
404.869 313.101 0.0635937
411.371 302.668 0.0664653
424.637 306.169 0.0633305
441.431 317.953 0.0799018
444.979 305.745 0.0966794
451.633 306.329 0.155803
458.592 307.389 0.239569
472.771 306.451 0.35859
488.696 309.406 0.493786
91.3878 314.946 0.492778
122.725 318.023 0.368919
131.025 316.864 0.239377
139.223 317.48 0.154615
153.241 321.547 0.0978461
169.192 309.487 0.0813881
173.064 318.128 0.0706258
181.207 308.042 0.0624278
201.503 312.807 0.0636367
201.494 320.667 0.0603257
216.335 316.454 0.0586579
219.16 303.772 0.0665836
225.21 314.072 0.0575129
233.507 317.313 0.0611163
245.728 313.584 0.0612939
249.68 317.117 0.059967
259.797 318.754 0.0612707
271.086 311.906 0.0554773
265.787 322.427 0.0601885
290.323 309.677 0.0702034
291.239 321.418 0.0758216
300 309.594 0.0783036
308.761 321.418 0.0758216
309.677 309.677 0.0702034
334.213 322.427 0.0601885
328.914 311.906 0.0554773
340.203 318.754 0.0612707
350.32 317.117 0.059967
354.272 313.584 0.0612939
366.493 317.313 0.0611163
374.79 314.072 0.0575129
380.84 303.772 0.0665836
383.665 316.454 0.0586579
398.506 320.667 0.0603257
398.497 312.807 0.0636367
418.793 308.042 0.0624278
426.936 318.128 0.0706258
430.808 309.487 0.0813881
446.759 321.547 0.0978461
460.777 317.48 0.154615
468.975 316.864 0.239377
477.275 318.023 0.368919
508.612 314.946 0.492778
105.013 326.41 0.505385
115.843 322.272 0.376819
129.568 323.466 0.252757
146.074 319.147 0.159838
152.804 330.056 0.0995944
161.759 324.134 0.0793789
174.933 324.874 0.066624
180.553 331.661 0.0708173
184.817 325.34 0.064008
195.255 319.301 0.0676605
215.524 328.756 0.0587813
228.754 328.103 0.0651393
221.547 328.014 0.0609391
243.29 325.829 0.0580194
234.795 326.466 0.0610488
239.468 316.133 0.0605256
258.686 325.74 0.0612535
265.861 314.78 0.0627573
277.822 322.178 0.0627863
277.573 334.213 0.0601885
293.371 332.671 0.0672713
300 321.931 0.0640234
306.629 332.671 0.0672713
322.427 334.213 0.0601885
322.178 322.178 0.0627863
334.139 314.78 0.0627573
341.314 325.74 0.0612535
360.532 316.133 0.0605256
365.205 326.466 0.0610488
356.71 325.829 0.0580194
378.453 328.014 0.0609391
371.246 328.103 0.0651393
384.476 328.756 0.0587813
404.745 319.301 0.0676605
415.183 325.34 0.064008
419.447 331.661 0.0708173
425.067 324.874 0.066624
438.241 324.134 0.0793789
447.196 330.056 0.0995944
453.926 319.147 0.159838
470.432 323.466 0.252757
484.157 322.272 0.376819
494.987 326.41 0.505385
93.2995 337.507 0.515867
120.082 332.811 0.38287
132.994 332.251 0.264813
139.993 329.953 0.169508
163.703 335.727 0.110569
165.276 344.59 0.0846136
172.935 332.521 0.0721188
176.967 340.242 0.064099
190.745 326.546 0.0630301
204.475 336.075 0.0637667
207.275 326.437 0.0644058
216.68 335.034 0.064942
224.057 334.012 0.0641997
230.355 334.059 0.0643555
252.765 323.735 0.0541502
243.732 332.419 0.0618558
263.012 329.963 0.059766
269.226 330.774 0.0624228
285.22 334.139 0.0627573
288.094 328.914 0.0554773
284.411 319.259 0.0686521
300 337.118 0.0642047
315.589 319.259 0.0686521
311.906 328.914 0.0554773
314.78 334.139 0.0627573
330.774 330.774 0.0624228
336.988 329.963 0.059766
356.268 332.419 0.0618558
347.235 323.735 0.0541502
369.645 334.059 0.0643555
375.943 334.012 0.0641997
383.32 335.034 0.064942
392.725 326.437 0.0644058
395.525 336.075 0.0637667
409.255 326.546 0.0630301
423.033 340.242 0.064099
427.065 332.521 0.0721188
434.724 344.59 0.0846136
436.297 335.727 0.110569
460.007 329.953 0.169508
467.006 332.251 0.264813
479.918 332.811 0.38287
506.701 337.507 0.515867
107.193 346.338 0.544767
124.611 341.698 0.404059
134.253 344.055 0.280813
142.187 340.812 0.182577
146.839 333.51 0.120166
164.079 350.098 0.0913517
154.307 345.435 0.0676778
191.832 348.037 0.0674328
194.16 332.597 0.0598704
205.633 343.62 0.0570522
211.182 338.08 0.0574373
210.536 348.441 0.0550245
233.327 343.879 0.0564468
241.952 347.694 0.0569427
239.232 338.89 0.0592975
249.901 332.042 0.052977
255.437 344.563 0.0571585
270.037 336.988 0.059766
274.26 341.314 0.0612535
281.246 340.203 0.0612707
292.97 338.62 0.0616626
300 329.524 0.0555931
307.03 338.62 0.0616626
318.754 340.203 0.0612707
325.74 341.314 0.0612535
329.963 336.988 0.059766
344.563 344.563 0.0571585
350.099 332.042 0.052977
360.768 338.89 0.0592975
358.048 347.694 0.0569427
366.673 343.879 0.0564468
389.464 348.441 0.0550245
388.818 338.08 0.0574373
394.367 343.62 0.0570522
405.84 332.597 0.0598704
408.168 348.037 0.0674328
445.693 345.435 0.0676778
435.921 350.098 0.0913517
453.161 333.51 0.120166
457.813 340.812 0.182577
465.747 344.055 0.280813
475.389 341.698 0.404059
492.807 346.338 0.544767
93.9983 361.873 0.562978
125.21 352.563 0.431182
137.997 351.144 0.309503
142.492 348.222 0.206224
150.713 350.583 0.133742
156.904 353.357 0.0985264
183.999 350.319 0.0711982
174.259 346.9 0.0712384
200.288 346.533 0.0617406
195.517 352.92 0.0584375
200.265 356.81 0.0681539
219.628 339.802 0.0618709
226.279 346.155 0.063801
236.671 353.638 0.058318
251.299 339.977 0.0623028
245.665 354.335 0.0566159
267.958 350.099 0.052977
267.581 356.268 0.0618558
283.867 360.532 0.0605256
282.883 350.32 0.059967
290.122 349.382 0.0576062
300 346.341 0.0698863
309.878 349.382 0.0576062
317.117 350.32 0.059967
316.133 360.532 0.0605256
332.419 356.268 0.0618558
332.042 350.099 0.052977
354.335 354.335 0.0566159
348.701 339.977 0.0623028
363.329 353.638 0.058318
373.721 346.155 0.063801
380.372 339.802 0.0618709
399.735 356.81 0.0681539
404.483 352.92 0.0584375
399.712 346.533 0.0617406
425.741 346.9 0.0712384
416.001 350.319 0.0711982
443.096 353.357 0.0985264
449.287 350.583 0.133742
457.508 348.222 0.206224
462.003 351.144 0.309503
474.79 352.563 0.431182
506.002 361.873 0.562978
125.648 364.394 0.468642
130.03 357.575 0.34147
141.639 363.187 0.237491
149.773 366.926 0.152134
165.262 360.188 0.104515
178.64 353.325 0.0812784
177.592 361.879 0.0660043
184.942 360.232 0.0658129
196.096 359.63 0.0666863
201.157 363.856 0.0592476
217.736 349.156 0.0677683
228.225 360.716 0.0613457
234.165 361.687 0.0646904
241.346 358.654 0.0609522
260.023 348.701 0.0623028
261.11 360.768 0.0592975
276.265 347.235 0.0541502
273.534 365.205 0.0610488
286.416 354.272 0.0612939
294.993 355.559 0.0597427
300 349.353 0.0717099
305.007 355.559 0.0597427
313.584 354.272 0.0612939
326.466 365.205 0.0610488
323.735 347.235 0.0541502
338.89 360.768 0.0592975
339.977 348.701 0.0623028
358.654 358.654 0.0609522
365.835 361.687 0.0646904
371.775 360.716 0.0613457
382.264 349.156 0.0677683
398.843 363.856 0.0592476
403.904 359.63 0.0666863
415.058 360.232 0.0658129
422.408 361.879 0.0660043
421.36 353.325 0.0812784
434.738 360.188 0.104515
450.227 366.926 0.152134
458.361 363.187 0.237491
469.97 357.575 0.34147
474.352 364.394 0.468642
108.469 366.486 0.508796
132.46 370.148 0.389685
146.297 378.128 0.273917
157.03 360.482 0.181966
169.948 368.961 0.1233
171.709 359.963 0.0944724
180.102 369.127 0.0732207
194.347 367.531 0.0738866
210.712 372.126 0.0627591
217.317 364.642 0.0664938
214.459 355.448 0.0583576
222.647 368.862 0.0696055
231.587 368.413 0.0670875
238.313 365.835 0.0646904
246.362 363.329 0.058318
252.306 358.048 0.0569427
265.941 369.645 0.0643555
274.171 356.71 0.0580194
282.687 366.493 0.0611163
294.382 369.955 0.0591307
300 359.419 0.0610077
305.618 369.955 0.0591307
317.313 366.493 0.0611163
325.829 356.71 0.0580194
334.059 369.645 0.0643555
347.694 358.048 0.0569427
353.638 363.329 0.058318
361.687 365.835 0.0646904
368.413 368.413 0.0670875
377.353 368.862 0.0696055
385.541 355.448 0.0583576
382.683 364.642 0.0664938
389.288 372.126 0.0627591
405.653 367.531 0.0738866
419.898 369.127 0.0732207
428.291 359.963 0.0944724
430.052 368.961 0.1233
442.97 360.482 0.181966
453.703 378.128 0.273917
467.54 370.148 0.389685
491.531 366.486 0.508796
104.22 387.083 0.562062
132.859 379.402 0.439484
138.484 367.351 0.33017
156.79 373.492 0.229084
162.934 376.547 0.149481
174.03 376.235 0.105214
167 383.82 0.0903624
182.073 382.932 0.073777
198.155 373.85 0.069299
204.461 377.719 0.0615778
217.111 373.458 0.0595051
223.084 376.916 0.0666652
231.138 377.353 0.0696055
239.284 371.775 0.0613457
253.845 373.721 0.063801
256.121 366.673 0.0564468
265.988 375.943 0.0641997
271.986 378.453 0.0609391
285.928 374.79 0.0575129
288.606 363.868 0.056239
300 378.902 0.0834854
311.394 363.868 0.056239
314.072 374.79 0.0575129
328.014 378.453 0.0609391
334.012 375.943 0.0641997
343.879 366.673 0.0564468
346.155 373.721 0.063801
360.716 371.775 0.0613457
368.862 377.353 0.0696055
376.916 376.916 0.0666652
382.889 373.458 0.0595051
395.539 377.719 0.0615778
401.845 373.85 0.069299
417.927 382.932 0.073777
433 383.82 0.0903624
425.97 376.235 0.105214
437.066 376.547 0.149481
443.21 373.492 0.229084
461.516 367.351 0.33017
467.141 379.402 0.439484
495.78 387.083 0.562062
125.589 385.435 0.501239
138.045 385.508 0.391041
149.858 385.948 0.278965
156.494 384.628 0.190967
172.774 394.174 0.145486
178.001 388.485 0.0991967
187.61 387.468 0.0807031
191.602 372.826 0.07095
203.383 384.888 0.0642748
211.752 388.248 0.0607581
226.542 382.889 0.0595051
244.552 385.541 0.0583576
250.844 382.264 0.0677683
260.198 380.372 0.0618709
251.559 389.464 0.0550245
264.966 383.32 0.064942
271.897 371.246 0.0651393
296.228 380.84 0.0665836
290.694 392.523 0.060964
300 375.767 0.0713629
309.306 392.523 0.060964
303.772 380.84 0.0665836
328.103 371.246 0.0651393
335.034 383.32 0.064942
348.441 389.464 0.0550245
339.802 380.372 0.0618709
349.156 382.264 0.0677683
355.448 385.541 0.0583576
373.458 382.889 0.0595051
388.248 388.248 0.0607581
396.617 384.888 0.0642748
408.398 372.826 0.07095
412.39 387.468 0.0807031
421.999 388.485 0.0991967
427.226 394.174 0.145486
443.506 384.628 0.190967
450.142 385.948 0.278965
461.955 385.508 0.391041
474.411 385.435 0.501239
117.458 406.845 0.574605
141.864 394.818 0.454537
151.798 397.527 0.342976
162.934 388.371 0.248366
171.909 386.743 0.172106
178.729 398.053 0.115472
192.778 394.669 0.0897535
198.624 388.569 0.0786727
205.074 394.926 0.0647989
215.112 396.617 0.0642748
222.281 395.539 0.0615778
235.358 382.683 0.0664938
236.144 398.843 0.0592476
243.19 399.735 0.0681539
261.92 388.818 0.0574373
273.563 392.725 0.0644058
271.244 384.476 0.0587813
283.546 383.665 0.0586579
282.189 391.013 0.064735
300 389.899 0.0824958
317.811 391.013 0.064735
316.454 383.665 0.0586579
328.756 384.476 0.0587813
326.437 392.725 0.0644058
338.08 388.818 0.0574373
356.81 399.735 0.0681539
363.856 398.843 0.0592476
364.642 382.683 0.0664938
377.719 395.539 0.0615778
384.888 396.617 0.0642748
394.926 394.926 0.0647989
401.376 388.569 0.0786727
407.222 394.669 0.0897535
421.271 398.053 0.115472
428.091 386.743 0.172106
437.066 388.371 0.248366
448.202 397.527 0.342976
458.136 394.818 0.454537
482.542 406.845 0.574605
122.334 422.878 0.523281
151.83 408.859 0.41205
163.813 399.002 0.30714
168.324 413.053 0.225427
175.695 407.305 0.158241
185.282 402.913 0.113253
195.577 404.423 0.0964144
211.431 401.376 0.0786727
227.174 408.398 0.07095
226.15 401.845 0.069299
227.874 389.288 0.0627591
240.37 403.904 0.0666863
247.08 404.483 0.0584375
256.38 394.367 0.0570522
263.925 395.525 0.0637667
280.699 404.745 0.0676605
279.333 398.506 0.0603257
294.162 397.278 0.0611786
300 389.018 0.0822532
305.838 397.278 0.0611786
320.667 398.506 0.0603257
319.301 404.745 0.0676605
336.075 395.525 0.0637667
343.62 394.367 0.0570522
352.92 404.483 0.0584375
359.63 403.904 0.0666863
372.126 389.288 0.0627591
373.85 401.845 0.069299
372.826 408.398 0.07095
388.569 401.376 0.0786727
404.423 404.423 0.0964144
414.718 402.913 0.113253
424.305 407.305 0.158241
431.676 413.053 0.225427
436.187 399.002 0.30714
448.17 408.859 0.41205
477.666 422.878 0.523281
137.345 423.034 0.497452
161.004 417.696 0.394817
171.43 396.1 0.308944
175.322 414.415 0.214508
183.271 416.729 0.154022
197.087 414.718 0.113253
205.331 407.222 0.0897535
212.532 412.39 0.0807031
217.068 417.927 0.073777
232.469 405.653 0.0738866
239.768 415.058 0.0658129
253.467 399.712 0.0617406
267.403 405.84 0.0598704
273.454 409.255 0.0630301
274.66 415.183 0.064008
287.193 398.497 0.0636367
286.899 404.869 0.0635937
300 400.795 0.0578232
313.101 404.869 0.0635937
312.807 398.497 0.0636367
325.34 415.183 0.064008
326.546 409.255 0.0630301
332.597 405.84 0.0598704
346.533 399.712 0.0617406
360.232 415.058 0.0658129
367.531 405.653 0.0738866
382.932 417.927 0.073777
387.468 412.39 0.0807031
394.669 407.222 0.0897535
402.913 414.718 0.113253
416.729 416.729 0.154022
424.678 414.415 0.214508
428.57 396.1 0.308944
438.996 417.696 0.394817
462.655 423.034 0.497452
157.61 422.432 0.48258
174.032 419.866 0.389491
192.392 407.608 0.305202
185.585 424.678 0.214508
192.695 424.305 0.158241
201.947 421.271 0.115472
211.515 421.999 0.0991967
216.18 433 0.0903624
230.873 419.898 0.0732207
238.121 422.408 0.0660043
253.1 425.741 0.0712384
251.963 408.168 0.0674328
259.758 423.033 0.064099
268.339 419.447 0.0708173
291.958 418.793 0.0624278
297.332 411.371 0.0664653
300 420.184 0.0643259
302.668 411.371 0.0664653
308.042 418.793 0.0624278
331.661 419.447 0.0708173
340.242 423.033 0.064099
348.037 408.168 0.0674328
346.9 425.741 0.0712384
361.879 422.408 0.0660043
369.127 419.898 0.0732207
383.82 433 0.0903624
388.485 421.999 0.0991967
398.053 421.271 0.115472
407.305 424.305 0.158241
414.415 424.678 0.214508
407.608 407.608 0.305202
425.968 419.866 0.389491
442.39 422.432 0.48258
137.58 445.421 0.569438
169.988 430.012 0.478371
180.134 425.968 0.389491
203.9 428.57 0.308944
186.947 431.676 0.225427
213.257 428.091 0.172106
205.826 427.226 0.145486
223.765 425.97 0.105214
240.037 428.291 0.0944724
246.675 421.36 0.0812784
249.681 416.001 0.0711982
254.565 445.693 0.0676778
267.479 427.065 0.0721188
275.126 425.067 0.066624
281.872 426.936 0.0706258
293.831 424.637 0.0633305
300 431.91 0.0729095
306.169 424.637 0.0633305
318.128 426.936 0.0706258
324.874 425.067 0.066624
332.521 427.065 0.0721188
345.435 445.693 0.0676778
350.319 416.001 0.0711982
353.325 421.36 0.0812784
359.963 428.291 0.0944724
376.235 425.97 0.105214
394.174 427.226 0.145486
386.743 428.091 0.172106
413.053 431.676 0.225427
396.1 428.57 0.308944
419.866 425.968 0.389491
430.012 430.012 0.478371
462.42 445.421 0.569438
154.579 462.42 0.569438
177.568 442.39 0.48258
182.304 438.996 0.394817
200.998 436.187 0.30714
211.629 437.066 0.248366
215.372 443.506 0.190967
223.453 437.066 0.149481
231.039 430.052 0.1233
239.812 434.738 0.104515
246.643 443.096 0.0985264
249.902 435.921 0.0913517
255.41 434.724 0.0846136
275.866 438.241 0.0793789
290.513 430.808 0.0813881
282.047 441.431 0.0799018
300 438.906 0.0701614
317.953 441.431 0.0799018
309.487 430.808 0.0813881
324.134 438.241 0.0793789
344.59 434.724 0.0846136
350.098 435.921 0.0913517
353.357 443.096 0.0985264
360.188 434.738 0.104515
368.961 430.052 0.1233
376.547 437.066 0.149481
384.628 443.506 0.190967
388.371 437.066 0.248366
399.002 436.187 0.30714
417.696 438.996 0.394817
422.432 442.39 0.48258
445.421 462.42 0.569438
176.966 462.655 0.497452
191.141 448.17 0.41205
202.473 448.202 0.342976
214.052 450.142 0.278965
226.508 443.21 0.229084
239.518 442.97 0.181966
233.074 450.227 0.152134
249.417 449.287 0.133742
266.49 453.161 0.120166
264.273 436.297 0.110569
269.944 447.196 0.0995944
278.453 446.759 0.0978461
294.255 444.979 0.0966794
300 449.367 0.0946898
305.745 444.979 0.0966794
321.547 446.759 0.0978461
330.056 447.196 0.0995944
335.727 436.297 0.110569
333.51 453.161 0.120166
350.583 449.287 0.133742
366.926 450.227 0.152134
360.482 442.97 0.181966
373.492 443.21 0.229084
385.948 450.142 0.278965
397.527 448.202 0.342976
408.859 448.17 0.41205
423.034 462.655 0.497452
177.122 477.666 0.523281
205.182 458.136 0.454537
214.492 461.955 0.391041
232.649 461.516 0.33017
221.872 453.703 0.273917
236.813 458.361 0.237491
251.778 457.508 0.206224
259.188 457.813 0.182577
270.047 460.007 0.169508
280.853 453.926 0.159838
282.52 460.777 0.154615
293.671 451.633 0.155803
300 462.424 0.154249
306.329 451.633 0.155803
317.48 460.777 0.154615
319.147 453.926 0.159838
329.953 460.007 0.169508
340.812 457.813 0.182577
348.222 457.508 0.206224
363.187 458.361 0.237491
378.128 453.703 0.273917
367.351 461.516 0.33017
385.508 461.955 0.391041
394.818 458.136 0.454537
422.878 477.666 0.523281
193.155 482.542 0.574605
214.565 474.411 0.501239
220.598 467.141 0.439484
229.852 467.54 0.389685
242.425 469.97 0.34147
248.856 462.003 0.309503
255.945 465.747 0.280813
267.749 467.006 0.264813
276.534 470.432 0.252757
283.136 468.975 0.239377
292.611 458.592 0.239569
300 469.225 0.235307
307.389 458.592 0.239569
316.864 468.975 0.239377
323.466 470.432 0.252757
332.251 467.006 0.264813
344.055 465.747 0.280813
351.144 462.003 0.309503
357.575 469.97 0.34147
370.148 467.54 0.389685
379.402 467.141 0.439484
385.435 474.411 0.501239
406.845 482.542 0.574605
212.917 495.78 0.562062
233.514 491.531 0.508796
235.606 474.352 0.468642
247.437 474.79 0.431182
258.302 475.389 0.404059
267.189 479.918 0.38287
277.728 484.157 0.376819
281.977 477.275 0.368919
293.549 472.771 0.35859
300 481.297 0.351767
306.451 472.771 0.35859
318.023 477.275 0.368919
322.272 484.157 0.376819
332.811 479.918 0.38287
341.698 475.389 0.404059
352.563 474.79 0.431182
364.394 474.352 0.468642
366.486 491.531 0.508796
387.083 495.78 0.562062
238.127 506.002 0.562978
253.662 492.807 0.544767
262.493 506.701 0.515867
273.59 494.987 0.505385
285.054 508.612 0.492778
290.594 488.696 0.493786
300 509.103 0.495734
309.406 488.696 0.493786
314.946 508.612 0.492778
326.41 494.987 0.505385
337.507 506.701 0.515867
346.338 492.807 0.544767
361.873 506.002 0.562978
end.
