begin.
274.714 209.841 0.562978
281.028 211.996 0.549434
285.301 209.9 0.528132
289.197 210.429 0.523028
292.554 209.667 0.509113
296.483 211.523 0.507933
300 209.648 0.511445
303.517 211.523 0.507933
307.446 209.667 0.509113
310.803 210.429 0.523028
314.699 209.9 0.528132
318.972 211.996 0.549434
325.286 209.841 0.562978
263.465 214.742 0.566016
268.396 215.463 0.51275
272.899 220.801 0.471862
277.364 223.403 0.436355
282.531 224.582 0.422238
286.331 223.33 0.399532
289.806 223.146 0.393013
293.778 224.044 0.390277
296.212 224.324 0.38232
300 224.399 0.371812
303.788 224.324 0.38232
306.222 224.044 0.390277
310.194 223.146 0.393013
313.669 223.33 0.399532
317.469 224.582 0.422238
322.636 223.403 0.436355
327.101 220.801 0.471862
331.604 215.463 0.51275
336.535 214.742 0.566016
253.444 220.167 0.574605
259.81 221.547 0.501239
266.478 227.1 0.440154
271.891 227.923 0.401764
274.439 229.21 0.362415
279.59 228.883 0.326663
282.766 228.84 0.305799
286.171 229.481 0.285151
289.079 229.22 0.273071
292.844 229.488 0.256851
296.653 229.55 0.260198
300 229.319 0.259442
303.347 229.55 0.260198
307.156 229.488 0.256851
310.921 229.22 0.273071
313.829 229.481 0.285151
317.234 228.84 0.305799
320.41 228.883 0.326663
325.561 229.21 0.362415
328.109 227.923 0.401764
333.522 227.1 0.440154
340.19 221.547 0.501239
346.556 220.167 0.574605
246.925 222.85 0.523281
257.376 230.451 0.453515
262.674 232.974 0.398839
267.727 234.26 0.357183
269.592 234.404 0.302132
274.803 233.424 0.251842
279.059 233.73 0.21703
283.518 235.852 0.199989
286.685 236.037 0.190934
290.173 235.884 0.17819
293.527 236.738 0.173326
296.568 237.586 0.180079
300 237.53 0.18043
303.432 237.586 0.180079
306.473 236.738 0.173326
309.827 235.884 0.17819
313.315 236.037 0.190934
316.482 235.852 0.199989
320.941 233.73 0.21703
325.197 233.424 0.251842
330.408 234.404 0.302132
332.273 234.26 0.357183
337.326 232.974 0.398839
342.624 230.451 0.453515
353.075 222.85 0.523281
245.065 228.659 0.501047
253.156 235.731 0.420652
258.499 237.496 0.361829
263.11 237.614 0.297372
268.491 236.555 0.25679
273.092 239.959 0.20078
275.347 239.105 0.170322
279.294 240.504 0.1558
282.763 240.351 0.142846
286.876 241.722 0.127639
289.804 241.707 0.123379
292.831 242.483 0.126116
296.37 242.016 0.127206
300 241.868 0.129369
303.63 242.016 0.127206
307.169 242.483 0.126116
310.196 241.707 0.123379
313.124 241.722 0.127639
317.237 240.351 0.142846
320.706 240.504 0.1558
324.653 239.105 0.170322
326.908 239.959 0.20078
331.509 236.555 0.25679
336.89 237.614 0.297372
341.501 237.496 0.361829
346.844 235.731 0.420652
354.935 228.659 0.501047
235.815 229.907 0.569438
244.042 233.661 0.484856
251.27 239.179 0.403488
257.578 241.533 0.341567
259.544 241.416 0.276462
265.079 242.612 0.21174
268.449 243.008 0.168471
271.439 244.511 0.145724
276.414 246.276 0.13608
279.182 244.261 0.12717
282.821 247.051 0.12905
285.938 247.911 0.13004
290.157 246.999 0.120736
293.574 247.137 0.126676
296.675 246.739 0.12414
300 246.287 0.113765
303.325 246.739 0.12414
306.426 247.137 0.126676
309.843 246.999 0.120736
314.062 247.911 0.13004
317.179 247.051 0.12905
320.818 244.261 0.12717
323.586 246.276 0.13608
328.561 244.511 0.145724
331.551 243.008 0.168471
334.921 242.612 0.21174
340.456 241.416 0.276462
342.422 241.533 0.341567
348.73 239.179 0.403488
355.958 233.661 0.484856
364.185 229.907 0.569438
229.907 235.815 0.569438
241.612 241.612 0.477042
247.889 243.377 0.389771
254.013 245.601 0.318263
255.222 243.571 0.254923
263.028 246.594 0.194377
264.305 248.035 0.155469
269.915 249.725 0.141706
272.506 248.691 0.130867
276.392 248.279 0.118371
280.328 249.89 0.114438
283.654 247.467 0.114658
287.129 249.778 0.118778
290.1 250.122 0.121552
293.305 250.87 0.124991
296.337 250.539 0.114989
300 249.54 0.117654
303.663 250.539 0.114989
306.695 250.87 0.124991
309.9 250.122 0.121552
312.871 249.778 0.118778
316.346 247.467 0.114658
319.672 249.89 0.114438
323.608 248.279 0.118371
327.494 248.691 0.130867
330.085 249.725 0.141706
335.695 248.035 0.155469
336.972 246.594 0.194377
344.778 243.571 0.254923
345.987 245.601 0.318263
352.111 243.377 0.389771
358.388 241.612 0.477042
370.093 235.815 0.569438
233.661 244.042 0.484856
243.377 247.889 0.389771
250.552 250.552 0.329097
251.657 249.105 0.243356
258.415 251.155 0.182047
260.478 250.947 0.141867
266.989 252.46 0.137914
268.982 251.453 0.132027
274.156 254.686 0.108841
277.729 253.19 0.107586
280.784 253.041 0.106294
283.905 254.963 0.109023
286.687 254.244 0.112273
290.08 254.418 0.12081
293.502 253.937 0.116939
296.61 254.168 0.109756
300 254.102 0.10627
303.39 254.168 0.109756
306.498 253.937 0.116939
309.92 254.418 0.12081
313.313 254.244 0.112273
316.095 254.963 0.109023
319.216 253.041 0.106294
322.271 253.19 0.107586
325.844 254.686 0.108841
331.018 251.453 0.132027
333.011 252.46 0.137914
339.522 250.947 0.141867
341.585 251.155 0.182047
348.343 249.105 0.243356
349.448 250.552 0.329097
356.623 247.889 0.389771
366.339 244.042 0.484856
228.659 245.065 0.501047
239.179 251.27 0.403488
245.601 254.013 0.318263
249.105 251.657 0.243356
255.126 255.126 0.183055
257.833 255.006 0.149033
262.759 256.041 0.119343
266.505 255.118 0.115823
270.806 255.788 0.111797
274.025 257.094 0.12444
277.068 257.454 0.120575
280.36 257.999 0.111132
283.894 258.703 0.110327
286.844 256.329 0.111471
291.073 256.739 0.111266
294.005 258.44 0.111824
296.962 258.379 0.104046
300 258.408 0.106281
303.038 258.379 0.104046
305.995 258.44 0.111824
308.927 256.739 0.111266
313.156 256.329 0.111471
316.106 258.703 0.110327
319.64 257.999 0.111132
322.932 257.454 0.120575
325.975 257.094 0.12444
329.194 255.788 0.111797
333.495 255.118 0.115823
337.241 256.041 0.119343
342.167 255.006 0.149033
344.874 255.126 0.183055
350.895 251.657 0.243356
354.399 254.013 0.318263
360.821 251.27 0.403488
371.341 245.065 0.501047
222.85 246.925 0.523281
235.731 253.156 0.420652
241.533 257.578 0.341567
243.571 255.222 0.254923
251.155 258.415 0.182047
255.006 257.833 0.149033
259.676 259.676 0.122357
263.28 258.808 0.11156
266.687 261.229 0.110099
271.04 260.147 0.109942
273.286 260.678 0.100405
277.973 260.506 0.115954
280.262 261.284 0.110028
284.557 262.817 0.103361
286.596 261.606 0.102521
291.209 260.835 0.105315
293.527 262.607 0.111918
297.575 261.761 0.113247
300 264.164 0.115562
302.425 261.761 0.113247
306.473 262.607 0.111918
308.791 260.835 0.105315
313.404 261.606 0.102521
315.443 262.817 0.103361
319.738 261.284 0.110028
322.027 260.506 0.115954
326.714 260.678 0.100405
328.96 260.147 0.109942
333.313 261.229 0.110099
336.72 258.808 0.11156
340.324 259.676 0.122357
344.994 257.833 0.149033
348.845 258.415 0.182047
356.429 255.222 0.254923
358.467 257.578 0.341567
364.269 253.156 0.420652
377.15 246.925 0.523281
220.167 253.444 0.574605
230.451 257.376 0.453515
237.496 258.499 0.361829
241.416 259.544 0.276462
246.594 263.028 0.194377
250.947 260.478 0.141867
256.041 262.759 0.119343
258.808 263.28 0.11156
264.118 264.118 0.107307
267.47 263.534 0.111176
270.107 264.252 0.111269
274.275 265.69 0.107596
277.852 264.421 0.106648
279.792 264.846 0.111962
284.636 265.834 0.107793
287.128 265.574 0.112894
291.337 265.276 0.112017
293.276 265.462 0.108438
296.762 265.782 0.116649
300 265.361 0.113686
303.238 265.782 0.116649
306.724 265.462 0.108438
308.663 265.276 0.112017
312.872 265.574 0.112894
315.364 265.834 0.107793
320.208 264.846 0.111962
322.148 264.421 0.106648
325.725 265.69 0.107596
329.893 264.252 0.111269
332.53 263.534 0.111176
335.882 264.118 0.107307
341.192 263.28 0.11156
343.959 262.759 0.119343
349.053 260.478 0.141867
353.406 263.028 0.194377
358.584 259.544 0.276462
362.504 258.499 0.361829
369.549 257.376 0.453515
379.833 253.444 0.574605
221.547 259.81 0.501239
232.974 262.674 0.398839
237.614 263.11 0.297372
242.612 265.079 0.21174
248.035 264.305 0.155469
252.46 266.989 0.137914
255.118 266.505 0.115823
261.229 266.687 0.110099
263.534 267.47 0.111176
267.761 267.761 0.10942
271.002 267.43 0.107803
274.563 268.481 0.10108
278.917 268.226 0.113618
281.625 269.478 0.116939
284.921 269.125 0.118003
287.94 269.437 0.136518
290.752 270.069 0.137249
293.64 269.755 0.128057
296.853 270.277 0.121164
300 270.294 0.118091
303.147 270.277 0.121164
306.36 269.755 0.128057
309.248 270.069 0.137249
312.06 269.437 0.136518
315.079 269.125 0.118003
318.375 269.478 0.116939
321.083 268.226 0.113618
325.437 268.481 0.10108
328.998 267.43 0.107803
332.239 267.761 0.10942
336.466 267.47 0.111176
338.771 266.687 0.110099
344.882 266.505 0.115823
347.54 266.989 0.137914
351.965 264.305 0.155469
357.388 265.079 0.21174
362.386 263.11 0.297372
367.026 262.674 0.398839
378.453 259.81 0.501239
214.742 263.465 0.566016
227.1 266.478 0.440154
234.26 267.727 0.357183
236.555 268.491 0.25679
243.008 268.449 0.168471
249.725 269.915 0.141706
251.453 268.982 0.132027
255.788 270.806 0.111797
260.147 271.04 0.109942
264.252 270.107 0.111269
267.43 271.002 0.107803
271.987 271.987 0.12086
274.077 272.921 0.122911
278.925 272.312 0.115418
281.515 271.932 0.128465
285.453 271.829 0.125364
288.265 271.736 0.13775
289.752 271.117 0.137915
293.711 271.369 0.121978
296.656 272.215 0.12479
300 272.051 0.123293
303.344 272.215 0.12479
306.289 271.369 0.121978
310.248 271.117 0.137915
311.735 271.736 0.13775
314.547 271.829 0.125364
318.485 271.932 0.128465
321.075 272.312 0.115418
325.923 272.921 0.122911
328.013 271.987 0.12086
332.57 271.002 0.107803
335.748 270.107 0.111269
339.853 271.04 0.109942
344.212 270.806 0.111797
348.547 268.982 0.132027
350.275 269.915 0.141706
356.992 268.449 0.168471
363.445 268.491 0.25679
365.74 267.727 0.357183
372.9 266.478 0.440154
385.258 263.465 0.566016
215.463 268.396 0.51275
227.923 271.891 0.401764
234.404 269.592 0.302132
239.959 273.092 0.20078
244.511 271.439 0.145724
248.691 272.506 0.130867
254.686 274.156 0.108841
257.094 274.025 0.12444
260.678 273.286 0.100405
265.69 274.275 0.107596
268.481 274.563 0.10108
272.921 274.077 0.122911
274.199 274.199 0.123468
278.87 275.382 0.118928
281.27 275.352 0.120316
284.158 275.606 0.116427
287.696 276.068 0.129303
290.091 275.348 0.121303
294.651 276.096 0.123591
296.972 275.941 0.119172
300 275.606 0.116831
303.028 275.941 0.119172
305.349 276.096 0.123591
309.909 275.348 0.121303
312.304 276.068 0.129303
315.842 275.606 0.116427
318.73 275.352 0.120316
321.13 275.382 0.118928
325.801 274.199 0.123468
327.079 274.077 0.122911
331.519 274.563 0.10108
334.31 274.275 0.107596
339.322 273.286 0.100405
342.906 274.025 0.12444
345.314 274.156 0.108841
351.309 272.506 0.130867
355.489 271.439 0.145724
360.041 273.092 0.20078
365.596 269.592 0.302132
372.077 271.891 0.401764
384.537 268.396 0.51275
220.801 272.899 0.471862
229.21 274.439 0.362415
233.424 274.803 0.251842
239.105 275.347 0.170322
246.276 276.414 0.13608
248.279 276.392 0.118371
253.19 277.729 0.107586
257.454 277.068 0.120575
260.506 277.973 0.115954
264.421 277.852 0.106648
268.226 278.917 0.113618
272.312 278.925 0.115418
275.382 278.87 0.118928
279.321 279.321 0.124051
281.54 279.281 0.130227
285.684 278.021 0.122108
288.106 278.726 0.124468
291.733 278.055 0.124127
294.033 278.356 0.119941
296.43 278.838 0.126585
300 280.329 0.123868
303.57 278.838 0.126585
305.967 278.356 0.119941
308.267 278.055 0.124127
311.894 278.726 0.124468
314.316 278.021 0.122108
318.46 279.281 0.130227
320.679 279.321 0.124051
324.618 278.87 0.118928
327.688 278.925 0.115418
331.774 278.917 0.113618
335.579 277.852 0.106648
339.494 277.973 0.115954
342.546 277.068 0.120575
346.81 277.729 0.107586
351.721 276.392 0.118371
353.724 276.414 0.13608
360.895 275.347 0.170322
366.576 274.803 0.251842
370.79 274.439 0.362415
379.199 272.899 0.471862
209.841 274.714 0.562978
223.403 277.364 0.436355
228.883 279.59 0.326663
233.73 279.059 0.21703
240.504 279.294 0.1558
244.261 279.182 0.12717
249.89 280.328 0.114438
253.041 280.784 0.106294
257.999 280.36 0.111132
261.284 280.262 0.110028
264.846 279.792 0.111962
269.478 281.625 0.116939
271.932 281.515 0.128465
275.352 281.27 0.120316
279.281 281.54 0.130227
282.071 282.071 0.126376
284.743 282.084 0.120927
287.603 281.696 0.125252
290.643 281.788 0.121157
294.268 282.756 0.126835
297.436 282.683 0.133377
300 282.302 0.125774
302.564 282.683 0.133377
305.732 282.756 0.126835
309.357 281.788 0.121157
312.397 281.696 0.125252
315.257 282.084 0.120927
317.929 282.071 0.126376
320.719 281.54 0.130227
324.648 281.27 0.120316
328.068 281.515 0.128465
330.522 281.625 0.116939
335.154 279.792 0.111962
338.716 280.262 0.110028
342.001 280.36 0.111132
346.959 280.784 0.106294
350.11 280.328 0.114438
355.739 279.182 0.12717
359.496 279.294 0.1558
366.27 279.059 0.21703
371.117 279.59 0.326663
376.597 277.364 0.436355
390.159 274.714 0.562978
211.996 281.028 0.549434
224.582 282.531 0.422238
228.84 282.766 0.305799
235.852 283.518 0.199989
240.351 282.763 0.142846
247.051 282.821 0.12905
247.467 283.654 0.114658
254.963 283.905 0.109023
258.703 283.894 0.110327
262.817 284.557 0.103361
265.834 284.636 0.107793
269.125 284.921 0.118003
271.829 285.453 0.125364
275.606 284.158 0.116427
278.021 285.684 0.122108
282.084 284.743 0.120927
284.913 284.913 0.124198
288.64 285.341 0.131468
290.904 284.851 0.136627
293.994 285.588 0.140366
296.429 285.35 0.137398
300 285.549 0.131192
303.571 285.35 0.137398
306.006 285.588 0.140366
309.096 284.851 0.136627
311.36 285.341 0.131468
315.087 284.913 0.124198
317.916 284.743 0.120927
321.979 285.684 0.122108
324.394 284.158 0.116427
328.171 285.453 0.125364
330.875 284.921 0.118003
334.166 284.636 0.107793
337.183 284.557 0.103361
341.297 283.894 0.110327
345.037 283.905 0.109023
352.533 283.654 0.114658
352.949 282.821 0.12905
359.649 282.763 0.142846
364.148 283.518 0.199989
371.16 282.766 0.305799
375.418 282.531 0.422238
388.004 281.028 0.549434
209.9 285.301 0.528132
223.33 286.331 0.399532
229.481 286.171 0.285151
236.037 286.685 0.190934
241.722 286.876 0.127639
247.911 285.938 0.13004
249.778 287.129 0.118778
254.244 286.687 0.112273
256.329 286.844 0.111471
261.606 286.596 0.102521
265.574 287.128 0.112894
269.437 287.94 0.136518
271.736 288.265 0.13775
276.068 287.696 0.129303
278.726 288.106 0.124468
281.696 287.603 0.125252
285.341 288.64 0.131468
288.442 288.442 0.135691
291.014 287.922 0.134116
293.908 287.396 0.133398
296.65 287.802 0.138434
300 288.275 0.13356
303.35 287.802 0.138434
306.092 287.396 0.133398
308.986 287.922 0.134116
311.558 288.442 0.135691
314.659 288.64 0.131468
318.304 287.603 0.125252
321.274 288.106 0.124468
323.932 287.696 0.129303
328.264 288.265 0.13775
330.563 287.94 0.136518
334.426 287.128 0.112894
338.394 286.596 0.102521
343.671 286.844 0.111471
345.756 286.687 0.112273
350.222 287.129 0.118778
352.089 285.938 0.13004
358.278 286.876 0.127639
363.963 286.685 0.190934
370.519 286.171 0.285151
376.67 286.331 0.399532
390.1 285.301 0.528132
210.429 289.197 0.523028
223.146 289.806 0.393013
229.22 289.079 0.273071
235.884 290.173 0.17819
241.707 289.804 0.123379
246.999 290.157 0.120736
250.122 290.1 0.121552
254.418 290.08 0.12081
256.739 291.073 0.111266
260.835 291.209 0.105315
265.276 291.337 0.112017
270.069 290.752 0.137249
271.117 289.752 0.137915
275.348 290.091 0.121303
278.055 291.733 0.124127
281.788 290.643 0.121157
284.851 290.904 0.136627
287.922 291.014 0.134116
291.033 291.033 0.124648
293.919 292.499 0.131846
297.349 291.556 0.139816
300 291.161 0.138954
302.651 291.556 0.139816
306.081 292.499 0.131846
308.967 291.033 0.124648
312.078 291.014 0.134116
315.149 290.904 0.136627
318.212 290.643 0.121157
321.945 291.733 0.124127
324.652 290.091 0.121303
328.883 289.752 0.137915
329.931 290.752 0.137249
334.724 291.337 0.112017
339.165 291.209 0.105315
343.261 291.073 0.111266
345.582 290.08 0.12081
349.878 290.1 0.121552
353.001 290.157 0.120736
358.293 289.804 0.123379
364.116 290.173 0.17819
370.78 289.079 0.273071
376.854 289.806 0.393013
389.571 289.197 0.523028
209.667 292.554 0.509113
224.044 293.778 0.390277
229.488 292.844 0.256851
236.738 293.527 0.173326
242.483 292.831 0.126116
247.137 293.574 0.126676
250.87 293.305 0.124991
253.937 293.502 0.116939
258.44 294.005 0.111824
262.607 293.527 0.111918
265.462 293.276 0.108438
269.755 293.64 0.128057
271.369 293.711 0.121978
276.096 294.651 0.123591
278.356 294.033 0.119941
282.756 294.268 0.126835
285.588 293.994 0.140366
287.396 293.908 0.133398
292.499 293.919 0.131846
294.202 294.202 0.138714
296.789 293.39 0.144085
300 293.252 0.127727
303.211 293.39 0.144085
305.798 294.202 0.138714
307.501 293.919 0.131846
312.604 293.908 0.133398
314.412 293.994 0.140366
317.244 294.268 0.126835
321.644 294.033 0.119941
323.904 294.651 0.123591
328.631 293.711 0.121978
330.245 293.64 0.128057
334.538 293.276 0.108438
337.393 293.527 0.111918
341.56 294.005 0.111824
346.063 293.502 0.116939
349.13 293.305 0.124991
352.863 293.574 0.126676
357.517 292.831 0.126116
363.262 293.527 0.173326
370.512 292.844 0.256851
375.956 293.778 0.390277
390.333 292.554 0.509113
211.523 296.483 0.507933
224.324 296.212 0.38232
229.55 296.653 0.260198
237.586 296.568 0.180079
242.016 296.37 0.127206
246.739 296.675 0.12414
250.539 296.337 0.114989
254.168 296.61 0.109756
258.379 296.962 0.104046
261.761 297.575 0.113247
265.782 296.762 0.116649
270.277 296.853 0.121164
272.215 296.656 0.12479
275.941 296.972 0.119172
278.838 296.43 0.126585
282.683 297.436 0.133377
285.35 296.429 0.137398
287.802 296.65 0.138434
291.556 297.349 0.139816
293.39 296.789 0.144085
298.116 298.116 0.168443
300 300.099 0.188429
301.884 298.116 0.168443
306.61 296.789 0.144085
308.444 297.349 0.139816
312.198 296.65 0.138434
314.65 296.429 0.137398
317.317 297.436 0.133377
321.162 296.43 0.126585
324.059 296.972 0.119172
327.785 296.656 0.12479
329.723 296.853 0.121164
334.218 296.762 0.116649
338.239 297.575 0.113247
341.621 296.962 0.104046
345.832 296.61 0.109756
349.461 296.337 0.114989
353.261 296.675 0.12414
357.984 296.37 0.127206
362.414 296.568 0.180079
370.45 296.653 0.260198
375.676 296.212 0.38232
388.477 296.483 0.507933
209.648 300 0.511445
224.399 300 0.371812
229.319 300 0.259442
237.53 300 0.18043
241.868 300 0.129369
246.287 300 0.113765
249.54 300 0.117654
254.102 300 0.10627
258.408 300 0.106281
264.164 300 0.115562
265.361 300 0.113686
270.294 300 0.118091
272.051 300 0.123293
275.606 300 0.116831
280.329 300 0.123868
282.302 300 0.125774
285.549 300 0.131192
288.275 300 0.13356
291.161 300 0.138954
293.252 300 0.127727
300.099 300 0.188429
300 300 0.175111
299.901 300 0.188429
306.748 300 0.127727
308.839 300 0.138954
311.725 300 0.13356
314.451 300 0.131192
317.698 300 0.125774
319.671 300 0.123868
324.394 300 0.116831
327.949 300 0.123293
329.706 300 0.118091
334.639 300 0.113686
335.836 300 0.115562
341.592 300 0.106281
345.898 300 0.10627
350.46 300 0.117654
353.713 300 0.113765
358.132 300 0.129369
362.47 300 0.18043
370.681 300 0.259442
375.601 300 0.371812
390.352 300 0.511445
211.523 303.517 0.507933
224.324 303.788 0.38232
229.55 303.347 0.260198
237.586 303.432 0.180079
242.016 303.63 0.127206
246.739 303.325 0.12414
250.539 303.663 0.114989
254.168 303.39 0.109756
258.379 303.038 0.104046
261.761 302.425 0.113247
265.782 303.238 0.116649
270.277 303.147 0.121164
272.215 303.344 0.12479
275.941 303.028 0.119172
278.838 303.57 0.126585
282.683 302.564 0.133377
285.35 303.571 0.137398
287.802 303.35 0.138434
291.556 302.651 0.139816
293.39 303.211 0.144085
298.116 301.884 0.168443
300 299.901 0.188429
301.884 301.884 0.168443
306.61 303.211 0.144085
308.444 302.651 0.139816
312.198 303.35 0.138434
314.65 303.571 0.137398
317.317 302.564 0.133377
321.162 303.57 0.126585
324.059 303.028 0.119172
327.785 303.344 0.12479
329.723 303.147 0.121164
334.218 303.238 0.116649
338.239 302.425 0.113247
341.621 303.038 0.104046
345.832 303.39 0.109756
349.461 303.663 0.114989
353.261 303.325 0.12414
357.984 303.63 0.127206
362.414 303.432 0.180079
370.45 303.347 0.260198
375.676 303.788 0.38232
388.477 303.517 0.507933
209.667 307.446 0.509113
224.044 306.222 0.390277
229.488 307.156 0.256851
236.738 306.473 0.173326
242.483 307.169 0.126116
247.137 306.426 0.126676
250.87 306.695 0.124991
253.937 306.498 0.116939
258.44 305.995 0.111824
262.607 306.473 0.111918
265.462 306.724 0.108438
269.755 306.36 0.128057
271.369 306.289 0.121978
276.096 305.349 0.123591
278.356 305.967 0.119941
282.756 305.732 0.126835
285.588 306.006 0.140366
287.396 306.092 0.133398
292.499 306.081 0.131846
294.202 305.798 0.138714
296.789 306.61 0.144085
300 306.748 0.127727
303.211 306.61 0.144085
305.798 305.798 0.138714
307.501 306.081 0.131846
312.604 306.092 0.133398
314.412 306.006 0.140366
317.244 305.732 0.126835
321.644 305.967 0.119941
323.904 305.349 0.123591
328.631 306.289 0.121978
330.245 306.36 0.128057
334.538 306.724 0.108438
337.393 306.473 0.111918
341.56 305.995 0.111824
346.063 306.498 0.116939
349.13 306.695 0.124991
352.863 306.426 0.126676
357.517 307.169 0.126116
363.262 306.473 0.173326
370.512 307.156 0.256851
375.956 306.222 0.390277
390.333 307.446 0.509113
210.429 310.803 0.523028
223.146 310.194 0.393013
229.22 310.921 0.273071
235.884 309.827 0.17819
241.707 310.196 0.123379
246.999 309.843 0.120736
250.122 309.9 0.121552
254.418 309.92 0.12081
256.739 308.927 0.111266
260.835 308.791 0.105315
265.276 308.663 0.112017
270.069 309.248 0.137249
271.117 310.248 0.137915
275.348 309.909 0.121303
278.055 308.267 0.124127
281.788 309.357 0.121157
284.851 309.096 0.136627
287.922 308.986 0.134116
291.033 308.967 0.124648
293.919 307.501 0.131846
297.349 308.444 0.139816
300 308.839 0.138954
302.651 308.444 0.139816
306.081 307.501 0.131846
308.967 308.967 0.124648
312.078 308.986 0.134116
315.149 309.096 0.136627
318.212 309.357 0.121157
321.945 308.267 0.124127
324.652 309.909 0.121303
328.883 310.248 0.137915
329.931 309.248 0.137249
334.724 308.663 0.112017
339.165 308.791 0.105315
343.261 308.927 0.111266
345.582 309.92 0.12081
349.878 309.9 0.121552
353.001 309.843 0.120736
358.293 310.196 0.123379
364.116 309.827 0.17819
370.78 310.921 0.273071
376.854 310.194 0.393013
389.571 310.803 0.523028
209.9 314.699 0.528132
223.33 313.669 0.399532
229.481 313.829 0.285151
236.037 313.315 0.190934
241.722 313.124 0.127639
247.911 314.062 0.13004
249.778 312.871 0.118778
254.244 313.313 0.112273
256.329 313.156 0.111471
261.606 313.404 0.102521
265.574 312.872 0.112894
269.437 312.06 0.136518
271.736 311.735 0.13775
276.068 312.304 0.129303
278.726 311.894 0.124468
281.696 312.397 0.125252
285.341 311.36 0.131468
288.442 311.558 0.135691
291.014 312.078 0.134116
293.908 312.604 0.133398
296.65 312.198 0.138434
300 311.725 0.13356
303.35 312.198 0.138434
306.092 312.604 0.133398
308.986 312.078 0.134116
311.558 311.558 0.135691
314.659 311.36 0.131468
318.304 312.397 0.125252
321.274 311.894 0.124468
323.932 312.304 0.129303
328.264 311.735 0.13775
330.563 312.06 0.136518
334.426 312.872 0.112894
338.394 313.404 0.102521
343.671 313.156 0.111471
345.756 313.313 0.112273
350.222 312.871 0.118778
352.089 314.062 0.13004
358.278 313.124 0.127639
363.963 313.315 0.190934
370.519 313.829 0.285151
376.67 313.669 0.399532
390.1 314.699 0.528132
211.996 318.972 0.549434
224.582 317.469 0.422238
228.84 317.234 0.305799
235.852 316.482 0.199989
240.351 317.237 0.142846
247.051 317.179 0.12905
247.467 316.346 0.114658
254.963 316.095 0.109023
258.703 316.106 0.110327
262.817 315.443 0.103361
265.834 315.364 0.107793
269.125 315.079 0.118003
271.829 314.547 0.125364
275.606 315.842 0.116427
278.021 314.316 0.122108
282.084 315.257 0.120927
284.913 315.087 0.124198
288.64 314.659 0.131468
290.904 315.149 0.136627
293.994 314.412 0.140366
296.429 314.65 0.137398
300 314.451 0.131192
303.571 314.65 0.137398
306.006 314.412 0.140366
309.096 315.149 0.136627
311.36 314.659 0.131468
315.087 315.087 0.124198
317.916 315.257 0.120927
321.979 314.316 0.122108
324.394 315.842 0.116427
328.171 314.547 0.125364
330.875 315.079 0.118003
334.166 315.364 0.107793
337.183 315.443 0.103361
341.297 316.106 0.110327
345.037 316.095 0.109023
352.533 316.346 0.114658
352.949 317.179 0.12905
359.649 317.237 0.142846
364.148 316.482 0.199989
371.16 317.234 0.305799
375.418 317.469 0.422238
388.004 318.972 0.549434
209.841 325.286 0.562978
223.403 322.636 0.436355
228.883 320.41 0.326663
233.73 320.941 0.21703
240.504 320.706 0.1558
244.261 320.818 0.12717
249.89 319.672 0.114438
253.041 319.216 0.106294
257.999 319.64 0.111132
261.284 319.738 0.110028
264.846 320.208 0.111962
269.478 318.375 0.116939
271.932 318.485 0.128465
275.352 318.73 0.120316
279.281 318.46 0.130227
282.071 317.929 0.126376
284.743 317.916 0.120927
287.603 318.304 0.125252
290.643 318.212 0.121157
294.268 317.244 0.126835
297.436 317.317 0.133377
300 317.698 0.125774
302.564 317.317 0.133377
305.732 317.244 0.126835
309.357 318.212 0.121157
312.397 318.304 0.125252
315.257 317.916 0.120927
317.929 317.929 0.126376
320.719 318.46 0.130227
324.648 318.73 0.120316
328.068 318.485 0.128465
330.522 318.375 0.116939
335.154 320.208 0.111962
338.716 319.738 0.110028
342.001 319.64 0.111132
346.959 319.216 0.106294
350.11 319.672 0.114438
355.739 320.818 0.12717
359.496 320.706 0.1558
366.27 320.941 0.21703
371.117 320.41 0.326663
376.597 322.636 0.436355
390.159 325.286 0.562978
220.801 327.101 0.471862
229.21 325.561 0.362415
233.424 325.197 0.251842
239.105 324.653 0.170322
246.276 323.586 0.13608
248.279 323.608 0.118371
253.19 322.271 0.107586
257.454 322.932 0.120575
260.506 322.027 0.115954
264.421 322.148 0.106648
268.226 321.083 0.113618
272.312 321.075 0.115418
275.382 321.13 0.118928
279.321 320.679 0.124051
281.54 320.719 0.130227
285.684 321.979 0.122108
288.106 321.274 0.124468
291.733 321.945 0.124127
294.033 321.644 0.119941
296.43 321.162 0.126585
300 319.671 0.123868
303.57 321.162 0.126585
305.967 321.644 0.119941
308.267 321.945 0.124127
311.894 321.274 0.124468
314.316 321.979 0.122108
318.46 320.719 0.130227
320.679 320.679 0.124051
324.618 321.13 0.118928
327.688 321.075 0.115418
331.774 321.083 0.113618
335.579 322.148 0.106648
339.494 322.027 0.115954
342.546 322.932 0.120575
346.81 322.271 0.107586
351.721 323.608 0.118371
353.724 323.586 0.13608
360.895 324.653 0.170322
366.576 325.197 0.251842
370.79 325.561 0.362415
379.199 327.101 0.471862
215.463 331.604 0.51275
227.923 328.109 0.401764
234.404 330.408 0.302132
239.959 326.908 0.20078
244.511 328.561 0.145724
248.691 327.494 0.130867
254.686 325.844 0.108841
257.094 325.975 0.12444
260.678 326.714 0.100405
265.69 325.725 0.107596
268.481 325.437 0.10108
272.921 325.923 0.122911
274.199 325.801 0.123468
278.87 324.618 0.118928
281.27 324.648 0.120316
284.158 324.394 0.116427
287.696 323.932 0.129303
290.091 324.652 0.121303
294.651 323.904 0.123591
296.972 324.059 0.119172
300 324.394 0.116831
303.028 324.059 0.119172
305.349 323.904 0.123591
309.909 324.652 0.121303
312.304 323.932 0.129303
315.842 324.394 0.116427
318.73 324.648 0.120316
321.13 324.618 0.118928
325.801 325.801 0.123468
327.079 325.923 0.122911
331.519 325.437 0.10108
334.31 325.725 0.107596
339.322 326.714 0.100405
342.906 325.975 0.12444
345.314 325.844 0.108841
351.309 327.494 0.130867
355.489 328.561 0.145724
360.041 326.908 0.20078
365.596 330.408 0.302132
372.077 328.109 0.401764
384.537 331.604 0.51275
214.742 336.535 0.566016
227.1 333.522 0.440154
234.26 332.273 0.357183
236.555 331.509 0.25679
243.008 331.551 0.168471
249.725 330.085 0.141706
251.453 331.018 0.132027
255.788 329.194 0.111797
260.147 328.96 0.109942
264.252 329.893 0.111269
267.43 328.998 0.107803
271.987 328.013 0.12086
274.077 327.079 0.122911
278.925 327.688 0.115418
281.515 328.068 0.128465
285.453 328.171 0.125364
288.265 328.264 0.13775
289.752 328.883 0.137915
293.711 328.631 0.121978
296.656 327.785 0.12479
300 327.949 0.123293
303.344 327.785 0.12479
306.289 328.631 0.121978
310.248 328.883 0.137915
311.735 328.264 0.13775
314.547 328.171 0.125364
318.485 328.068 0.128465
321.075 327.688 0.115418
325.923 327.079 0.122911
328.013 328.013 0.12086
332.57 328.998 0.107803
335.748 329.893 0.111269
339.853 328.96 0.109942
344.212 329.194 0.111797
348.547 331.018 0.132027
350.275 330.085 0.141706
356.992 331.551 0.168471
363.445 331.509 0.25679
365.74 332.273 0.357183
372.9 333.522 0.440154
385.258 336.535 0.566016
221.547 340.19 0.501239
232.974 337.326 0.398839
237.614 336.89 0.297372
242.612 334.921 0.21174
248.035 335.695 0.155469
252.46 333.011 0.137914
255.118 333.495 0.115823
261.229 333.313 0.110099
263.534 332.53 0.111176
267.761 332.239 0.10942
271.002 332.57 0.107803
274.563 331.519 0.10108
278.917 331.774 0.113618
281.625 330.522 0.116939
284.921 330.875 0.118003
287.94 330.563 0.136518
290.752 329.931 0.137249
293.64 330.245 0.128057
296.853 329.723 0.121164
300 329.706 0.118091
303.147 329.723 0.121164
306.36 330.245 0.128057
309.248 329.931 0.137249
312.06 330.563 0.136518
315.079 330.875 0.118003
318.375 330.522 0.116939
321.083 331.774 0.113618
325.437 331.519 0.10108
328.998 332.57 0.107803
332.239 332.239 0.10942
336.466 332.53 0.111176
338.771 333.313 0.110099
344.882 333.495 0.115823
347.54 333.011 0.137914
351.965 335.695 0.155469
357.388 334.921 0.21174
362.386 336.89 0.297372
367.026 337.326 0.398839
378.453 340.19 0.501239
220.167 346.556 0.574605
230.451 342.624 0.453515
237.496 341.501 0.361829
241.416 340.456 0.276462
246.594 336.972 0.194377
250.947 339.522 0.141867
256.041 337.241 0.119343
258.808 336.72 0.11156
264.118 335.882 0.107307
267.47 336.466 0.111176
270.107 335.748 0.111269
274.275 334.31 0.107596
277.852 335.579 0.106648
279.792 335.154 0.111962
284.636 334.166 0.107793
287.128 334.426 0.112894
291.337 334.724 0.112017
293.276 334.538 0.108438
296.762 334.218 0.116649
300 334.639 0.113686
303.238 334.218 0.116649
306.724 334.538 0.108438
308.663 334.724 0.112017
312.872 334.426 0.112894
315.364 334.166 0.107793
320.208 335.154 0.111962
322.148 335.579 0.106648
325.725 334.31 0.107596
329.893 335.748 0.111269
332.53 336.466 0.111176
335.882 335.882 0.107307
341.192 336.72 0.11156
343.959 337.241 0.119343
349.053 339.522 0.141867
353.406 336.972 0.194377
358.584 340.456 0.276462
362.504 341.501 0.361829
369.549 342.624 0.453515
379.833 346.556 0.574605
222.85 353.075 0.523281
235.731 346.844 0.420652
241.533 342.422 0.341567
243.571 344.778 0.254923
251.155 341.585 0.182047
255.006 342.167 0.149033
259.676 340.324 0.122357
263.28 341.192 0.11156
266.687 338.771 0.110099
271.04 339.853 0.109942
273.286 339.322 0.100405
277.973 339.494 0.115954
280.262 338.716 0.110028
284.557 337.183 0.103361
286.596 338.394 0.102521
291.209 339.165 0.105315
293.527 337.393 0.111918
297.575 338.239 0.113247
300 335.836 0.115562
302.425 338.239 0.113247
306.473 337.393 0.111918
308.791 339.165 0.105315
313.404 338.394 0.102521
315.443 337.183 0.103361
319.738 338.716 0.110028
322.027 339.494 0.115954
326.714 339.322 0.100405
328.96 339.853 0.109942
333.313 338.771 0.110099
336.72 341.192 0.11156
340.324 340.324 0.122357
344.994 342.167 0.149033
348.845 341.585 0.182047
356.429 344.778 0.254923
358.467 342.422 0.341567
364.269 346.844 0.420652
377.15 353.075 0.523281
228.659 354.935 0.501047
239.179 348.73 0.403488
245.601 345.987 0.318263
249.105 348.343 0.243356
255.126 344.874 0.183055
257.833 344.994 0.149033
262.759 343.959 0.119343
266.505 344.882 0.115823
270.806 344.212 0.111797
274.025 342.906 0.12444
277.068 342.546 0.120575
280.36 342.001 0.111132
283.894 341.297 0.110327
286.844 343.671 0.111471
291.073 343.261 0.111266
294.005 341.56 0.111824
296.962 341.621 0.104046
300 341.592 0.106281
303.038 341.621 0.104046
305.995 341.56 0.111824
308.927 343.261 0.111266
313.156 343.671 0.111471
316.106 341.297 0.110327
319.64 342.001 0.111132
322.932 342.546 0.120575
325.975 342.906 0.12444
329.194 344.212 0.111797
333.495 344.882 0.115823
337.241 343.959 0.119343
342.167 344.994 0.149033
344.874 344.874 0.183055
350.895 348.343 0.243356
354.399 345.987 0.318263
360.821 348.73 0.403488
371.341 354.935 0.501047
233.661 355.958 0.484856
243.377 352.111 0.389771
250.552 349.448 0.329097
251.657 350.895 0.243356
258.415 348.845 0.182047
260.478 349.053 0.141867
266.989 347.54 0.137914
268.982 348.547 0.132027
274.156 345.314 0.108841
277.729 346.81 0.107586
280.784 346.959 0.106294
283.905 345.037 0.109023
286.687 345.756 0.112273
290.08 345.582 0.12081
293.502 346.063 0.116939
296.61 345.832 0.109756
300 345.898 0.10627
303.39 345.832 0.109756
306.498 346.063 0.116939
309.92 345.582 0.12081
313.313 345.756 0.112273
316.095 345.037 0.109023
319.216 346.959 0.106294
322.271 346.81 0.107586
325.844 345.314 0.108841
331.018 348.547 0.132027
333.011 347.54 0.137914
339.522 349.053 0.141867
341.585 348.845 0.182047
348.343 350.895 0.243356
349.448 349.448 0.329097
356.623 352.111 0.389771
366.339 355.958 0.484856
229.907 364.185 0.569438
241.612 358.388 0.477042
247.889 356.623 0.389771
254.013 354.399 0.318263
255.222 356.429 0.254923
263.028 353.406 0.194377
264.305 351.965 0.155469
269.915 350.275 0.141706
272.506 351.309 0.130867
276.392 351.721 0.118371
280.328 350.11 0.114438
283.654 352.533 0.114658
287.129 350.222 0.118778
290.1 349.878 0.121552
293.305 349.13 0.124991
296.337 349.461 0.114989
300 350.46 0.117654
303.663 349.461 0.114989
306.695 349.13 0.124991
309.9 349.878 0.121552
312.871 350.222 0.118778
316.346 352.533 0.114658
319.672 350.11 0.114438
323.608 351.721 0.118371
327.494 351.309 0.130867
330.085 350.275 0.141706
335.695 351.965 0.155469
336.972 353.406 0.194377
344.778 356.429 0.254923
345.987 354.399 0.318263
352.111 356.623 0.389771
358.388 358.388 0.477042
370.093 364.185 0.569438
235.815 370.093 0.569438
244.042 366.339 0.484856
251.27 360.821 0.403488
257.578 358.467 0.341567
259.544 358.584 0.276462
265.079 357.388 0.21174
268.449 356.992 0.168471
271.439 355.489 0.145724
276.414 353.724 0.13608
279.182 355.739 0.12717
282.821 352.949 0.12905
285.938 352.089 0.13004
290.157 353.001 0.120736
293.574 352.863 0.126676
296.675 353.261 0.12414
300 353.713 0.113765
303.325 353.261 0.12414
306.426 352.863 0.126676
309.843 353.001 0.120736
314.062 352.089 0.13004
317.179 352.949 0.12905
320.818 355.739 0.12717
323.586 353.724 0.13608
328.561 355.489 0.145724
331.551 356.992 0.168471
334.921 357.388 0.21174
340.456 358.584 0.276462
342.422 358.467 0.341567
348.73 360.821 0.403488
355.958 366.339 0.484856
364.185 370.093 0.569438
245.065 371.341 0.501047
253.156 364.269 0.420652
258.499 362.504 0.361829
263.11 362.386 0.297372
268.491 363.445 0.25679
273.092 360.041 0.20078
275.347 360.895 0.170322
279.294 359.496 0.1558
282.763 359.649 0.142846
286.876 358.278 0.127639
289.804 358.293 0.123379
292.831 357.517 0.126116
296.37 357.984 0.127206
300 358.132 0.129369
303.63 357.984 0.127206
307.169 357.517 0.126116
310.196 358.293 0.123379
313.124 358.278 0.127639
317.237 359.649 0.142846
320.706 359.496 0.1558
324.653 360.895 0.170322
326.908 360.041 0.20078
331.509 363.445 0.25679
336.89 362.386 0.297372
341.501 362.504 0.361829
346.844 364.269 0.420652
354.935 371.341 0.501047
246.925 377.15 0.523281
257.376 369.549 0.453515
262.674 367.026 0.398839
267.727 365.74 0.357183
269.592 365.596 0.302132
274.803 366.576 0.251842
279.059 366.27 0.21703
283.518 364.148 0.199989
286.685 363.963 0.190934
290.173 364.116 0.17819
293.527 363.262 0.173326
296.568 362.414 0.180079
300 362.47 0.18043
303.432 362.414 0.180079
306.473 363.262 0.173326
309.827 364.116 0.17819
313.315 363.963 0.190934
316.482 364.148 0.199989
320.941 366.27 0.21703
325.197 366.576 0.251842
330.408 365.596 0.302132
332.273 365.74 0.357183
337.326 367.026 0.398839
342.624 369.549 0.453515
353.075 377.15 0.523281
253.444 379.833 0.574605
259.81 378.453 0.501239
266.478 372.9 0.440154
271.891 372.077 0.401764
274.439 370.79 0.362415
279.59 371.117 0.326663
282.766 371.16 0.305799
286.171 370.519 0.285151
289.079 370.78 0.273071
292.844 370.512 0.256851
296.653 370.45 0.260198
300 370.681 0.259442
303.347 370.45 0.260198
307.156 370.512 0.256851
310.921 370.78 0.273071
313.829 370.519 0.285151
317.234 371.16 0.305799
320.41 371.117 0.326663
325.561 370.79 0.362415
328.109 372.077 0.401764
333.522 372.9 0.440154
340.19 378.453 0.501239
346.556 379.833 0.574605
263.465 385.258 0.566016
268.396 384.537 0.51275
272.899 379.199 0.471862
277.364 376.597 0.436355
282.531 375.418 0.422238
286.331 376.67 0.399532
289.806 376.854 0.393013
293.778 375.956 0.390277
296.212 375.676 0.38232
300 375.601 0.371812
303.788 375.676 0.38232
306.222 375.956 0.390277
310.194 376.854 0.393013
313.669 376.67 0.399532
317.469 375.418 0.422238
322.636 376.597 0.436355
327.101 379.199 0.471862
331.604 384.537 0.51275
336.535 385.258 0.566016
274.714 390.159 0.562978
281.028 388.004 0.549434
285.301 390.1 0.528132
289.197 389.571 0.523028
292.554 390.333 0.509113
296.483 388.477 0.507933
300 390.352 0.511445
303.517 388.477 0.507933
307.446 390.333 0.509113
310.803 389.571 0.523028
314.699 390.1 0.528132
318.972 388.004 0.549434
325.286 390.159 0.562978
end.
