begin.
260.079 163.504 0.562978
270.179 170.016 0.544767
276.453 163.438 0.515867
283.146 167.847 0.505385
289.123 162.744 0.492778
294.125 171.241 0.493786
300 162.351 0.495734
305.875 171.241 0.493786
310.877 162.744 0.492778
316.854 167.847 0.505385
323.547 163.438 0.515867
329.821 170.016 0.544767
339.921 163.504 0.562978
243.277 170.538 0.562062
254.412 172.66 0.508796
258.181 183.069 0.468499
265.527 186.286 0.433202
274.072 184.703 0.40508
279.315 182.299 0.387475
284.119 181.221 0.380097
290.045 183.569 0.374481
294.162 184.839 0.364457
300 182.8 0.351767
305.838 184.839 0.364457
309.955 183.569 0.374481
315.881 181.221 0.380097
320.685 182.299 0.387475
325.928 184.703 0.40508
334.473 186.286 0.433202
341.819 183.069 0.468499
345.588 172.66 0.508796
356.723 170.538 0.562062
229.328 179.083 0.574605
241.712 183.164 0.501239
248.894 192.084 0.443345
257.477 189.901 0.402477
259.793 189.337 0.354766
267.78 191.342 0.308506
274.386 192.452 0.286593
278.665 192.37 0.275709
283.282 190.645 0.256269
289.392 192.025 0.23987
294.714 193.939 0.240429
300 190.759 0.235307
305.286 193.939 0.240429
310.608 192.025 0.23987
316.718 190.645 0.256269
321.335 192.37 0.275709
325.614 192.452 0.286593
332.22 191.342 0.308506
340.207 189.337 0.354766
342.523 189.901 0.402477
351.106 192.084 0.443345
358.288 183.164 0.501239
370.672 179.083 0.574605
219.004 182.644 0.523281
236.611 196.754 0.456564
243.548 194.756 0.391202
252.047 196.26 0.344907
251.262 197.209 0.291089
259.141 198.818 0.233414
268.488 200.256 0.205214
275.351 198.467 0.184524
280.33 197.831 0.178887
284.166 200.421 0.166231
290.211 198.667 0.162602
293.179 200.604 0.16403
300 198.448 0.153961
306.821 200.604 0.16403
309.789 198.667 0.162602
315.834 200.421 0.166231
319.67 197.831 0.178887
324.649 198.467 0.184524
331.512 200.256 0.205214
340.859 198.818 0.233414
348.738 197.209 0.291089
347.953 196.26 0.344907
356.452 194.756 0.391202
363.389 196.754 0.456564
380.996 182.644 0.523281
217.82 192.166 0.497452
229.242 202.723 0.41205
235.334 201.985 0.345002
243.649 203.395 0.278665
253.459 206.063 0.233706
259.572 207.323 0.194792
258.629 205.014 0.167727
267.522 205.184 0.140804
274.358 204.247 0.119862
278.759 210.996 0.110014
282.932 205.454 0.10121
289.119 207.554 0.100872
294.131 207.608 0.100195
300 207.014 0.0954667
305.869 207.608 0.100195
310.881 207.554 0.100872
317.068 205.454 0.10121
321.241 210.996 0.110014
325.642 204.247 0.119862
332.478 205.184 0.140804
341.371 205.014 0.167727
340.428 207.323 0.194792
346.541 206.063 0.233706
356.351 203.395 0.278665
364.666 201.985 0.345002
370.758 202.723 0.41205
382.18 192.166 0.497452
203.321 192.976 0.569438
217.709 203.388 0.481261
224.658 208.373 0.394037
237.704 211.083 0.319554
240.27 211.908 0.262588
245.833 209.277 0.190631
251.637 211.064 0.162024
254.672 212.133 0.132241
261.949 212.831 0.107373
265.815 209.539 0.1047
268.484 215.925 0.0906318
276.223 218.553 0.0938786
284.344 212.581 0.0799223
291.63 214.17 0.0985888
291.95 213.549 0.0975657
300 213.562 0.0701614
308.05 213.549 0.0975657
308.37 214.17 0.0985888
315.656 212.581 0.0799223
323.777 218.553 0.0938786
331.516 215.925 0.0906318
334.185 209.539 0.1047
338.051 212.831 0.107373
345.328 212.133 0.132241
348.363 211.064 0.162024
354.167 209.277 0.190631
359.73 211.908 0.262588
362.296 211.083 0.319554
375.342 208.373 0.394037
382.291 203.388 0.481261
396.679 192.976 0.569438
192.976 203.321 0.569438
213.785 213.785 0.478371
220.153 215.486 0.388068
232.568 218.524 0.31067
227.877 213.205 0.225966
242.535 216.382 0.189538
243.423 217.449 0.149043
252.732 221.338 0.11255
258.149 220.096 0.0986102
263.64 218.088 0.0864757
268.857 224.877 0.0813346
272.265 209.694 0.0686295
278.602 219.864 0.0840176
284.251 220.853 0.0697141
289.031 223.004 0.0805718
294.989 221.083 0.0647541
300 219.931 0.076794
305.011 221.083 0.0647541
310.969 223.004 0.0805718
315.749 220.853 0.0697141
321.398 219.864 0.0840176
327.735 209.694 0.0686295
331.143 224.877 0.0813346
336.36 218.088 0.0864757
341.851 220.096 0.0986102
347.268 221.338 0.11255
356.577 217.449 0.149043
357.465 216.382 0.189538
372.123 213.205 0.225966
367.432 218.524 0.31067
379.847 215.486 0.388068
386.215 213.785 0.478371
407.024 203.321 0.569438
203.388 217.709 0.481261
215.486 220.153 0.388068
226.825 226.825 0.312393
226.995 220.574 0.213222
233.54 220.211 0.17375
238.039 223.558 0.119984
243.575 223.693 0.098845
248.771 218.07 0.0928137
256.862 225.279 0.0856355
262.555 225.006 0.0664081
270.354 220.817 0.0802045
272.699 228.143 0.0806873
275.828 226.578 0.0770058
281.982 228.739 0.0862552
289.321 226.867 0.0825612
296.53 228.451 0.0713261
300 225.914 0.0773135
303.47 228.451 0.0713261
310.679 226.867 0.0825612
318.018 228.739 0.0862552
324.172 226.578 0.0770058
327.301 228.143 0.0806873
329.646 220.817 0.0802045
337.445 225.006 0.0664081
343.138 225.279 0.0856355
351.229 218.07 0.0928137
356.425 223.693 0.098845
361.961 223.558 0.119984
366.46 220.211 0.17375
373.005 220.574 0.213222
373.175 226.825 0.312393
384.514 220.153 0.388068
396.612 217.709 0.481261
192.166 217.82 0.497452
208.373 224.658 0.394037
218.524 232.568 0.31067
220.574 226.995 0.213222
228.193 228.193 0.167154
234.508 228.411 0.116083
239.56 228.814 0.0939687
246.981 230.159 0.0915612
251.309 226.736 0.0762043
257.037 229.477 0.0806567
263.411 230.888 0.0816687
273.213 233.812 0.0782846
274.813 234.149 0.0745356
280.711 228.791 0.0799516
287.771 228.835 0.0785803
290.43 234.507 0.0720002
292.669 232.561 0.0717631
300 233.083 0.0587266
307.331 232.561 0.0717631
309.57 234.507 0.0720002
312.229 228.835 0.0785803
319.289 228.791 0.0799516
325.187 234.149 0.0745356
326.787 233.812 0.0782846
336.589 230.888 0.0816687
342.963 229.477 0.0806567
348.691 226.736 0.0762043
353.019 230.159 0.0915612
360.44 228.814 0.0939687
365.492 228.411 0.116083
371.807 228.193 0.167154
379.426 226.995 0.213222
381.476 232.568 0.31067
391.627 224.658 0.394037
407.834 217.82 0.497452
182.644 219.004 0.523281
202.723 229.242 0.41205
211.083 237.704 0.319554
213.205 227.877 0.225966
220.211 233.54 0.17375
228.411 234.508 0.116083
236.656 236.656 0.0974786
241.821 234.875 0.0802936
247.756 232.705 0.0825781
254.344 235.772 0.069299
258.234 241.709 0.0720953
263.79 232.221 0.0785614
268.087 238.681 0.0646724
271.888 239.826 0.0617474
281.277 235.33 0.0691586
284.719 233.864 0.0769369
286.112 239.203 0.0596958
296.346 238.732 0.0612501
300 244.926 0.0808937
303.654 238.732 0.0612501
313.888 239.203 0.0596958
315.281 233.864 0.0769369
318.723 235.33 0.0691586
328.112 239.826 0.0617474
331.913 238.681 0.0646724
336.21 232.221 0.0785614
341.766 241.709 0.0720953
345.656 235.772 0.069299
352.244 232.705 0.0825781
358.179 234.875 0.0802936
363.344 236.656 0.0974786
371.589 234.508 0.116083
379.789 233.54 0.17375
386.795 227.877 0.225966
388.917 237.704 0.319554
397.277 229.242 0.41205
417.356 219.004 0.523281
179.083 229.328 0.574605
196.754 236.611 0.456564
201.985 235.334 0.345002
211.908 240.27 0.262588
216.382 242.535 0.189538
223.558 238.039 0.119984
228.814 239.56 0.0939687
234.875 241.821 0.0802936
240.476 240.476 0.0701397
245.988 238.974 0.0641083
251 242.423 0.0603433
258.995 246.869 0.0863162
261.757 240.192 0.065431
266.227 243.881 0.0747335
276.791 243.385 0.0629676
281.067 243.368 0.0792847
283.919 244.905 0.080852
289.449 244.64 0.0623456
293.675 242.765 0.0693114
300 244.311 0.0792551
306.325 242.765 0.0693114
310.551 244.64 0.0623456
316.081 244.905 0.080852
318.933 243.368 0.0792847
323.209 243.385 0.0629676
333.773 243.881 0.0747335
338.243 240.192 0.065431
341.005 246.869 0.0863162
349 242.423 0.0603433
354.012 238.974 0.0641083
359.524 240.476 0.0701397
365.125 241.821 0.0802936
371.186 239.56 0.0939687
376.442 238.039 0.119984
383.618 242.535 0.189538
388.092 240.27 0.262588
398.015 235.334 0.345002
403.246 236.611 0.456564
420.917 229.328 0.574605
183.164 241.712 0.501239
194.756 243.548 0.391202
203.395 243.649 0.278665
209.277 245.833 0.190631
217.449 243.423 0.149043
223.693 243.575 0.098845
230.159 246.981 0.0915612
232.705 247.756 0.0825781
238.974 245.988 0.0641083
249.557 249.557 0.0731247
253.467 247.778 0.0681304
261.145 246.215 0.077548
264.42 250.386 0.082122
270.652 247.846 0.074691
269.784 245.941 0.0762695
277.293 250.183 0.0618712
287.027 254.758 0.0752892
294.062 249.483 0.0722334
295.417 248.727 0.0758876
300 253.112 0.0751056
304.583 248.727 0.0758876
305.938 249.483 0.0722334
312.973 254.758 0.0752892
322.707 250.183 0.0618712
330.216 245.941 0.0762695
329.348 247.846 0.074691
335.58 250.386 0.082122
338.855 246.215 0.077548
346.533 247.778 0.0681304
350.443 249.557 0.0731247
361.026 245.988 0.0641083
367.295 247.756 0.0825781
369.841 246.981 0.0915612
376.307 243.575 0.098845
382.551 243.423 0.149043
390.723 245.833 0.190631
396.605 243.649 0.278665
405.244 243.548 0.391202
416.836 241.712 0.501239
170.538 243.277 0.562062
192.084 248.894 0.443345
196.26 252.047 0.344907
206.063 253.459 0.233706
211.064 251.637 0.162024
221.338 252.732 0.11255
218.07 248.771 0.0928137
226.736 251.309 0.0762043
235.772 254.344 0.069299
242.423 251 0.0603433
247.778 253.467 0.0681304
253.605 253.605 0.0657873
259.995 252.316 0.085503
262.611 253.479 0.0830283
271.851 253.922 0.0759085
273.123 255.449 0.0728466
280.438 255.506 0.0675788
284.603 248.271 0.0692545
289.164 253.614 0.0720401
293.271 256.898 0.0662849
300 251.987 0.0784632
306.729 256.898 0.0662849
310.836 253.614 0.0720401
315.397 248.271 0.0692545
319.562 255.506 0.0675788
326.877 255.449 0.0728466
328.149 253.922 0.0759085
337.389 253.479 0.0830283
340.005 252.316 0.085503
346.395 253.605 0.0657873
352.222 253.467 0.0681304
357.577 251 0.0603433
364.228 254.344 0.069299
373.264 251.309 0.0762043
381.93 248.771 0.0928137
378.662 252.732 0.11255
388.936 251.637 0.162024
393.937 253.459 0.233706
403.74 252.047 0.344907
407.916 248.894 0.443345
429.462 243.277 0.562062
172.66 254.412 0.508796
189.901 257.477 0.402477
197.209 251.262 0.291089
207.323 259.572 0.194792
212.133 254.672 0.132241
220.096 258.149 0.0986102
225.279 256.862 0.0856355
229.477 257.037 0.0806567
241.709 258.234 0.0720953
246.869 258.995 0.0863162
246.215 261.145 0.077548
252.316 259.995 0.085503
258.831 258.831 0.0787985
262.877 259.147 0.0714388
269.017 259.799 0.0627957
272.956 260.764 0.0843882
278.205 260.52 0.0787874
284.148 259.706 0.0781895
290.617 259.441 0.0739162
299.192 259.086 0.0881972
300 260.326 0.0918102
300.808 259.086 0.0881972
309.383 259.441 0.0739162
315.852 259.706 0.0781895
321.795 260.52 0.0787874
327.044 260.764 0.0843882
330.983 259.799 0.0627957
337.123 259.147 0.0714388
341.169 258.831 0.0787985
347.684 259.995 0.085503
353.785 261.145 0.077548
353.131 258.995 0.0863162
358.291 258.234 0.0720953
370.523 257.037 0.0806567
374.721 256.862 0.0856355
379.904 258.149 0.0986102
387.867 254.672 0.132241
392.677 259.572 0.194792
402.791 251.262 0.291089
410.099 257.477 0.402477
427.34 254.412 0.508796
183.069 258.181 0.468499
189.337 259.793 0.354766
198.818 259.141 0.233414
205.014 258.629 0.167727
212.831 261.949 0.107373
218.088 263.64 0.0864757
225.006 262.555 0.0664081
230.888 263.411 0.0816687
232.221 263.79 0.0785614
240.192 261.757 0.065431
250.386 264.42 0.082122
253.479 262.611 0.0830283
259.147 262.877 0.0714388
264.84 264.84 0.0581089
272.213 265.985 0.0723536
275.336 261.985 0.0841317
280.584 267.465 0.0695826
283.853 259.728 0.0802324
292.525 263.606 0.076868
294.324 264.321 0.0738259
300 265.458 0.06349
305.676 264.321 0.0738259
307.475 263.606 0.076868
316.147 259.728 0.0802324
319.416 267.465 0.0695826
324.664 261.985 0.0841317
327.787 265.985 0.0723536
335.16 264.84 0.0581089
340.853 262.877 0.0714388
346.521 262.611 0.0830283
349.614 264.42 0.082122
359.808 261.757 0.065431
367.779 263.79 0.0785614
369.112 263.411 0.0816687
374.994 262.555 0.0664081
381.912 263.64 0.0864757
387.169 261.949 0.107373
394.986 258.629 0.167727
401.182 259.141 0.233414
410.663 259.793 0.354766
416.931 258.181 0.468499
163.504 260.079 0.562978
186.286 265.527 0.433202
191.342 267.78 0.308506
200.256 268.488 0.205214
205.184 267.522 0.140804
209.539 265.815 0.1047
224.877 268.857 0.0813346
220.817 270.354 0.0802045
233.812 273.213 0.0782846
238.681 268.087 0.0646724
243.881 266.227 0.0747335
247.846 270.652 0.074691
253.922 271.851 0.0759085
259.799 269.017 0.0627957
265.985 272.213 0.0723536
269.806 269.806 0.0773919
276.88 272.712 0.0624265
279.067 266.832 0.0758897
287.363 266.622 0.0688209
288.706 269.794 0.0638687
294.826 269.664 0.0622878
300 271.521 0.0615966
305.174 269.664 0.0622878
311.294 269.794 0.0638687
312.637 266.622 0.0688209
320.933 266.832 0.0758897
323.12 272.712 0.0624265
330.194 269.806 0.0773919
334.015 272.213 0.0723536
340.201 269.017 0.0627957
346.078 271.851 0.0759085
352.154 270.652 0.074691
356.119 266.227 0.0747335
361.319 268.087 0.0646724
366.188 273.213 0.0782846
379.183 270.354 0.0802045
375.123 268.857 0.0813346
390.461 265.815 0.1047
394.816 267.522 0.140804
399.744 268.488 0.205214
408.658 267.78 0.308506
413.714 265.527 0.433202
436.496 260.079 0.562978
170.016 270.179 0.544767
184.703 274.072 0.40508
192.452 274.386 0.286593
198.467 275.351 0.184524
204.247 274.358 0.119862
215.925 268.484 0.0906318
209.694 272.265 0.0686295
228.143 272.699 0.0806873
234.149 274.813 0.0745356
239.826 271.888 0.0617474
243.385 276.791 0.0629676
245.941 269.784 0.0762695
255.449 273.123 0.0728466
260.764 272.956 0.0843882
261.985 275.336 0.0841317
272.712 276.88 0.0624265
272.26 272.26 0.0759486
280.321 276.108 0.0690157
284.835 274.487 0.065767
290.657 275.711 0.0740235
293.038 275.055 0.0733587
300 280.973 0.0769054
306.962 275.055 0.0733587
309.343 275.711 0.0740235
315.165 274.487 0.065767
319.679 276.108 0.0690157
327.74 272.26 0.0759486
327.288 276.88 0.0624265
338.015 275.336 0.0841317
339.236 272.956 0.0843882
344.551 273.123 0.0728466
354.059 269.784 0.0762695
356.615 276.791 0.0629676
360.174 271.888 0.0617474
365.851 274.813 0.0745356
371.857 272.699 0.0806873
390.306 272.265 0.0686295
384.075 268.484 0.0906318
395.753 274.358 0.119862
401.533 275.351 0.184524
407.548 274.386 0.286593
415.297 274.072 0.40508
429.984 270.179 0.544767
163.438 276.453 0.515867
182.299 279.315 0.387475
192.37 278.665 0.275709
197.831 280.33 0.178887
210.996 278.759 0.110014
218.553 276.223 0.0938786
219.864 278.602 0.0840176
226.578 275.828 0.0770058
228.791 280.711 0.0799516
235.33 281.277 0.0691586
243.368 281.067 0.0792847
250.183 277.293 0.0618712
255.506 280.438 0.0675788
260.52 278.205 0.0787874
267.465 280.584 0.0695826
266.832 279.067 0.0758897
276.108 280.321 0.0690157
281.516 281.516 0.067037
286.568 279.766 0.0642436
292.773 283.505 0.0790084
292.354 284.176 0.0910464
300 279.063 0.0759421
307.646 284.176 0.0910464
307.227 283.505 0.0790084
313.432 279.766 0.0642436
318.484 281.516 0.067037
323.892 280.321 0.0690157
333.168 279.067 0.0758897
332.535 280.584 0.0695826
339.48 278.205 0.0787874
344.494 280.438 0.0675788
349.817 277.293 0.0618712
356.632 281.067 0.0792847
364.67 281.277 0.0691586
371.209 280.711 0.0799516
373.422 275.828 0.0770058
380.136 278.602 0.0840176
381.447 276.223 0.0938786
389.004 278.759 0.110014
402.169 280.33 0.178887
407.63 278.665 0.275709
417.701 279.315 0.387475
436.562 276.453 0.515867
167.847 283.146 0.505385
181.221 284.119 0.380097
190.645 283.282 0.256269
200.421 284.166 0.166231
205.454 282.932 0.10121
212.581 284.344 0.0799223
220.853 284.251 0.0697141
228.739 281.982 0.0862552
228.835 287.771 0.0785803
233.864 284.719 0.0769369
244.905 283.919 0.080852
254.758 287.027 0.0752892
248.271 284.603 0.0692545
259.706 284.148 0.0781895
259.728 283.853 0.0802324
266.622 287.363 0.0688209
274.487 284.835 0.065767
279.766 286.568 0.0642436
287.303 287.303 0.110911
287.081 287.658 0.107892
296.953 284.82 0.0927638
300 287.357 0.090799
303.047 284.82 0.0927638
312.919 287.658 0.107892
312.697 287.303 0.110911
320.234 286.568 0.0642436
325.513 284.835 0.065767
333.378 287.363 0.0688209
340.272 283.853 0.0802324
340.294 284.148 0.0781895
351.729 284.603 0.0692545
345.242 287.027 0.0752892
355.095 283.919 0.080852
366.136 284.719 0.0769369
371.165 287.771 0.0785803
371.261 281.982 0.0862552
379.147 284.251 0.0697141
387.419 284.344 0.0799223
394.546 282.932 0.10121
399.579 284.166 0.166231
409.355 283.282 0.256269
418.779 284.119 0.380097
432.153 283.146 0.505385
162.744 289.123 0.492778
183.569 290.045 0.374481
192.025 289.392 0.23987
198.667 290.211 0.162602
207.554 289.119 0.100872
214.17 291.63 0.0985888
223.004 289.031 0.0805718
226.867 289.321 0.0825612
234.507 290.43 0.0720002
239.203 286.112 0.0596958
244.64 289.449 0.0623456
249.483 294.062 0.0722334
253.614 289.164 0.0720401
259.441 290.617 0.0739162
263.606 292.525 0.076868
269.794 288.706 0.0638687
275.711 290.657 0.0740235
283.505 292.773 0.0790084
287.658 287.081 0.107892
289.026 289.026 0.108837
295.686 288.869 0.0929009
300 292.606 0.0869808
304.314 288.869 0.0929009
310.974 289.026 0.108837
312.342 287.081 0.107892
316.495 292.773 0.0790084
324.289 290.657 0.0740235
330.206 288.706 0.0638687
336.394 292.525 0.076868
340.559 290.617 0.0739162
346.386 289.164 0.0720401
350.517 294.062 0.0722334
355.36 289.449 0.0623456
360.797 286.112 0.0596958
365.493 290.43 0.0720002
373.133 289.321 0.0825612
376.996 289.031 0.0805718
385.83 291.63 0.0985888
392.446 289.119 0.100872
401.333 290.211 0.162602
407.975 289.392 0.23987
416.431 290.045 0.374481
437.256 289.123 0.492778
171.241 294.125 0.493786
184.839 294.162 0.364457
193.939 294.714 0.240429
200.604 293.179 0.16403
207.608 294.131 0.100195
213.549 291.95 0.0975657
221.083 294.989 0.0647541
228.451 296.53 0.0713261
232.561 292.669 0.0717631
238.732 296.346 0.0612501
242.765 293.675 0.0693114
248.727 295.417 0.0758876
256.898 293.271 0.0662849
259.086 299.192 0.0881972
264.321 294.324 0.0738259
269.664 294.826 0.0622878
275.055 293.038 0.0733587
284.176 292.354 0.0910464
284.82 296.953 0.0927638
288.869 295.686 0.0929009
293.87 293.87 0.0770798
300 307.113 0.0934255
306.13 293.87 0.0770798
311.131 295.686 0.0929009
315.18 296.953 0.0927638
315.824 292.354 0.0910464
324.945 293.038 0.0733587
330.336 294.826 0.0622878
335.679 294.324 0.0738259
340.914 299.192 0.0881972
343.102 293.271 0.0662849
351.273 295.417 0.0758876
357.235 293.675 0.0693114
361.268 296.346 0.0612501
367.439 292.669 0.0717631
371.549 296.53 0.0713261
378.917 294.989 0.0647541
386.451 291.95 0.0975657
392.392 294.131 0.100195
399.396 293.179 0.16403
406.061 294.714 0.240429
415.161 294.162 0.364457
428.759 294.125 0.493786
162.351 300 0.495734
182.8 300 0.351767
190.759 300 0.235307
198.448 300 0.153961
207.014 300 0.0954667
213.562 300 0.0701614
219.931 300 0.076794
225.914 300 0.0773135
233.083 300 0.0587266
244.926 300 0.0808937
244.311 300 0.0792551
253.112 300 0.0751056
251.987 300 0.0784632
260.326 300 0.0918102
265.458 300 0.06349
271.521 300 0.0615966
280.973 300 0.0769054
279.063 300 0.0759421
287.357 300 0.090799
292.606 300 0.0869808
307.113 300 0.0934255
300 300 0.0506812
292.887 300 0.0934255
307.394 300 0.0869808
312.643 300 0.090799
320.937 300 0.0759421
319.027 300 0.0769054
328.479 300 0.0615966
334.542 300 0.06349
339.674 300 0.0918102
348.013 300 0.0784632
346.888 300 0.0751056
355.689 300 0.0792551
355.074 300 0.0808937
366.917 300 0.0587266
374.086 300 0.0773135
380.069 300 0.076794
386.438 300 0.0701614
392.986 300 0.0954667
401.552 300 0.153961
409.241 300 0.235307
417.2 300 0.351767
437.649 300 0.495734
171.241 305.875 0.493786
184.839 305.838 0.364457
193.939 305.286 0.240429
200.604 306.821 0.16403
207.608 305.869 0.100195
213.549 308.05 0.0975657
221.083 305.011 0.0647541
228.451 303.47 0.0713261
232.561 307.331 0.0717631
238.732 303.654 0.0612501
242.765 306.325 0.0693114
248.727 304.583 0.0758876
256.898 306.729 0.0662849
259.086 300.808 0.0881972
264.321 305.676 0.0738259
269.664 305.174 0.0622878
275.055 306.962 0.0733587
284.176 307.646 0.0910464
284.82 303.047 0.0927638
288.869 304.314 0.0929009
293.87 306.13 0.0770798
300 292.887 0.0934255
306.13 306.13 0.0770798
311.131 304.314 0.0929009
315.18 303.047 0.0927638
315.824 307.646 0.0910464
324.945 306.962 0.0733587
330.336 305.174 0.0622878
335.679 305.676 0.0738259
340.914 300.808 0.0881972
343.102 306.729 0.0662849
351.273 304.583 0.0758876
357.235 306.325 0.0693114
361.268 303.654 0.0612501
367.439 307.331 0.0717631
371.549 303.47 0.0713261
378.917 305.011 0.0647541
386.451 308.05 0.0975657
392.392 305.869 0.100195
399.396 306.821 0.16403
406.061 305.286 0.240429
415.161 305.838 0.364457
428.759 305.875 0.493786
162.744 310.877 0.492778
183.569 309.955 0.374481
192.025 310.608 0.23987
198.667 309.789 0.162602
207.554 310.881 0.100872
214.17 308.37 0.0985888
223.004 310.969 0.0805718
226.867 310.679 0.0825612
234.507 309.57 0.0720002
239.203 313.888 0.0596958
244.64 310.551 0.0623456
249.483 305.938 0.0722334
253.614 310.836 0.0720401
259.441 309.383 0.0739162
263.606 307.475 0.076868
269.794 311.294 0.0638687
275.711 309.343 0.0740235
283.505 307.227 0.0790084
287.658 312.919 0.107892
289.026 310.974 0.108837
295.686 311.131 0.0929009
300 307.394 0.0869808
304.314 311.131 0.0929009
310.974 310.974 0.108837
312.342 312.919 0.107892
316.495 307.227 0.0790084
324.289 309.343 0.0740235
330.206 311.294 0.0638687
336.394 307.475 0.076868
340.559 309.383 0.0739162
346.386 310.836 0.0720401
350.517 305.938 0.0722334
355.36 310.551 0.0623456
360.797 313.888 0.0596958
365.493 309.57 0.0720002
373.133 310.679 0.0825612
376.996 310.969 0.0805718
385.83 308.37 0.0985888
392.446 310.881 0.100872
401.333 309.789 0.162602
407.975 310.608 0.23987
416.431 309.955 0.374481
437.256 310.877 0.492778
167.847 316.854 0.505385
181.221 315.881 0.380097
190.645 316.718 0.256269
200.421 315.834 0.166231
205.454 317.068 0.10121
212.581 315.656 0.0799223
220.853 315.749 0.0697141
228.739 318.018 0.0862552
228.835 312.229 0.0785803
233.864 315.281 0.0769369
244.905 316.081 0.080852
254.758 312.973 0.0752892
248.271 315.397 0.0692545
259.706 315.852 0.0781895
259.728 316.147 0.0802324
266.622 312.637 0.0688209
274.487 315.165 0.065767
279.766 313.432 0.0642436
287.303 312.697 0.110911
287.081 312.342 0.107892
296.953 315.18 0.0927638
300 312.643 0.090799
303.047 315.18 0.0927638
312.919 312.342 0.107892
312.697 312.697 0.110911
320.234 313.432 0.0642436
325.513 315.165 0.065767
333.378 312.637 0.0688209
340.272 316.147 0.0802324
340.294 315.852 0.0781895
351.729 315.397 0.0692545
345.242 312.973 0.0752892
355.095 316.081 0.080852
366.136 315.281 0.0769369
371.165 312.229 0.0785803
371.261 318.018 0.0862552
379.147 315.749 0.0697141
387.419 315.656 0.0799223
394.546 317.068 0.10121
399.579 315.834 0.166231
409.355 316.718 0.256269
418.779 315.881 0.380097
432.153 316.854 0.505385
163.438 323.547 0.515867
182.299 320.685 0.387475
192.37 321.335 0.275709
197.831 319.67 0.178887
210.996 321.241 0.110014
218.553 323.777 0.0938786
219.864 321.398 0.0840176
226.578 324.172 0.0770058
228.791 319.289 0.0799516
235.33 318.723 0.0691586
243.368 318.933 0.0792847
250.183 322.707 0.0618712
255.506 319.562 0.0675788
260.52 321.795 0.0787874
267.465 319.416 0.0695826
266.832 320.933 0.0758897
276.108 319.679 0.0690157
281.516 318.484 0.067037
286.568 320.234 0.0642436
292.773 316.495 0.0790084
292.354 315.824 0.0910464
300 320.937 0.0759421
307.646 315.824 0.0910464
307.227 316.495 0.0790084
313.432 320.234 0.0642436
318.484 318.484 0.067037
323.892 319.679 0.0690157
333.168 320.933 0.0758897
332.535 319.416 0.0695826
339.48 321.795 0.0787874
344.494 319.562 0.0675788
349.817 322.707 0.0618712
356.632 318.933 0.0792847
364.67 318.723 0.0691586
371.209 319.289 0.0799516
373.422 324.172 0.0770058
380.136 321.398 0.0840176
381.447 323.777 0.0938786
389.004 321.241 0.110014
402.169 319.67 0.178887
407.63 321.335 0.275709
417.701 320.685 0.387475
436.562 323.547 0.515867
170.016 329.821 0.544767
184.703 325.928 0.40508
192.452 325.614 0.286593
198.467 324.649 0.184524
204.247 325.642 0.119862
215.925 331.516 0.0906318
209.694 327.735 0.0686295
228.143 327.301 0.0806873
234.149 325.187 0.0745356
239.826 328.112 0.0617474
243.385 323.209 0.0629676
245.941 330.216 0.0762695
255.449 326.877 0.0728466
260.764 327.044 0.0843882
261.985 324.664 0.0841317
272.712 323.12 0.0624265
272.26 327.74 0.0759486
280.321 323.892 0.0690157
284.835 325.513 0.065767
290.657 324.289 0.0740235
293.038 324.945 0.0733587
300 319.027 0.0769054
306.962 324.945 0.0733587
309.343 324.289 0.0740235
315.165 325.513 0.065767
319.679 323.892 0.0690157
327.74 327.74 0.0759486
327.288 323.12 0.0624265
338.015 324.664 0.0841317
339.236 327.044 0.0843882
344.551 326.877 0.0728466
354.059 330.216 0.0762695
356.615 323.209 0.0629676
360.174 328.112 0.0617474
365.851 325.187 0.0745356
371.857 327.301 0.0806873
390.306 327.735 0.0686295
384.075 331.516 0.0906318
395.753 325.642 0.119862
401.533 324.649 0.184524
407.548 325.614 0.286593
415.297 325.928 0.40508
429.984 329.821 0.544767
163.504 339.921 0.562978
186.286 334.473 0.433202
191.342 332.22 0.308506
200.256 331.512 0.205214
205.184 332.478 0.140804
209.539 334.185 0.1047
224.877 331.143 0.0813346
220.817 329.646 0.0802045
233.812 326.787 0.0782846
238.681 331.913 0.0646724
243.881 333.773 0.0747335
247.846 329.348 0.074691
253.922 328.149 0.0759085
259.799 330.983 0.0627957
265.985 327.787 0.0723536
269.806 330.194 0.0773919
276.88 327.288 0.0624265
279.067 333.168 0.0758897
287.363 333.378 0.0688209
288.706 330.206 0.0638687
294.826 330.336 0.0622878
300 328.479 0.0615966
305.174 330.336 0.0622878
311.294 330.206 0.0638687
312.637 333.378 0.0688209
320.933 333.168 0.0758897
323.12 327.288 0.0624265
330.194 330.194 0.0773919
334.015 327.787 0.0723536
340.201 330.983 0.0627957
346.078 328.149 0.0759085
352.154 329.348 0.074691
356.119 333.773 0.0747335
361.319 331.913 0.0646724
366.188 326.787 0.0782846
379.183 329.646 0.0802045
375.123 331.143 0.0813346
390.461 334.185 0.1047
394.816 332.478 0.140804
399.744 331.512 0.205214
408.658 332.22 0.308506
413.714 334.473 0.433202
436.496 339.921 0.562978
183.069 341.819 0.468499
189.337 340.207 0.354766
198.818 340.859 0.233414
205.014 341.371 0.167727
212.831 338.051 0.107373
218.088 336.36 0.0864757
225.006 337.445 0.0664081
230.888 336.589 0.0816687
232.221 336.21 0.0785614
240.192 338.243 0.065431
250.386 335.58 0.082122
253.479 337.389 0.0830283
259.147 337.123 0.0714388
264.84 335.16 0.0581089
272.213 334.015 0.0723536
275.336 338.015 0.0841317
280.584 332.535 0.0695826
283.853 340.272 0.0802324
292.525 336.394 0.076868
294.324 335.679 0.0738259
300 334.542 0.06349
305.676 335.679 0.0738259
307.475 336.394 0.076868
316.147 340.272 0.0802324
319.416 332.535 0.0695826
324.664 338.015 0.0841317
327.787 334.015 0.0723536
335.16 335.16 0.0581089
340.853 337.123 0.0714388
346.521 337.389 0.0830283
349.614 335.58 0.082122
359.808 338.243 0.065431
367.779 336.21 0.0785614
369.112 336.589 0.0816687
374.994 337.445 0.0664081
381.912 336.36 0.0864757
387.169 338.051 0.107373
394.986 341.371 0.167727
401.182 340.859 0.233414
410.663 340.207 0.354766
416.931 341.819 0.468499
172.66 345.588 0.508796
189.901 342.523 0.402477
197.209 348.738 0.291089
207.323 340.428 0.194792
212.133 345.328 0.132241
220.096 341.851 0.0986102
225.279 343.138 0.0856355
229.477 342.963 0.0806567
241.709 341.766 0.0720953
246.869 341.005 0.0863162
246.215 338.855 0.077548
252.316 340.005 0.085503
258.831 341.169 0.0787985
262.877 340.853 0.0714388
269.017 340.201 0.0627957
272.956 339.236 0.0843882
278.205 339.48 0.0787874
284.148 340.294 0.0781895
290.617 340.559 0.0739162
299.192 340.914 0.0881972
300 339.674 0.0918102
300.808 340.914 0.0881972
309.383 340.559 0.0739162
315.852 340.294 0.0781895
321.795 339.48 0.0787874
327.044 339.236 0.0843882
330.983 340.201 0.0627957
337.123 340.853 0.0714388
341.169 341.169 0.0787985
347.684 340.005 0.085503
353.785 338.855 0.077548
353.131 341.005 0.0863162
358.291 341.766 0.0720953
370.523 342.963 0.0806567
374.721 343.138 0.0856355
379.904 341.851 0.0986102
387.867 345.328 0.132241
392.677 340.428 0.194792
402.791 348.738 0.291089
410.099 342.523 0.402477
427.34 345.588 0.508796
170.538 356.723 0.562062
192.084 351.106 0.443345
196.26 347.953 0.344907
206.063 346.541 0.233706
211.064 348.363 0.162024
221.338 347.268 0.11255
218.07 351.229 0.0928137
226.736 348.691 0.0762043
235.772 345.656 0.069299
242.423 349 0.0603433
247.778 346.533 0.0681304
253.605 346.395 0.0657873
259.995 347.684 0.085503
262.611 346.521 0.0830283
271.851 346.078 0.0759085
273.123 344.551 0.0728466
280.438 344.494 0.0675788
284.603 351.729 0.0692545
289.164 346.386 0.0720401
293.271 343.102 0.0662849
300 348.013 0.0784632
306.729 343.102 0.0662849
310.836 346.386 0.0720401
315.397 351.729 0.0692545
319.562 344.494 0.0675788
326.877 344.551 0.0728466
328.149 346.078 0.0759085
337.389 346.521 0.0830283
340.005 347.684 0.085503
346.395 346.395 0.0657873
352.222 346.533 0.0681304
357.577 349 0.0603433
364.228 345.656 0.069299
373.264 348.691 0.0762043
381.93 351.229 0.0928137
378.662 347.268 0.11255
388.936 348.363 0.162024
393.937 346.541 0.233706
403.74 347.953 0.344907
407.916 351.106 0.443345
429.462 356.723 0.562062
183.164 358.288 0.501239
194.756 356.452 0.391202
203.395 356.351 0.278665
209.277 354.167 0.190631
217.449 356.577 0.149043
223.693 356.425 0.098845
230.159 353.019 0.0915612
232.705 352.244 0.0825781
238.974 354.012 0.0641083
249.557 350.443 0.0731247
253.467 352.222 0.0681304
261.145 353.785 0.077548
264.42 349.614 0.082122
270.652 352.154 0.074691
269.784 354.059 0.0762695
277.293 349.817 0.0618712
287.027 345.242 0.0752892
294.062 350.517 0.0722334
295.417 351.273 0.0758876
300 346.888 0.0751056
304.583 351.273 0.0758876
305.938 350.517 0.0722334
312.973 345.242 0.0752892
322.707 349.817 0.0618712
330.216 354.059 0.0762695
329.348 352.154 0.074691
335.58 349.614 0.082122
338.855 353.785 0.077548
346.533 352.222 0.0681304
350.443 350.443 0.0731247
361.026 354.012 0.0641083
367.295 352.244 0.0825781
369.841 353.019 0.0915612
376.307 356.425 0.098845
382.551 356.577 0.149043
390.723 354.167 0.190631
396.605 356.351 0.278665
405.244 356.452 0.391202
416.836 358.288 0.501239
179.083 370.672 0.574605
196.754 363.389 0.456564
201.985 364.666 0.345002
211.908 359.73 0.262588
216.382 357.465 0.189538
223.558 361.961 0.119984
228.814 360.44 0.0939687
234.875 358.179 0.0802936
240.476 359.524 0.0701397
245.988 361.026 0.0641083
251 357.577 0.0603433
258.995 353.131 0.0863162
261.757 359.808 0.065431
266.227 356.119 0.0747335
276.791 356.615 0.0629676
281.067 356.632 0.0792847
283.919 355.095 0.080852
289.449 355.36 0.0623456
293.675 357.235 0.0693114
300 355.689 0.0792551
306.325 357.235 0.0693114
310.551 355.36 0.0623456
316.081 355.095 0.080852
318.933 356.632 0.0792847
323.209 356.615 0.0629676
333.773 356.119 0.0747335
338.243 359.808 0.065431
341.005 353.131 0.0863162
349 357.577 0.0603433
354.012 361.026 0.0641083
359.524 359.524 0.0701397
365.125 358.179 0.0802936
371.186 360.44 0.0939687
376.442 361.961 0.119984
383.618 357.465 0.189538
388.092 359.73 0.262588
398.015 364.666 0.345002
403.246 363.389 0.456564
420.917 370.672 0.574605
182.644 380.996 0.523281
202.723 370.758 0.41205
211.083 362.296 0.319554
213.205 372.123 0.225966
220.211 366.46 0.17375
228.411 365.492 0.116083
236.656 363.344 0.0974786
241.821 365.125 0.0802936
247.756 367.295 0.0825781
254.344 364.228 0.069299
258.234 358.291 0.0720953
263.79 367.779 0.0785614
268.087 361.319 0.0646724
271.888 360.174 0.0617474
281.277 364.67 0.0691586
284.719 366.136 0.0769369
286.112 360.797 0.0596958
296.346 361.268 0.0612501
300 355.074 0.0808937
303.654 361.268 0.0612501
313.888 360.797 0.0596958
315.281 366.136 0.0769369
318.723 364.67 0.0691586
328.112 360.174 0.0617474
331.913 361.319 0.0646724
336.21 367.779 0.0785614
341.766 358.291 0.0720953
345.656 364.228 0.069299
352.244 367.295 0.0825781
358.179 365.125 0.0802936
363.344 363.344 0.0974786
371.589 365.492 0.116083
379.789 366.46 0.17375
386.795 372.123 0.225966
388.917 362.296 0.319554
397.277 370.758 0.41205
417.356 380.996 0.523281
192.166 382.18 0.497452
208.373 375.342 0.394037
218.524 367.432 0.31067
220.574 373.005 0.213222
228.193 371.807 0.167154
234.508 371.589 0.116083
239.56 371.186 0.0939687
246.981 369.841 0.0915612
251.309 373.264 0.0762043
257.037 370.523 0.0806567
263.411 369.112 0.0816687
273.213 366.188 0.0782846
274.813 365.851 0.0745356
280.711 371.209 0.0799516
287.771 371.165 0.0785803
290.43 365.493 0.0720002
292.669 367.439 0.0717631
300 366.917 0.0587266
307.331 367.439 0.0717631
309.57 365.493 0.0720002
312.229 371.165 0.0785803
319.289 371.209 0.0799516
325.187 365.851 0.0745356
326.787 366.188 0.0782846
336.589 369.112 0.0816687
342.963 370.523 0.0806567
348.691 373.264 0.0762043
353.019 369.841 0.0915612
360.44 371.186 0.0939687
365.492 371.589 0.116083
371.807 371.807 0.167154
379.426 373.005 0.213222
381.476 367.432 0.31067
391.627 375.342 0.394037
407.834 382.18 0.497452
203.388 382.291 0.481261
215.486 379.847 0.388068
226.825 373.175 0.312393
226.995 379.426 0.213222
233.54 379.789 0.17375
238.039 376.442 0.119984
243.575 376.307 0.098845
248.771 381.93 0.0928137
256.862 374.721 0.0856355
262.555 374.994 0.0664081
270.354 379.183 0.0802045
272.699 371.857 0.0806873
275.828 373.422 0.0770058
281.982 371.261 0.0862552
289.321 373.133 0.0825612
296.53 371.549 0.0713261
300 374.086 0.0773135
303.47 371.549 0.0713261
310.679 373.133 0.0825612
318.018 371.261 0.0862552
324.172 373.422 0.0770058
327.301 371.857 0.0806873
329.646 379.183 0.0802045
337.445 374.994 0.0664081
343.138 374.721 0.0856355
351.229 381.93 0.0928137
356.425 376.307 0.098845
361.961 376.442 0.119984
366.46 379.789 0.17375
373.005 379.426 0.213222
373.175 373.175 0.312393
384.514 379.847 0.388068
396.612 382.291 0.481261
192.976 396.679 0.569438
213.785 386.215 0.478371
220.153 384.514 0.388068
232.568 381.476 0.31067
227.877 386.795 0.225966
242.535 383.618 0.189538
243.423 382.551 0.149043
252.732 378.662 0.11255
258.149 379.904 0.0986102
263.64 381.912 0.0864757
268.857 375.123 0.0813346
272.265 390.306 0.0686295
278.602 380.136 0.0840176
284.251 379.147 0.0697141
289.031 376.996 0.0805718
294.989 378.917 0.0647541
300 380.069 0.076794
305.011 378.917 0.0647541
310.969 376.996 0.0805718
315.749 379.147 0.0697141
321.398 380.136 0.0840176
327.735 390.306 0.0686295
331.143 375.123 0.0813346
336.36 381.912 0.0864757
341.851 379.904 0.0986102
347.268 378.662 0.11255
356.577 382.551 0.149043
357.465 383.618 0.189538
372.123 386.795 0.225966
367.432 381.476 0.31067
379.847 384.514 0.388068
386.215 386.215 0.478371
407.024 396.679 0.569438
203.321 407.024 0.569438
217.709 396.612 0.481261
224.658 391.627 0.394037
237.704 388.917 0.319554
240.27 388.092 0.262588
245.833 390.723 0.190631
251.637 388.936 0.162024
254.672 387.867 0.132241
261.949 387.169 0.107373
265.815 390.461 0.1047
268.484 384.075 0.0906318
276.223 381.447 0.0938786
284.344 387.419 0.0799223
291.63 385.83 0.0985888
291.95 386.451 0.0975657
300 386.438 0.0701614
308.05 386.451 0.0975657
308.37 385.83 0.0985888
315.656 387.419 0.0799223
323.777 381.447 0.0938786
331.516 384.075 0.0906318
334.185 390.461 0.1047
338.051 387.169 0.107373
345.328 387.867 0.132241
348.363 388.936 0.162024
354.167 390.723 0.190631
359.73 388.092 0.262588
362.296 388.917 0.319554
375.342 391.627 0.394037
382.291 396.612 0.481261
396.679 407.024 0.569438
217.82 407.834 0.497452
229.242 397.277 0.41205
235.334 398.015 0.345002
243.649 396.605 0.278665
253.459 393.937 0.233706
259.572 392.677 0.194792
258.629 394.986 0.167727
267.522 394.816 0.140804
274.358 395.753 0.119862
278.759 389.004 0.110014
282.932 394.546 0.10121
289.119 392.446 0.100872
294.131 392.392 0.100195
300 392.986 0.0954667
305.869 392.392 0.100195
310.881 392.446 0.100872
317.068 394.546 0.10121
321.241 389.004 0.110014
325.642 395.753 0.119862
332.478 394.816 0.140804
341.371 394.986 0.167727
340.428 392.677 0.194792
346.541 393.937 0.233706
356.351 396.605 0.278665
364.666 398.015 0.345002
370.758 397.277 0.41205
382.18 407.834 0.497452
219.004 417.356 0.523281
236.611 403.246 0.456564
243.548 405.244 0.391202
252.047 403.74 0.344907
251.262 402.791 0.291089
259.141 401.182 0.233414
268.488 399.744 0.205214
275.351 401.533 0.184524
280.33 402.169 0.178887
284.166 399.579 0.166231
290.211 401.333 0.162602
293.179 399.396 0.16403
300 401.552 0.153961
306.821 399.396 0.16403
309.789 401.333 0.162602
315.834 399.579 0.166231
319.67 402.169 0.178887
324.649 401.533 0.184524
331.512 399.744 0.205214
340.859 401.182 0.233414
348.738 402.791 0.291089
347.953 403.74 0.344907
356.452 405.244 0.391202
363.389 403.246 0.456564
380.996 417.356 0.523281
229.328 420.917 0.574605
241.712 416.836 0.501239
248.894 407.916 0.443345
257.477 410.099 0.402477
259.793 410.663 0.354766
267.78 408.658 0.308506
274.386 407.548 0.286593
278.665 407.63 0.275709
283.282 409.355 0.256269
289.392 407.975 0.23987
294.714 406.061 0.240429
300 409.241 0.235307
305.286 406.061 0.240429
310.608 407.975 0.23987
316.718 409.355 0.256269
321.335 407.63 0.275709
325.614 407.548 0.286593
332.22 408.658 0.308506
340.207 410.663 0.354766
342.523 410.099 0.402477
351.106 407.916 0.443345
358.288 416.836 0.501239
370.672 420.917 0.574605
243.277 429.462 0.562062
254.412 427.34 0.508796
258.181 416.931 0.468499
265.527 413.714 0.433202
274.072 415.297 0.40508
279.315 417.701 0.387475
284.119 418.779 0.380097
290.045 416.431 0.374481
294.162 415.161 0.364457
300 417.2 0.351767
305.838 415.161 0.364457
309.955 416.431 0.374481
315.881 418.779 0.380097
320.685 417.701 0.387475
325.928 415.297 0.40508
334.473 413.714 0.433202
341.819 416.931 0.468499
345.588 427.34 0.508796
356.723 429.462 0.562062
260.079 436.496 0.562978
270.179 429.984 0.544767
276.453 436.562 0.515867
283.146 432.153 0.505385
289.123 437.256 0.492778
294.125 428.759 0.493786
300 437.649 0.495734
305.875 428.759 0.493786
310.877 437.256 0.492778
316.854 432.153 0.505385
323.547 436.562 0.515867
329.821 429.984 0.544767
339.921 436.496 0.562978
end.
