begin.
285.484 253.225 1.21178e+08
288.71 253.225 1.28566e+08
291.935 253.225 1.33815e+08
295.161 253.225 1.3715e+08
298.387 253.225 1.38765e+08
301.613 253.225 1.38765e+08
304.839 253.225 1.3715e+08
308.065 253.225 1.33815e+08
311.29 253.225 1.28566e+08
314.516 253.225 1.21178e+08
275.806 256.451 1.1509e+08
279.032 256.451 1.30282e+08
282.258 256.451 1.43107e+08
285.484 256.451 1.53328e+08
288.71 256.451 1.60972e+08
291.935 256.451 1.6628e+08
295.161 256.451 1.69589e+08
298.387 256.451 1.71168e+08
301.613 256.451 1.71168e+08
304.839 256.451 1.69589e+08
308.065 256.451 1.6628e+08
311.29 256.451 1.60972e+08
314.516 256.451 1.53328e+08
317.742 256.451 1.43107e+08
320.968 256.451 1.30282e+08
324.194 256.451 1.1509e+08
272.58 259.677 1.25716e+08
275.806 259.677 1.44027e+08
279.032 259.677 1.59835e+08
282.258 259.677 1.72726e+08
285.484 259.677 1.82649e+08
288.71 259.677 1.89838e+08
291.935 259.677 1.94695e+08
295.161 259.677 1.9765e+08
298.387 259.677 1.99028e+08
301.613 259.677 1.99028e+08
304.839 259.677 1.9765e+08
308.065 259.677 1.94695e+08
311.29 259.677 1.89838e+08
314.516 259.677 1.82649e+08
317.742 259.677 1.72726e+08
320.968 259.677 1.59835e+08
324.194 259.677 1.44027e+08
327.42 259.677 1.25716e+08
269.354 262.903 1.31779e+08
272.58 262.903 1.52629e+08
275.806 262.903 1.70942e+08
279.032 262.903 1.86136e+08
282.258 262.903 1.98048e+08
285.484 262.903 2.06857e+08
288.71 262.903 2.1299e+08
291.935 262.903 2.16992e+08
295.161 262.903 2.19345e+08
298.387 262.903 2.2041e+08
301.613 262.903 2.2041e+08
304.839 262.903 2.19345e+08
308.065 262.903 2.16992e+08
311.29 262.903 2.1299e+08
314.516 262.903 2.06857e+08
317.742 262.903 1.98048e+08
320.968 262.903 1.86136e+08
324.194 262.903 1.70942e+08
327.42 262.903 1.52629e+08
330.646 262.903 1.31779e+08
266.129 266.129 1.33711e+08
269.355 266.129 1.56662e+08
272.58 266.129 1.77042e+08
275.806 266.129 1.94121e+08
279.032 266.129 2.07639e+08
282.258 266.129 2.17731e+08
285.484 266.129 2.24829e+08
288.71 266.129 2.29537e+08
291.935 266.129 2.32472e+08
295.161 266.129 2.34123e+08
298.387 266.129 2.34849e+08
301.613 266.129 2.34849e+08
304.839 266.129 2.34123e+08
308.065 266.129 2.32472e+08
311.29 266.129 2.29537e+08
314.516 266.129 2.24829e+08
317.742 266.129 2.17731e+08
320.968 266.129 2.07639e+08
324.194 266.129 1.94121e+08
327.42 266.129 1.77042e+08
330.645 266.129 1.56662e+08
333.871 266.129 1.33711e+08
262.903 269.354 1.31779e+08
266.129 269.355 1.56662e+08
269.355 269.355 1.78939e+08
272.58 269.355 1.97715e+08
275.806 269.355 2.12624e+08
279.032 269.355 2.23758e+08
282.258 269.355 2.31566e+08
285.484 269.355 2.36726e+08
288.71 269.355 2.39957e+08
291.935 269.355 2.41853e+08
295.161 269.355 2.42864e+08
298.387 269.355 2.4329e+08
301.613 269.355 2.4329e+08
304.839 269.355 2.42864e+08
308.065 269.355 2.41853e+08
311.29 269.355 2.39957e+08
314.516 269.355 2.36726e+08
317.742 269.355 2.31566e+08
320.968 269.355 2.23758e+08
324.194 269.355 2.12624e+08
327.42 269.355 1.97715e+08
330.645 269.355 1.78939e+08
333.871 269.355 1.56662e+08
337.097 269.354 1.31779e+08
259.677 272.58 1.25716e+08
262.903 272.58 1.52629e+08
266.129 272.58 1.77042e+08
269.355 272.58 1.97715e+08
272.58 272.58 2.14109e+08
275.806 272.581 2.26306e+08
279.032 272.581 2.34796e+08
282.258 272.581 2.40331e+08
285.484 272.581 2.43738e+08
288.71 272.581 2.45713e+08
291.935 272.581 2.4677e+08
295.161 272.581 2.47285e+08
298.387 272.581 2.47488e+08
301.613 272.581 2.47488e+08
304.839 272.581 2.47285e+08
308.065 272.581 2.4677e+08
311.29 272.581 2.45713e+08
314.516 272.581 2.43738e+08
317.742 272.581 2.40331e+08
320.968 272.581 2.34796e+08
324.194 272.581 2.26306e+08
327.42 272.58 2.14109e+08
330.645 272.58 1.97715e+08
333.871 272.58 1.77042e+08
337.097 272.58 1.52629e+08
340.323 272.58 1.25716e+08
256.451 275.806 1.1509e+08
259.677 275.806 1.44027e+08
262.903 275.806 1.70942e+08
266.129 275.806 1.94121e+08
269.355 275.806 2.12624e+08
272.581 275.806 2.26306e+08
275.806 275.806 2.35718e+08
279.032 275.806 2.41744e+08
282.258 275.806 2.45353e+08
285.484 275.806 2.47364e+08
288.71 275.806 2.48397e+08
291.935 275.806 2.48871e+08
295.161 275.806 2.49065e+08
298.387 275.806 2.49134e+08
301.613 275.806 2.49134e+08
304.839 275.806 2.49065e+08
308.065 275.806 2.48871e+08
311.29 275.806 2.48397e+08
314.516 275.806 2.47364e+08
317.742 275.806 2.45353e+08
320.968 275.806 2.41744e+08
324.194 275.806 2.35718e+08
327.419 275.806 2.26306e+08
330.645 275.806 2.12624e+08
333.871 275.806 1.94121e+08
337.097 275.806 1.70942e+08
340.323 275.806 1.44027e+08
343.549 275.806 1.1509e+08
256.451 279.032 1.30282e+08
259.677 279.032 1.59835e+08
262.903 279.032 1.86136e+08
266.129 279.032 2.07639e+08
269.355 279.032 2.23758e+08
272.581 279.032 2.34796e+08
275.806 279.032 2.41744e+08
279.032 279.032 2.45776e+08
282.258 279.032 2.47915e+08
285.484 279.032 2.48933e+08
288.71 279.032 2.49358e+08
291.935 279.032 2.49503e+08
295.161 279.032 2.49544e+08
298.387 279.032 2.49555e+08
301.613 279.032 2.49555e+08
304.839 279.032 2.49544e+08
308.065 279.032 2.49503e+08
311.29 279.032 2.49358e+08
314.516 279.032 2.48933e+08
317.742 279.032 2.47915e+08
320.968 279.032 2.45776e+08
324.194 279.032 2.41744e+08
327.419 279.032 2.34796e+08
330.645 279.032 2.23758e+08
333.871 279.032 2.07639e+08
337.097 279.032 1.86136e+08
340.323 279.032 1.59835e+08
343.549 279.032 1.30282e+08
256.451 282.258 1.43107e+08
259.677 282.258 1.72726e+08
262.903 282.258 1.98048e+08
266.129 282.258 2.17731e+08
269.355 282.258 2.31566e+08
272.581 282.258 2.40331e+08
275.806 282.258 2.45353e+08
279.032 282.258 2.47915e+08
282.258 282.258 2.49046e+08
285.484 282.258 2.49459e+08
288.71 282.258 2.49575e+08
291.935 282.258 2.49594e+08
295.161 282.258 2.49597e+08
298.387 282.258 2.49598e+08
301.613 282.258 2.49598e+08
304.839 282.258 2.49597e+08
308.065 282.258 2.49594e+08
311.29 282.258 2.49575e+08
314.516 282.258 2.49459e+08
317.742 282.258 2.49046e+08
320.968 282.258 2.47915e+08
324.194 282.258 2.45353e+08
327.419 282.258 2.40331e+08
330.645 282.258 2.31566e+08
333.871 282.258 2.17731e+08
337.097 282.258 1.98048e+08
340.323 282.258 1.72726e+08
343.549 282.258 1.43107e+08
253.225 285.484 1.21178e+08
256.451 285.484 1.53328e+08
259.677 285.484 1.82649e+08
262.903 285.484 2.06857e+08
266.129 285.484 2.24829e+08
269.355 285.484 2.36726e+08
272.581 285.484 2.43738e+08
275.806 285.484 2.47364e+08
279.032 285.484 2.48933e+08
282.258 285.484 2.49459e+08
285.484 285.484 2.49581e+08
288.71 285.484 2.49597e+08
291.935 285.484 2.496e+08
295.161 285.484 2.49601e+08
298.387 285.484 2.49602e+08
301.613 285.484 2.49602e+08
304.839 285.484 2.49601e+08
308.065 285.484 2.496e+08
311.29 285.484 2.49597e+08
314.516 285.484 2.49581e+08
317.742 285.484 2.49459e+08
320.968 285.484 2.48933e+08
324.194 285.484 2.47364e+08
327.419 285.484 2.43738e+08
330.645 285.484 2.36726e+08
333.871 285.484 2.24829e+08
337.097 285.484 2.06857e+08
340.323 285.484 1.82649e+08
343.549 285.484 1.53328e+08
346.775 285.484 1.21178e+08
253.225 288.71 1.28566e+08
256.451 288.71 1.60972e+08
259.677 288.71 1.89838e+08
262.903 288.71 2.1299e+08
266.129 288.71 2.29537e+08
269.355 288.71 2.39957e+08
272.581 288.71 2.45713e+08
275.806 288.71 2.48397e+08
279.032 288.71 2.49358e+08
282.258 288.71 2.49575e+08
285.484 288.71 2.49597e+08
288.71 288.71 2.496e+08
291.935 288.71 2.49603e+08
295.161 288.71 2.49604e+08
298.387 288.71 2.49604e+08
301.613 288.71 2.49604e+08
304.839 288.71 2.49604e+08
308.065 288.71 2.49603e+08
311.29 288.71 2.496e+08
314.516 288.71 2.49597e+08
317.742 288.71 2.49575e+08
320.968 288.71 2.49358e+08
324.194 288.71 2.48397e+08
327.419 288.71 2.45713e+08
330.645 288.71 2.39957e+08
333.871 288.71 2.29537e+08
337.097 288.71 2.1299e+08
340.323 288.71 1.89838e+08
343.549 288.71 1.60972e+08
346.775 288.71 1.28566e+08
253.225 291.935 1.33815e+08
256.451 291.935 1.6628e+08
259.677 291.935 1.94695e+08
262.903 291.935 2.16992e+08
266.129 291.935 2.32472e+08
269.355 291.935 2.41853e+08
272.581 291.935 2.4677e+08
275.806 291.935 2.48871e+08
279.032 291.935 2.49503e+08
282.258 291.935 2.49594e+08
285.484 291.935 2.496e+08
288.71 291.935 2.49603e+08
291.935 291.935 2.49604e+08
295.161 291.935 2.49605e+08
298.387 291.935 2.49606e+08
301.613 291.935 2.49606e+08
304.839 291.935 2.49605e+08
308.065 291.935 2.49604e+08
311.29 291.935 2.49603e+08
314.516 291.935 2.496e+08
317.742 291.935 2.49594e+08
320.968 291.935 2.49503e+08
324.194 291.935 2.48871e+08
327.419 291.935 2.4677e+08
330.645 291.935 2.41853e+08
333.871 291.935 2.32472e+08
337.097 291.935 2.16992e+08
340.323 291.935 1.94695e+08
343.549 291.935 1.6628e+08
346.775 291.935 1.33815e+08
253.225 295.161 1.3715e+08
256.451 295.161 1.69589e+08
259.677 295.161 1.9765e+08
262.903 295.161 2.19345e+08
266.129 295.161 2.34123e+08
269.355 295.161 2.42864e+08
272.581 295.161 2.47285e+08
275.806 295.161 2.49065e+08
279.032 295.161 2.49544e+08
282.258 295.161 2.49597e+08
285.484 295.161 2.49601e+08
288.71 295.161 2.49604e+08
291.935 295.161 2.49605e+08
295.161 295.161 2.49606e+08
298.387 295.161 2.49606e+08
301.613 295.161 2.49606e+08
304.839 295.161 2.49606e+08
308.065 295.161 2.49605e+08
311.29 295.161 2.49604e+08
314.516 295.161 2.49601e+08
317.742 295.161 2.49597e+08
320.968 295.161 2.49544e+08
324.194 295.161 2.49065e+08
327.419 295.161 2.47285e+08
330.645 295.161 2.42864e+08
333.871 295.161 2.34123e+08
337.097 295.161 2.19345e+08
340.323 295.161 1.9765e+08
343.549 295.161 1.69589e+08
346.775 295.161 1.3715e+08
253.225 298.387 1.38765e+08
256.451 298.387 1.71168e+08
259.677 298.387 1.99028e+08
262.903 298.387 2.2041e+08
266.129 298.387 2.34849e+08
269.355 298.387 2.4329e+08
272.581 298.387 2.47488e+08
275.806 298.387 2.49134e+08
279.032 298.387 2.49555e+08
282.258 298.387 2.49598e+08
285.484 298.387 2.49602e+08
288.71 298.387 2.49604e+08
291.935 298.387 2.49606e+08
295.161 298.387 2.49606e+08
298.387 298.387 2.49607e+08
301.613 298.387 2.49607e+08
304.839 298.387 2.49606e+08
308.065 298.387 2.49606e+08
311.29 298.387 2.49604e+08
314.516 298.387 2.49602e+08
317.742 298.387 2.49598e+08
320.968 298.387 2.49555e+08
324.194 298.387 2.49134e+08
327.419 298.387 2.47488e+08
330.645 298.387 2.4329e+08
333.871 298.387 2.34849e+08
337.097 298.387 2.2041e+08
340.323 298.387 1.99028e+08
343.549 298.387 1.71168e+08
346.775 298.387 1.38765e+08
253.225 301.613 1.38765e+08
256.451 301.613 1.71168e+08
259.677 301.613 1.99028e+08
262.903 301.613 2.2041e+08
266.129 301.613 2.34849e+08
269.355 301.613 2.4329e+08
272.581 301.613 2.47488e+08
275.806 301.613 2.49134e+08
279.032 301.613 2.49555e+08
282.258 301.613 2.49598e+08
285.484 301.613 2.49602e+08
288.71 301.613 2.49604e+08
291.935 301.613 2.49606e+08
295.161 301.613 2.49606e+08
298.387 301.613 2.49607e+08
301.613 301.613 2.49607e+08
304.839 301.613 2.49606e+08
308.065 301.613 2.49606e+08
311.29 301.613 2.49604e+08
314.516 301.613 2.49602e+08
317.742 301.613 2.49598e+08
320.968 301.613 2.49555e+08
324.194 301.613 2.49134e+08
327.419 301.613 2.47488e+08
330.645 301.613 2.4329e+08
333.871 301.613 2.34849e+08
337.097 301.613 2.2041e+08
340.323 301.613 1.99028e+08
343.549 301.613 1.71168e+08
346.775 301.613 1.38765e+08
253.225 304.839 1.3715e+08
256.451 304.839 1.69589e+08
259.677 304.839 1.9765e+08
262.903 304.839 2.19345e+08
266.129 304.839 2.34123e+08
269.355 304.839 2.42864e+08
272.581 304.839 2.47285e+08
275.806 304.839 2.49065e+08
279.032 304.839 2.49544e+08
282.258 304.839 2.49597e+08
285.484 304.839 2.49601e+08
288.71 304.839 2.49604e+08
291.935 304.839 2.49605e+08
295.161 304.839 2.49606e+08
298.387 304.839 2.49606e+08
301.613 304.839 2.49606e+08
304.839 304.839 2.49606e+08
308.065 304.839 2.49605e+08
311.29 304.839 2.49604e+08
314.516 304.839 2.49601e+08
317.742 304.839 2.49597e+08
320.968 304.839 2.49544e+08
324.194 304.839 2.49065e+08
327.419 304.839 2.47285e+08
330.645 304.839 2.42864e+08
333.871 304.839 2.34123e+08
337.097 304.839 2.19345e+08
340.323 304.839 1.9765e+08
343.549 304.839 1.69589e+08
346.775 304.839 1.3715e+08
253.225 308.065 1.33815e+08
256.451 308.065 1.6628e+08
259.677 308.065 1.94695e+08
262.903 308.065 2.16992e+08
266.129 308.065 2.32472e+08
269.355 308.065 2.41853e+08
272.581 308.065 2.4677e+08
275.806 308.065 2.48871e+08
279.032 308.065 2.49503e+08
282.258 308.065 2.49594e+08
285.484 308.065 2.496e+08
288.71 308.065 2.49603e+08
291.935 308.065 2.49604e+08
295.161 308.065 2.49605e+08
298.387 308.065 2.49606e+08
301.613 308.065 2.49606e+08
304.839 308.065 2.49605e+08
308.065 308.065 2.49604e+08
311.29 308.065 2.49603e+08
314.516 308.065 2.496e+08
317.742 308.065 2.49594e+08
320.968 308.065 2.49503e+08
324.194 308.065 2.48871e+08
327.419 308.065 2.4677e+08
330.645 308.065 2.41853e+08
333.871 308.065 2.32472e+08
337.097 308.065 2.16992e+08
340.323 308.065 1.94695e+08
343.549 308.065 1.6628e+08
346.775 308.065 1.33815e+08
253.225 311.29 1.28566e+08
256.451 311.29 1.60972e+08
259.677 311.29 1.89838e+08
262.903 311.29 2.1299e+08
266.129 311.29 2.29537e+08
269.355 311.29 2.39957e+08
272.581 311.29 2.45713e+08
275.806 311.29 2.48397e+08
279.032 311.29 2.49358e+08
282.258 311.29 2.49575e+08
285.484 311.29 2.49597e+08
288.71 311.29 2.496e+08
291.935 311.29 2.49603e+08
295.161 311.29 2.49604e+08
298.387 311.29 2.49604e+08
301.613 311.29 2.49604e+08
304.839 311.29 2.49604e+08
308.065 311.29 2.49603e+08
311.29 311.29 2.496e+08
314.516 311.29 2.49597e+08
317.742 311.29 2.49575e+08
320.968 311.29 2.49358e+08
324.194 311.29 2.48397e+08
327.419 311.29 2.45713e+08
330.645 311.29 2.39957e+08
333.871 311.29 2.29537e+08
337.097 311.29 2.1299e+08
340.323 311.29 1.89838e+08
343.549 311.29 1.60972e+08
346.775 311.29 1.28566e+08
253.225 314.516 1.21178e+08
256.451 314.516 1.53328e+08
259.677 314.516 1.82649e+08
262.903 314.516 2.06857e+08
266.129 314.516 2.24829e+08
269.355 314.516 2.36726e+08
272.581 314.516 2.43738e+08
275.806 314.516 2.47364e+08
279.032 314.516 2.48933e+08
282.258 314.516 2.49459e+08
285.484 314.516 2.49581e+08
288.71 314.516 2.49597e+08
291.935 314.516 2.496e+08
295.161 314.516 2.49601e+08
298.387 314.516 2.49602e+08
301.613 314.516 2.49602e+08
304.839 314.516 2.49601e+08
308.065 314.516 2.496e+08
311.29 314.516 2.49597e+08
314.516 314.516 2.49581e+08
317.742 314.516 2.49459e+08
320.968 314.516 2.48933e+08
324.194 314.516 2.47364e+08
327.419 314.516 2.43738e+08
330.645 314.516 2.36726e+08
333.871 314.516 2.24829e+08
337.097 314.516 2.06857e+08
340.323 314.516 1.82649e+08
343.549 314.516 1.53328e+08
346.775 314.516 1.21178e+08
256.451 317.742 1.43107e+08
259.677 317.742 1.72726e+08
262.903 317.742 1.98048e+08
266.129 317.742 2.17731e+08
269.355 317.742 2.31566e+08
272.581 317.742 2.40331e+08
275.806 317.742 2.45353e+08
279.032 317.742 2.47915e+08
282.258 317.742 2.49046e+08
285.484 317.742 2.49459e+08
288.71 317.742 2.49575e+08
291.935 317.742 2.49594e+08
295.161 317.742 2.49597e+08
298.387 317.742 2.49598e+08
301.613 317.742 2.49598e+08
304.839 317.742 2.49597e+08
308.065 317.742 2.49594e+08
311.29 317.742 2.49575e+08
314.516 317.742 2.49459e+08
317.742 317.742 2.49046e+08
320.968 317.742 2.47915e+08
324.194 317.742 2.45353e+08
327.419 317.742 2.40331e+08
330.645 317.742 2.31566e+08
333.871 317.742 2.17731e+08
337.097 317.742 1.98048e+08
340.323 317.742 1.72726e+08
343.549 317.742 1.43107e+08
256.451 320.968 1.30282e+08
259.677 320.968 1.59835e+08
262.903 320.968 1.86136e+08
266.129 320.968 2.07639e+08
269.355 320.968 2.23758e+08
272.581 320.968 2.34796e+08
275.806 320.968 2.41744e+08
279.032 320.968 2.45776e+08
282.258 320.968 2.47915e+08
285.484 320.968 2.48933e+08
288.71 320.968 2.49358e+08
291.935 320.968 2.49503e+08
295.161 320.968 2.49544e+08
298.387 320.968 2.49555e+08
301.613 320.968 2.49555e+08
304.839 320.968 2.49544e+08
308.065 320.968 2.49503e+08
311.29 320.968 2.49358e+08
314.516 320.968 2.48933e+08
317.742 320.968 2.47915e+08
320.968 320.968 2.45776e+08
324.194 320.968 2.41744e+08
327.419 320.968 2.34796e+08
330.645 320.968 2.23758e+08
333.871 320.968 2.07639e+08
337.097 320.968 1.86136e+08
340.323 320.968 1.59835e+08
343.549 320.968 1.30282e+08
256.451 324.194 1.1509e+08
259.677 324.194 1.44027e+08
262.903 324.194 1.70942e+08
266.129 324.194 1.94121e+08
269.355 324.194 2.12624e+08
272.581 324.194 2.26306e+08
275.806 324.194 2.35718e+08
279.032 324.194 2.41744e+08
282.258 324.194 2.45353e+08
285.484 324.194 2.47364e+08
288.71 324.194 2.48397e+08
291.935 324.194 2.48871e+08
295.161 324.194 2.49065e+08
298.387 324.194 2.49134e+08
301.613 324.194 2.49134e+08
304.839 324.194 2.49065e+08
308.065 324.194 2.48871e+08
311.29 324.194 2.48397e+08
314.516 324.194 2.47364e+08
317.742 324.194 2.45353e+08
320.968 324.194 2.41744e+08
324.194 324.194 2.35718e+08
327.419 324.194 2.26306e+08
330.645 324.194 2.12624e+08
333.871 324.194 1.94121e+08
337.097 324.194 1.70942e+08
340.323 324.194 1.44027e+08
343.549 324.194 1.1509e+08
259.677 327.42 1.25716e+08
262.903 327.42 1.52629e+08
266.129 327.42 1.77042e+08
269.355 327.42 1.97715e+08
272.58 327.42 2.14109e+08
275.806 327.419 2.26306e+08
279.032 327.419 2.34796e+08
282.258 327.419 2.40331e+08
285.484 327.419 2.43738e+08
288.71 327.419 2.45713e+08
291.935 327.419 2.4677e+08
295.161 327.419 2.47285e+08
298.387 327.419 2.47488e+08
301.613 327.419 2.47488e+08
304.839 327.419 2.47285e+08
308.065 327.419 2.4677e+08
311.29 327.419 2.45713e+08
314.516 327.419 2.43738e+08
317.742 327.419 2.40331e+08
320.968 327.419 2.34796e+08
324.194 327.419 2.26306e+08
327.42 327.42 2.14109e+08
330.645 327.42 1.97715e+08
333.871 327.42 1.77042e+08
337.097 327.42 1.52629e+08
340.323 327.42 1.25716e+08
262.903 330.646 1.31779e+08
266.129 330.645 1.56662e+08
269.355 330.645 1.78939e+08
272.58 330.645 1.97715e+08
275.806 330.645 2.12624e+08
279.032 330.645 2.23758e+08
282.258 330.645 2.31566e+08
285.484 330.645 2.36726e+08
288.71 330.645 2.39957e+08
291.935 330.645 2.41853e+08
295.161 330.645 2.42864e+08
298.387 330.645 2.4329e+08
301.613 330.645 2.4329e+08
304.839 330.645 2.42864e+08
308.065 330.645 2.41853e+08
311.29 330.645 2.39957e+08
314.516 330.645 2.36726e+08
317.742 330.645 2.31566e+08
320.968 330.645 2.23758e+08
324.194 330.645 2.12624e+08
327.42 330.645 1.97715e+08
330.645 330.645 1.78939e+08
333.871 330.645 1.56662e+08
337.097 330.646 1.31779e+08
266.129 333.871 1.33711e+08
269.355 333.871 1.56662e+08
272.58 333.871 1.77042e+08
275.806 333.871 1.94121e+08
279.032 333.871 2.07639e+08
282.258 333.871 2.17731e+08
285.484 333.871 2.24829e+08
288.71 333.871 2.29537e+08
291.935 333.871 2.32472e+08
295.161 333.871 2.34123e+08
298.387 333.871 2.34849e+08
301.613 333.871 2.34849e+08
304.839 333.871 2.34123e+08
308.065 333.871 2.32472e+08
311.29 333.871 2.29537e+08
314.516 333.871 2.24829e+08
317.742 333.871 2.17731e+08
320.968 333.871 2.07639e+08
324.194 333.871 1.94121e+08
327.42 333.871 1.77042e+08
330.645 333.871 1.56662e+08
333.871 333.871 1.33711e+08
269.354 337.097 1.31779e+08
272.58 337.097 1.52629e+08
275.806 337.097 1.70942e+08
279.032 337.097 1.86136e+08
282.258 337.097 1.98048e+08
285.484 337.097 2.06857e+08
288.71 337.097 2.1299e+08
291.935 337.097 2.16992e+08
295.161 337.097 2.19345e+08
298.387 337.097 2.2041e+08
301.613 337.097 2.2041e+08
304.839 337.097 2.19345e+08
308.065 337.097 2.16992e+08
311.29 337.097 2.1299e+08
314.516 337.097 2.06857e+08
317.742 337.097 1.98048e+08
320.968 337.097 1.86136e+08
324.194 337.097 1.70942e+08
327.42 337.097 1.52629e+08
330.646 337.097 1.31779e+08
272.58 340.323 1.25716e+08
275.806 340.323 1.44027e+08
279.032 340.323 1.59835e+08
282.258 340.323 1.72726e+08
285.484 340.323 1.82649e+08
288.71 340.323 1.89838e+08
291.935 340.323 1.94695e+08
295.161 340.323 1.9765e+08
298.387 340.323 1.99028e+08
301.613 340.323 1.99028e+08
304.839 340.323 1.9765e+08
308.065 340.323 1.94695e+08
311.29 340.323 1.89838e+08
314.516 340.323 1.82649e+08
317.742 340.323 1.72726e+08
320.968 340.323 1.59835e+08
324.194 340.323 1.44027e+08
327.42 340.323 1.25716e+08
275.806 343.549 1.1509e+08
279.032 343.549 1.30282e+08
282.258 343.549 1.43107e+08
285.484 343.549 1.53328e+08
288.71 343.549 1.60972e+08
291.935 343.549 1.6628e+08
295.161 343.549 1.69589e+08
298.387 343.549 1.71168e+08
301.613 343.549 1.71168e+08
304.839 343.549 1.69589e+08
308.065 343.549 1.6628e+08
311.29 343.549 1.60972e+08
314.516 343.549 1.53328e+08
317.742 343.549 1.43107e+08
320.968 343.549 1.30282e+08
324.194 343.549 1.1509e+08
285.484 346.775 1.21178e+08
288.71 346.775 1.28566e+08
291.935 346.775 1.33815e+08
295.161 346.775 1.3715e+08
298.387 346.775 1.38765e+08
301.613 346.775 1.38765e+08
304.839 346.775 1.3715e+08
308.065 346.775 1.33815e+08
311.29 346.775 1.28566e+08
314.516 346.775 1.21178e+08
end.
