begin.
0.00710897 0.00550764 1.00202
0.0322684 0.00529713 1.00444
0.0572962 0.00522459 1.00634
0.082138 0.0052987 1.0075
0.103452 0.00498684 1.00859
0.127272 0.00510868 1.00865
0.150941 0.0053002 1.00811
0.174432 0.00555327 1.00704
0.197892 0.00587239 1.00562
0.213461 0.00605787 0.999737
0.237835 0.00600027 0.999697
0.26224 0.00603369 0.999675
0.28661 0.00615574 0.999671
0.304413 0.00648567 0.999601
0.329007 0.00637798 0.999569
0.35369 0.00637535 0.999545
0.378299 0.00647765 0.999531
0.401424 0.00661392 1.00728
0.419953 0.0064477 1.0175
0.444375 0.00642196 1.01944
0.468754 0.00648192 1.02029
0.00685878 0.0303341 1.00455
0.0320805 0.0301016 1.00584
0.0572268 0.0299236 1.00718
0.0821929 0.0298408 1.00803
0.103455 0.029484 1.00896
0.12734 0.0294385 1.00887
0.151064 0.029446 1.0082
0.174611 0.0295008 1.00702
0.198147 0.0296355 1.00553
0.213372 0.0295781 0.999737
0.237824 0.0295438 0.999697
0.262307 0.0295764 0.999675
0.286751 0.0296736 0.999671
0.304277 0.029925 0.999675
0.328957 0.0298436 0.999642
0.353729 0.0298384 0.99961
0.378424 0.0299094 0.999578
0.401483 0.0300033 1.00803
0.419888 0.0298892 1.01866
0.444383 0.0298684 1.02083
0.468833 0.0299103 1.02185
0.00665651 0.055153 1.00646
0.0318547 0.054937 1.00723
0.057042 0.0546945 1.00802
0.0820754 0.0544726 1.00848
0.103294 0.0540612 1.00916
0.127222 0.0538311 1.00887
0.150983 0.0536296 1.00806
0.174594 0.0534708 1.00677
0.198225 0.0534148 1.00525
0.213317 0.0530732 0.999721
0.237825 0.0530601 0.999688
0.262361 0.0530897 0.99967
0.286855 0.0531602 0.999669
0.30418 0.0533369 0.999747
0.328919 0.0532802 0.999713
0.353751 0.0532718 0.999672
0.378504 0.0533108 0.999625
0.401531 0.0533643 1.00853
0.41984 0.0532973 1.01952
0.444386 0.0532809 1.02186
0.468886 0.0533064 1.02302
0.00650299 0.0798704 1.0076
0.0316158 0.0796714 1.0081
0.0567664 0.0793791 1.00851
0.0817972 0.0790335 1.00864
0.102968 0.0785678 1.00904
0.126907 0.0781514 1.00857
0.15068 0.0777316 1.00762
0.174388 0.0773757 1.00626
0.198128 0.0771388 1.00478
0.213294 0.076516 0.999673
0.237834 0.0765215 0.999652
0.262401 0.0765478 0.999645
0.286923 0.0765931 0.999651
0.304119 0.0767046 0.999794
0.328891 0.0766716 0.999759
0.353756 0.076659 0.999712
0.37854 0.0766656 0.999653
0.40153 0.0766832 1.00885
0.419809 0.0766651 1.01999
0.444385 0.0766555 1.02244
0.468916 0.0766666 1.02369
0.00639475 0.104358 1.00804
0.0313661 0.104174 1.00835
0.0564108 0.103836 1.00852
0.0813707 0.103376 1.0084
0.102484 0.102863 1.00855
0.126394 0.10227 1.00791
0.150194 0.101668 1.00686
0.174017 0.101163 1.00553
0.19787 0.100774 1.00415
0.213301 0.0999183 0.999599
0.237852 0.0999426 0.999594
0.262428 0.0999664 0.999602
0.286958 0.099988 0.999621
0.304095 0.100043 0.99981
0.328874 0.100035 0.999773
0.353745 0.10002 0.999723
0.378536 0.0999986 0.999659
0.401535 0.0999873 1.00888
0.419797 0.100021 1.02006
0.444384 0.10002 1.02254
0.468924 0.100017 1.02381
0.00632943 0.128484 1.00788
0.0311063 0.128316 1.00805
0.055982 0.127938 1.00804
0.0808094 0.12738 1.00776
0.101856 0.126839 1.00767
0.125721 0.126113 1.00691
0.149592 0.125424 1.00584
0.173522 0.124824 1.00463
0.197478 0.124321 1.00342
0.213338 0.123318 0.999513
0.23788 0.123363 0.999524
0.262444 0.123385 0.99955
0.286961 0.123383 0.999584
0.304108 0.123389 0.999796
0.328869 0.123408 0.999757
0.353721 0.123394 0.999706
0.378498 0.123351 0.999644
0.40155 0.123312 1.0086
0.419806 0.123402 1.01974
0.444381 0.12341 1.02215
0.468912 0.123395 1.02337
0.00630598 0.152123 1.00724
0.0308402 0.151975 1.00729
0.0554936 0.151571 1.00714
0.0801351 0.150939 1.00674
0.10114 0.150443 1.00644
0.125004 0.149715 1.00565
0.148935 0.149011 1.00469
0.172947 0.148366 1.00365
0.196989 0.147792 1.00264
0.213409 0.146754 0.999428
0.237919 0.14682 0.999454
0.262449 0.146842 0.999496
0.286931 0.146818 0.999547
0.304161 0.146779 0.999752
0.32888 0.146827 0.999711
0.35369 0.146819 0.999663
0.378429 0.146757 0.999609
0.401527 0.146691 1.00814
0.419839 0.14684 1.01901
0.44438 0.146859 1.02128
0.468878 0.146832 1.02239
0.00632646 0.175169 1.00623
0.030582 0.175061 1.00616
0.0549825 0.174684 1.0059
0.0794354 0.174089 1.00543
0.100464 0.173768 1.00502
0.124314 0.173109 1.00431
0.148274 0.172443 1.00351
0.172337 0.171799 1.00267
0.19644 0.171196 1.00189
0.213512 0.170243 0.999358
0.23797 0.17033 0.999396
0.262444 0.170352 0.999451
0.286869 0.170304 0.999513
0.304259 0.170221 0.999685
0.328911 0.170303 0.999641
0.353654 0.170302 0.999598
0.378327 0.170218 0.999557
0.401505 0.17012 1.00742
0.419897 0.170334 1.01794
0.44438 0.170366 1.02
0.468821 0.170326 1.02096
0.00640659 0.197762 1.00497
0.0303879 0.197734 1.00482
0.054543 0.197454 1.00452
0.0788052 0.196954 1.00409
0.0998897 0.196855 1.00366
0.123696 0.196302 1.00306
0.147652 0.195712 1.00243
0.171733 0.195112 1.0018
0.195866 0.194518 1.00121
0.213647 0.193766 0.999326
0.238031 0.193874 0.999372
0.262427 0.193892 0.999434
0.286773 0.193818 0.999502
0.304403 0.193685 0.999616
0.328962 0.193803 0.999571
0.353611 0.193809 0.999534
0.378191 0.193704 0.999507
0.401434 0.193569 1.00659
0.419982 0.193848 1.0166
0.444383 0.193895 1.01844
0.468743 0.193844 1.01924
0.492977 0.1937 1.01897
-0.00379759 -0.00538716 1.00013
-0.00379759 -0.00538716 1.00013
-0.00379759 -0.00538716 1.00013
-0.00379759 -0.00538716 1.00013
-0.00379759 -0.00538716 1.00013
-0.00379759 -0.00538716 1.00013
-0.00379759 -0.00538716 1.00013
-0.00379759 -0.00538716 1.00013
-0.00379759 -0.00538716 1.00013
-0.00379759 -0.00538716 1.00013
0.506554 0.00655531 0.0535705
0.530809 0.0063789 0.0537755
0.555231 0.00628355 0.0564
0.579719 0.00627675 0.0616116
0.599139 0.00617219 0.0897714
0.623079 0.00600027 0.101003
0.647665 0.0059476 0.100966
0.672217 0.00600155 0.100872
0.696616 0.00616029 0.100735
0.713311 0.00616981 0.0999631
0.737661 0.00611287 0.0999616
0.762058 0.00615029 0.0999609
0.786436 0.00627835 0.0999608
0.80516 0.00606814 0.100002
0.829696 0.00581072 0.100001
0.854174 0.0056421 0.0999954
0.878431 0.00556467 0.0999866
0.901972 0.00565544 0.0999797
0.923413 0.00605286 0.0999719
0.947376 0.00610378 0.099961
0.971002 0.00628239 0.0999532
0.506379 0.0299229 0.0503816
0.530699 0.0297903 0.0507434
0.555193 0.0297198 0.0536045
0.579759 0.0297174 0.0591642
0.599073 0.0296875 0.0883018
0.622986 0.0295543 0.101084
0.647662 0.0295081 0.101039
0.672304 0.0295413 0.100935
0.696791 0.0296533 0.100785
0.713225 0.0296796 0.0999688
0.737658 0.0296473 0.0999678
0.762135 0.0296863 0.099967
0.786587 0.029793 0.0999665
0.804878 0.0294462 0.100016
0.82948 0.0292041 0.100016
0.854037 0.0290267 0.10001
0.878374 0.0289232 0.099999
0.901975 0.028958 0.0999887
0.923389 0.0292321 0.0999783
0.94748 0.0292709 0.099964
0.971219 0.0294243 0.0999527
0.506256 0.0532904 0.0479838
0.530621 0.0532016 0.0484823
0.555166 0.0531551 0.0515097
0.579789 0.0531561 0.0573001
0.599025 0.0531812 0.0871921
0.622914 0.0530873 0.101145
0.647652 0.0530485 0.101094
0.672359 0.0530625 0.100981
0.696908 0.0531293 0.100821
0.713173 0.053164 0.099975
0.737666 0.0531524 0.0999746
0.7622 0.0531898 0.0999739
0.786705 0.0532728 0.099973
0.804633 0.0528582 0.100029
0.829277 0.0526486 0.100029
0.853891 0.0524798 0.100023
0.878295 0.0523663 0.100011
0.901955 0.0523607 0.0999976
0.923367 0.0525312 0.0999849
0.947569 0.0525673 0.0999679
0.971408 0.0527004 0.0999534
0.506182 0.0766456 0.0466445
0.530573 0.0766002 0.0472043
0.555151 0.0765758 0.0502908
0.579808 0.0765756 0.0561571
0.598986 0.0766297 0.0865238
0.622862 0.0765736 0.101178
0.647637 0.0765417 0.101124
0.672383 0.0765366 0.101006
0.69697 0.0765595 0.100841
0.713152 0.0766002 0.0999794
0.737682 0.0766091 0.0999797
0.762251 0.0766436 0.0999793
0.786787 0.0767009 0.0999781
0.804438 0.0762779 0.100038
0.829102 0.0761143 0.100039
0.853753 0.0759695 0.100033
0.878211 0.0758622 0.10002
0.901925 0.0758345 0.100004
0.92336 0.0759213 0.0999903
0.947651 0.0759626 0.0999717
0.971572 0.076078 0.099955
0.506155 0.099997 0.0464123
0.530556 0.0999941 0.0469524
0.555143 0.0999898 0.0500029
0.579813 0.0999851 0.0558257
0.59898 0.100044 0.0860908
0.622827 0.100022 0.101182
0.647616 0.099996 0.101128
0.672377 0.0999716 0.101009
0.696979 0.0999511 0.100843
0.713163 0.0999974 0.0999815
0.737708 0.100028 0.0999823
0.76229 0.100061 0.0999822
0.786836 0.100095 0.0999811
0.804306 0.0997098 0.100041
0.828969 0.0996062 0.100043
0.853637 0.0994992 0.100037
0.878135 0.0994103 0.100024
0.901915 0.0993697 0.100008
0.923371 0.0993795 0.0999941
0.947726 0.0994232 0.0999749
0.971705 0.0995152 0.0999573
0.506174 0.123369 0.04729
0.530566 0.123407 0.0477228
0.555143 0.123422 0.0506386
0.579802 0.123412 0.0563034
0.598973 0.123462 0.086204
0.622809 0.123471 0.101158
0.647587 0.123448 0.101106
0.672339 0.123404 0.10099
0.696935 0.123339 0.100828
0.713206 0.123394 0.099981
0.737746 0.123446 0.099982
0.762319 0.123481 0.0999823
0.786853 0.123495 0.0999819
0.804248 0.12317 0.100039
0.828891 0.123135 0.100041
0.853554 0.123075 0.100036
0.878073 0.123011 0.100024
0.90189 0.122956 0.100009
0.923396 0.12288 0.0999959
0.947786 0.122915 0.0999773
0.971798 0.122971 0.0999601
0.506239 0.146778 0.04927
0.530603 0.146858 0.0494921
0.555148 0.146892 0.0521588
0.579773 0.146877 0.0575439
0.598963 0.146917 0.0868368
0.622806 0.146955 0.101105
0.647549 0.146936 0.101059
0.672269 0.14687 0.10095
0.696837 0.14676 0.100795
0.713283 0.146827 0.0999779
0.737796 0.146905 0.0999788
0.76234 0.146942 0.0999795
0.786841 0.146937 0.09998
0.804269 0.146675 0.100031
0.828873 0.146711 0.100033
0.85351 0.146701 0.100029
0.878023 0.146659 0.100018
0.901872 0.146581 0.100007
0.923421 0.146399 0.0999953
0.947818 0.146408 0.0999785
0.971835 0.146408 0.099963
0.506352 0.170217 0.052222
0.530668 0.170338 0.0521326
0.55516 0.170392 0.0544604
0.579727 0.170374 0.0594636
0.598987 0.170414 0.087673
0.62282 0.170486 0.101029
0.647502 0.170473 0.100989
0.672165 0.170385 0.100891
0.696683 0.170229 0.100748
0.713395 0.170317 0.0999724
0.737861 0.17042 0.0999731
0.762353 0.170459 0.0999742
0.786798 0.17043 0.0999756
0.804365 0.170212 0.100018
0.828912 0.17031 0.100019
0.8535 0.17034 0.100017
0.877977 0.170311 0.100009
0.901831 0.170196 0.100001
0.92343 0.169887 0.0999923
0.947801 0.169853 0.0999785
0.971797 0.16978 0.0999659
0.506516 0.193659 0.0557556
0.530762 0.193819 0.0553399
0.555177 0.193892 0.0573407
0.579663 0.193872 0.061933
0.599022 0.193924 0.0889112
0.622856 0.194034 0.100938
0.647449 0.194032 0.100905
0.672029 0.193927 0.100817
0.696472 0.193726 0.100688
0.713544 0.193838 0.0999668
0.737938 0.193964 0.0999672
0.762353 0.194001 0.0999686
0.786719 0.193947 0.0999707
0.80453 0.193743 0.100003
0.828997 0.193893 0.100004
0.853508 0.193949 0.100003
0.877919 0.193913 0.0999976
0.901753 0.193746 0.0999931
0.923408 0.193288 0.0999883
0.947723 0.193201 0.0999783
0.971673 0.193047 0.0999695
0.995195 0.192843 0.0999635
-0.00341272 -0.00467713 0.014143
-0.00341272 -0.00467713 0.014143
-0.00341272 -0.00467713 0.014143
-0.00341272 -0.00467713 0.014143
-0.00341272 -0.00467713 0.014143
-0.00341272 -0.00467713 0.014143
-0.00341272 -0.00467713 0.014143
-0.00341272 -0.00467713 0.014143
-0.00341272 -0.00467713 0.014143
-0.00341272 -0.00467713 0.014143
end.
