begin.
0.00484525 0.00201912 1.00296
0.0319564 0.00162002 1.00655
0.0588244 0.0014741 1.00934
0.0853425 0.00159927 1.01094
0.105431 0.00102495 1.01289
0.130094 0.00124371 1.01307
0.154484 0.00159373 1.01245
0.178554 0.00205863 1.01114
0.20225 0.00264069 1.00753
0.211748 0.00292335 0.999536
0.237403 0.00282728 0.999452
0.263111 0.00290152 0.999401
0.28873 0.00314095 0.999385
0.302268 0.00369103 0.999169
0.328251 0.00348516 0.999112
0.354394 0.00347289 0.999078
0.380395 0.00365523 0.999065
0.401431 0.00371736 1.01451
0.418191 0.0034073 1.02504
0.443876 0.00332949 1.02802
0.469517 0.00341271 1.02939
0.00437529 0.0287891 1.00685
0.0315975 0.0283517 1.00883
0.0586844 0.0280131 1.01079
0.0854335 0.0278504 1.01193
0.10543 0.027205 1.01368
0.130216 0.0271205 1.01362
0.154707 0.0271368 1.01277
0.178881 0.0272431 1.01125
0.202588 0.027463 1.00716
0.211588 0.0272541 0.999526
0.23739 0.0271991 0.999438
0.263243 0.0272687 0.999383
0.288998 0.0274584 0.999364
0.302011 0.0278819 0.999266
0.328151 0.0277228 0.999206
0.354457 0.0277047 0.999157
0.380618 0.0278286 0.999119
0.401426 0.0278589 1.01588
0.418044 0.0276442 1.0269
0.443863 0.0275833 1.03027
0.469637 0.0276404 1.03193
0.00399734 0.0555427 1.00968
0.0311735 0.0551389 1.01095
0.0583346 0.0546843 1.01213
0.0852083 0.0542673 1.01271
0.105132 0.0535338 1.01414
0.13 0.0531138 1.0138
0.15456 0.0527493 1.01274
0.178853 0.052467 1.01104
0.202684 0.0523052 1.00678
0.211491 0.05154 0.999485
0.237395 0.0515224 0.999405
0.263347 0.0515834 0.999356
0.289195 0.0517192 0.999343
0.301824 0.0520222 0.999368
0.328071 0.0519085 0.999304
0.35449 0.0518843 0.999241
0.380759 0.0519493 0.999178
0.401437 0.0519552 1.01687
0.417936 0.0518264 1.02832
0.443849 0.0517819 1.032
0.469717 0.0518166 1.03391
0.00371498 0.0821092 1.01127
0.0307309 0.0817413 1.01216
0.0578218 0.0811987 1.01282
0.0846902 0.0805566 1.01295
0.104534 0.0797358 1.01403
0.129423 0.0789778 1.01346
0.154013 0.0782175 1.01224
0.178473 0.0775723 1.01044
0.202551 0.077055 1.00635
0.211452 0.0757344 0.99938
0.237415 0.0757485 0.999321
0.263423 0.0758001 0.999292
0.289322 0.0758858 0.999294
0.301704 0.0760855 0.999433
0.328012 0.0760157 0.999367
0.354492 0.075984 0.999293
0.380819 0.0759894 0.999211
0.401394 0.0759794 1.01749
0.417869 0.0759399 1.02914
0.443839 0.0759177 1.03302
0.469765 0.0759346 1.03509
0.00352216 0.108249 1.01176
0.0302748 0.107915 1.01239
0.0571669 0.107292 1.01271
0.0839032 0.106446 1.01255
0.103652 0.105549 1.01329
0.128491 0.104472 1.01256
0.153133 0.103384 1.01125
0.177784 0.102456 1.00948
0.202168 0.101654 1.00583
0.211466 0.0998579 0.999224
0.237448 0.0999036 0.999197
0.263472 0.0999474 0.999198
0.289386 0.0999857 0.999226
0.301651 0.100098 0.999454
0.327972 0.100073 0.999385
0.354463 0.100037 0.999305
0.380806 0.0999911 0.999213
0.401395 0.0999783 1.01761
0.417847 0.100034 1.02934
0.443836 0.100035 1.03327
0.46978 0.100036 1.03538
0.00341406 0.13372 1.01141
0.0298064 0.13342 1.01182
0.056384 0.13273 1.01191
0.0828742 0.131709 1.01158
0.102515 0.130773 1.01199
0.127276 0.129466 1.01116
0.152032 0.128211 1.00986
0.176858 0.127095 1.00825
0.201552 0.126097 1.00529
0.211535 0.123977 0.999048
0.237498 0.124057 0.999056
0.263499 0.124095 0.999093
0.289387 0.124086 0.999154
0.301668 0.124123 0.999432
0.327955 0.124148 0.999358
0.354412 0.124113 0.999276
0.38073 0.124027 0.999186
0.401446 0.124014 1.01723
0.417873 0.12417 1.02888
0.443842 0.124199 1.03271
0.469766 0.124186 1.03475
0.00338679 0.158296 1.01049
0.0293321 0.158035 1.01069
0.0554984 0.157305 1.01061
0.081648 0.156161 1.01017
0.101229 0.15532 1.01026
0.125973 0.154002 1.0094
0.150816 0.152705 1.00824
0.175777 0.151496 1.00686
0.200737 0.150396 1.00486
0.211663 0.148158 0.998881
0.237567 0.148276 0.998921
0.263503 0.14831 0.998994
0.289325 0.148255 0.999087
0.301757 0.148224 0.999366
0.327967 0.148304 0.999287
0.354347 0.14828 0.999207
0.380596 0.148157 0.99913
0.401463 0.148141 1.01645
0.417952 0.148408 1.02778
0.443858 0.148467 1.03137
0.469722 0.148438 1.03322
0.0034419 0.181806 1.00921
0.0288791 0.181622 1.00921
0.0545825 0.180951 1.00898
0.0803822 0.179873 1.00847
0.100007 0.179334 1.00831
0.124704 0.178127 1.00754
0.149582 0.176888 1.00655
0.174626 0.175677 1.00542
0.199723 0.17453 1.00426
0.211852 0.172429 0.99875
0.237656 0.172584 0.998819
0.263486 0.172613 0.99892
0.289201 0.172512 0.999037
0.301928 0.172415 0.999267
0.328014 0.172557 0.999184
0.354271 0.172546 0.999111
0.380402 0.172384 0.999052
0.401519 0.172355 1.01523
0.418088 0.172738 1.02612
0.443887 0.17283 1.02937
0.469644 0.172786 1.03095
0.00360307 0.204504 1.00774
0.0285398 0.204458 1.00758
0.0537886 0.203949 1.00726
0.0792284 0.203034 1.00676
0.0993697 0.202781 1.0064
0.123557 0.201857 1.00577
0.148416 0.200753 1.00497
0.173484 0.19962 1.00409
0.198634 0.198492 1.0032
0.212099 0.196761 0.998703
0.237763 0.196951 0.998792
0.263444 0.196971 0.99891
0.289009 0.196819 0.999038
0.302185 0.196643 0.999177
0.328101 0.196852 0.99909
0.354184 0.196857 0.999025
0.380146 0.196656 0.998987
0.401522 0.196601 1.01376
0.418282 0.1971 1.02406
0.443929 0.197225 1.02692
0.469531 0.197167 1.02822
0.494943 0.196932 1.02789
-0.00682465 -0.00961903 1.00034
-0.00682465 -0.00961903 1.00034
-0.00682465 -0.00961903 1.00034
-0.00682465 -0.00961903 1.00034
-0.00682465 -0.00961903 1.00034
-0.00682465 -0.00961903 1.00034
-0.00682465 -0.00961903 1.00034
-0.00682465 -0.00961903 1.00034
-0.00682465 -0.00961903 1.00034
-0.00682465 -0.00961903 1.00034
0.504009 0.00359181 0.038551
0.529417 0.00328554 0.0386923
0.555108 0.00312232 0.0419045
0.580912 0.00311768 0.0486378
0.598948 0.00294324 0.0787287
0.622422 0.0026159 0.101911
0.648466 0.00253825 0.101848
0.674428 0.00266118 0.101677
0.700078 0.00297874 0.101419
0.711289 0.00317958 0.0999226
0.736907 0.00306199 0.0999196
0.762623 0.00312298 0.0999184
0.788286 0.00335615 0.0999191
0.80366 0.00286002 0.0999987
0.829506 0.00238521 0.0999965
0.855233 0.00207665 0.0999873
0.88055 0.00193893 0.0999714
0.903802 0.0022587 0.099963
0.924855 0.00284012 0.0999485
0.949643 0.00293443 0.0999295
0.973836 0.0032593 0.0999164
0.503714 0.0276867 0.0345067
0.529235 0.0274557 0.0347825
0.555055 0.0273346 0.0381624
0.581 0.0273366 0.0452144
0.598935 0.0272946 0.0762935
0.622267 0.027058 0.102085
0.648478 0.0269891 0.102006
0.674609 0.0270686 0.10181
0.700411 0.0272939 0.101473
0.711118 0.0274753 0.0999304
0.73689 0.0274044 0.099928
0.762757 0.0274678 0.0999268
0.78856 0.02766 0.0999268
0.803136 0.0269221 0.100024
0.829106 0.0264729 0.100024
0.854981 0.0261475 0.100014
0.880448 0.0259625 0.0999942
0.903768 0.026145 0.0999797
0.924813 0.0265442 0.0999606
0.949836 0.0266211 0.0999354
0.974237 0.0269067 0.0999156
0.503507 0.051803 0.0314902
0.529108 0.0516476 0.0318795
0.555019 0.0515671 0.0353528
0.581065 0.0515732 0.0425842
0.598927 0.0516216 0.0743983
0.622147 0.0514704 0.102222
0.648475 0.05141 0.102129
0.674723 0.0514474 0.101912
0.700629 0.0515823 0.101514
0.71101 0.0517271 0.0999399
0.736893 0.0516953 0.0999385
0.762869 0.051756 0.0999375
0.788773 0.0519038 0.0999369
0.802678 0.0510563 0.100048
0.828728 0.0506656 0.10005
0.854713 0.050355 0.10004
0.880309 0.0501513 0.100017
0.903705 0.0502261 0.0999967
0.924779 0.0504755 0.0999736
0.950009 0.0505509 0.099943
0.974594 0.0508051 0.0999172
0.503383 0.0759142 0.0297496
0.529031 0.0758355 0.0301859
0.554997 0.0757935 0.0336727
0.581106 0.0757954 0.0409427
0.598905 0.0758821 0.0731662
0.622057 0.0758056 0.102305
0.648454 0.0757511 0.102203
0.674773 0.0757452 0.101971
0.700741 0.0757906 0.101538
0.710962 0.0758952 0.099947
0.736915 0.0759032 0.0999467
0.762957 0.0759596 0.0999461
0.788921 0.0760597 0.0999452
0.802313 0.0752157 0.100064
0.828401 0.0749093 0.100068
0.85446 0.0746423 0.100058
0.88016 0.0744494 0.100034
0.903639 0.0744514 0.10001
0.924775 0.0745835 0.0999843
0.950171 0.0746706 0.0999504
0.974907 0.0748956 0.0999203
0.503338 0.100026 0.0293103
0.529002 0.100023 0.029731
0.554987 0.100017 0.0331735
0.581119 0.100009 0.040387
0.59892 0.100091 0.0724459
0.621994 0.100076 0.102325
0.648414 0.100025 0.102221
0.674759 0.0999753 0.101986
0.700754 0.0999318 0.101547
0.710975 0.0999959 0.0999506
0.736956 0.100045 0.0999511
0.763023 0.1001 0.0999512
0.789005 0.100157 0.0999506
0.802063 0.0994034 0.100071
0.828154 0.099208 0.100076
0.854249 0.0990107 0.100067
0.880026 0.0988511 0.100043
0.903624 0.0987989 0.100018
0.924806 0.0988233 0.0999919
0.950323 0.0989151 0.0999568
0.975167 0.0990983 0.0999246
0.50337 0.124169 0.0301903
0.529019 0.12424 0.030514
0.554987 0.124268 0.0338443
0.581099 0.124249 0.0409082
0.598901 0.124308 0.0725588
0.621956 0.124346 0.102282
0.648353 0.124295 0.102182
0.67468 0.124201 0.101954
0.700669 0.124067 0.101541
0.711048 0.124095 0.0999501
0.737018 0.124186 0.0999512
0.763069 0.124243 0.0999521
0.78903 0.124261 0.0999526
0.80195 0.123644 0.100067
0.828008 0.123576 0.100073
0.854098 0.123466 0.100065
0.87992 0.123352 0.100043
0.90359 0.123242 0.10002
0.924862 0.123142 0.0999955
0.950449 0.123217 0.0999613
0.975355 0.123334 0.0999298
0.50348 0.148366 0.0324173
0.529081 0.148508 0.0325368
0.554994 0.14857 0.0356527
0.581045 0.148544 0.0424563
0.598849 0.148586 0.073462
0.62194 0.148677 0.102178
0.648269 0.148627 0.10209
0.674535 0.148484 0.101878
0.70048 0.148257 0.101519
0.711185 0.148259 0.0999454
0.737105 0.148396 0.0999465
0.7631 0.148458 0.0999483
0.789 0.148437 0.0999504
0.801985 0.14796 0.100053
0.827975 0.148025 0.100058
0.854021 0.148008 0.100052
0.879836 0.147937 0.100034
0.903584 0.147752 0.100015
0.92492 0.147493 0.0999942
0.950521 0.147519 0.0999635
0.975439 0.147533 0.099935
0.50367 0.172595 0.0359102
0.529191 0.172808 0.035703
0.555011 0.172905 0.0385039
0.580958 0.172874 0.0449339
0.598833 0.172926 0.0748239
0.621952 0.17308 0.102024
0.648162 0.173036 0.101951
0.67432 0.172847 0.101761
0.700178 0.172528 0.101482
0.711391 0.172517 0.0999372
0.737219 0.172704 0.0999382
0.763115 0.172768 0.0999407
0.78891 0.172704 0.0999443
0.80216 0.17233 0.10003
0.828049 0.172511 0.100034
0.854008 0.172569 0.10003
0.879761 0.172519 0.100016
0.90355 0.172235 0.100004
0.924946 0.171779 0.0999881
0.950505 0.171725 0.0999631
0.975388 0.171603 0.0999402
0.503951 0.196811 0.0402766
0.52935 0.197091 0.0396826
0.555034 0.197219 0.0421689
0.580835 0.197182 0.0481829
0.598809 0.197272 0.0768061
0.622 0.197501 0.10184
0.64804 0.197474 0.101782
0.674039 0.197249 0.101617
0.699761 0.196844 0.101367
0.711665 0.196831 0.0999294
0.737358 0.197061 0.0999301
0.763107 0.197124 0.0999331
0.788753 0.19701 0.099938
0.802461 0.196686 0.100004
0.828207 0.196963 0.100007
0.85403 0.197067 0.100005
0.879664 0.197007 0.0999955
0.903458 0.196589 0.0999906
0.924918 0.195901 0.0999805
0.950377 0.195749 0.0999624
0.975177 0.195479 0.0999464
0.999213 0.195122 0.0999354
-0.00569692 -0.00773399 0.00322243
-0.00569692 -0.00773399 0.00322243
-0.00569692 -0.00773399 0.00322243
-0.00569692 -0.00773399 0.00322243
-0.00569692 -0.00773399 0.00322243
-0.00569692 -0.00773399 0.00322243
-0.00569692 -0.00773399 0.00322243
-0.00569692 -0.00773399 0.00322243
-0.00569692 -0.00773399 0.00322243
-0.00569692 -0.00773399 0.00322243
end.
