begin.
-141.62 28.8483 1.12339
-140.429 11.977 1.06318
-135.547 9.61845 1.01869
-112.935 23.0186 1.05339
-130.448 17.4776 0.986284
-118.52 6.30821 1.15608
-125.468 14.6923 0.985999
-120.297 6.91503 1.14152
-116.908 2.87557 0.90538
-100.687 4.01624 0.949571
-99.5725 3.43035 0.856212
-106.217 3.14897 0.895671
-96.7675 14.677 1.05434
-90.3849 14.8697 0.879931
-91.3157 3.73223 0.874237
-106.455 2.03435 0.752994
-73.191 4.39895 0.877898
-78.012 10.0719 0.919793
-70.3803 16.3873 0.842796
-79.5123 29.6148 0.924037
-80.0501 3.18174 0.928982
-61.4976 5.19412 0.886648
-38.6904 7.28455 0.745012
-22.9702 9.43429 0.828569
-42.6093 9.33547 0.865491
-43.7452 3.64676 0.842092
-49.1202 8.69075 0.840147
-6.26045 10.4973 0.805691
-13.2862 8.05767 0.787913
-11.0459 7.26305 0.949112
-2.66376 18.8448 0.860756
19.229 2.87508 0.716701
22.8008 19.4608 0.911258
19.5378 17.185 0.98856
17.0719 8.5381 0.87955
21.9155 19.0843 1.07385
24.7953 12.9813 1.02232
30.3986 13.7711 1.06112
-139.987 11.2455 1.07624
-138.532 2.90753 1.07585
-141.319 3.47625 1.11414
-118.603 2.84625 0.973127
-141.957 2.43341 1.03883
-126.826 3.111 1.14933
-126.762 2.77732 1.12254
-95.8587 2.46036 0.95347
-112.301 2.36209 1.05959
-109.88 2.50399 1.05524
-116.256 1.85645 0.981915
-101.041 2.58984 1.04882
-104.027 2.31086 1.00882
-88.6602 1.86278 0.856729
-102.162 2.02868 0.858427
-83.7508 2.79922 0.995749
-71.3147 3.05071 0.943212
-50.9245 2.66971 0.878724
-61.89 2.41307 0.824587
-54.6778 2.95492 0.985465
-44.3478 2.86198 1.0129
-58.8101 2.84065 0.904927
-59.3587 4.73115 1.02192
-45.4936 2.92509 0.889804
-32.537 2.4571 0.88338
-38.2222 2.37702 0.804771
-30.6382 8.39056 0.915102
-41.41 7.05096 0.924838
-14.078 6.30002 0.777928
-21.2685 4.7724 0.98103
-7.84127 5.25895 0.941639
-8.53466 1.73128 0.676763
-1.40365 8.92933 1.07213
7.59063 4.57734 0.915928
19.5114 22.9986 1.08809
17.6677 15.6446 1.10865
7.73491 14.299 1.04847
27.333 2.95039 1.06701
-140.712 2.70931 0.924142
-139.124 4.16655 1.00569
-135.018 2.59448 0.994152
-129.725 7.36077 1.11208
-116.58 9.07966 1.15797
-130.247 2.11142 1.08679
-123.44 2.08831 1.10172
-110.866 8.78852 1.0941
-110.459 2.52546 1.0651
-128.375 2.31176 1.08581
-121.133 2.03535 1.10228
-106.097 5.20599 1.03855
-85.2247 4.69337 1.05366
-80.1822 2.78632 0.866089
-85.2063 2.66478 0.960533
-55.4919 2.37659 0.814338
-71.3797 3.33471 0.888173
-74.8929 4.8471 1.02785
-70.9045 2.39353 0.772771
-42.8807 1.92009 0.826649
-48.1115 4.37348 0.945587
-44.1101 3.21827 0.822775
-49.8848 3.90043 1.0083
-49.0093 9.50968 0.919465
-24.124 2.84621 0.872405
-38.2774 7.10642 1.00582
-28.7353 4.80861 1.09872
-29.2555 9.236 1.05154
-13.4869 2.54267 0.935986
-3.14985 15.5154 0.853266
-14.0128 2.35483 0.89626
-8.94082 18.4053 0.927389
-4.55636 2.72945 0.997544
14.9295 10.4017 0.872966
16.5415 2.98968 0.755361
14.4004 2.46454 0.853514
23.1423 4.95357 1.03557
28.2302 2.95437 1.0273
-140.939 16.1906 0.957037
-106.145 2.65464 0.83089
-140.312 2.35663 1.03307
-132.166 2.72939 0.960986
-139.369 21.5242 1.03531
-125.28 2.51646 1.05293
-114.179 7.51506 1.04171
-130.026 6.22905 1.10354
-111.725 2.4515 1.00195
-97.6651 7.46151 0.934201
-97.9734 3.5076 1.00521
-100.326 2.31895 0.963808
-107.773 3.51856 0.884008
-76.7609 3.34778 0.92306
-91.315 8.03873 0.872646
-82.0005 4.68825 0.917331
-74.4017 2.4177 0.88156
-60.7034 2.90481 0.774248
-66.5698 3.63179 0.697515
-65.1253 2.58947 0.823325
-66.534 2.82907 0.802074
-58.4216 14.0962 0.888602
-50.2235 3.02852 0.936984
-47.7976 7.95935 0.88659
-31.6026 7.70562 0.959391
-27.1558 3.73191 0.937139
-34.1356 11.543 0.855528
-41.5112 3.37136 0.851042
-21.7917 6.30602 0.991702
-19.9274 3.40263 0.837922
-13.9424 3.19966 0.980379
4.53214 14.5405 0.977475
-4.9015 7.82349 0.873249
6.37347 3.1392 0.864947
12.8076 3.80621 0.836909
21.6006 2.5443 0.792739
9.16237 3.09512 0.810094
26.4769 4.08346 0.978644
-133.671 29.8263 1.10802
-127.875 3.9035 1.02813
-135.431 9.32512 0.933225
-137.379 7.8134 0.991172
-140.997 21.8764 0.919408
-112.736 4.39859 0.904612
-96.1629 2.4158 0.955184
-126.566 2.73032 0.989564
-86.6071 1.88933 0.687874
-102.191 6.06723 0.930923
-113.02 4.9043 0.833229
-93.4189 8.89309 0.851727
-80.6632 2.87596 0.864453
-92.203 3.37742 0.741512
-99.0805 8.95651 0.975279
-108.044 16.3519 0.969031
-81.1905 3.83968 0.822421
-58.5278 9.58317 0.659326
-62.0585 17.9069 0.696973
-55.239 2.95987 0.706607
-55.8605 7.91245 0.699503
-62.161 9.35588 0.75081
-22.4562 13.6079 0.734923
-48.8569 8.51614 0.789851
-30.9541 16.3939 0.770391
1.5212 16.2856 0.864806
-26.3666 8.03593 0.883275
-13.1706 16.1072 0.704492
-26.5312 26.1687 0.800889
-7.84761 14.778 0.747332
-12.1734 20.9381 0.833144
10.8443 30.3471 0.8473
8.89688 2.2612 0.751131
24.6225 8.07595 0.79358
26.9853 3.21238 0.952165
5.30062 11.6728 0.793193
6.90746 2.51708 0.910299
25.6125 2.66941 0.871021
-141.58 2.22084 0.904272
-140.46 18.7317 0.818958
-139.087 11.4059 0.979877
-135.268 22.3886 0.933163
-121.804 1.95301 1.00705
-125.305 8.16612 0.92761
-128.075 12.1963 0.977559
-92.0393 2.62047 0.926157
-112.122 4.5789 1.00975
-117.494 2.60711 0.962713
-105.563 4.33766 0.988349
-82.128 4.30388 0.921875
-91.3359 3.0175 0.873302
-83.5129 10.3469 0.949811
-62.659 20.3059 0.748159
-78.5461 9.96145 0.7697
-69.5191 2.97623 0.706343
-94.1272 2.65542 0.89752
-63.1595 2.70621 0.816456
-58.5861 3.05704 0.896745
-57.4573 2.51696 0.84764
-49.7176 2.65911 0.751127
-37.7112 2.94422 0.753749
-32.5152 3.63275 0.761496
-33.951 6.52813 0.857016
-32.7762 2.85919 0.695558
-44.521 2.93215 0.786891
-0.937743 15.8279 0.886501
-29.646 2.67861 0.832485
-20.6369 5.61289 0.928132
-10.2407 2.50425 0.802201
-2.26304 2.78672 0.846347
-12.1186 31.1289 0.893032
21.1545 4.7543 0.810017
13.4142 8.96638 0.858035
0.797515 5.19574 0.833341
27.6898 2.44201 0.813743
28.6497 8.45815 0.973606
-140.697 1.93308 0.877663
-137.366 2.18838 0.840598
-136.334 5.02498 1.00368
-130.399 6.03503 1.07873
-130.351 5.68445 1.04637
-123.858 7.65626 0.943139
-113.032 3.22281 0.882531
-113.918 11.0055 0.997473
-117.121 7.7906 1.038
-100.877 17.1692 0.83882
-103.125 8.44596 0.97463
-105.766 4.37201 0.883994
-87.0304 18.5712 0.835436
-89.4655 2.8467 0.764973
-84.0073 8.74416 0.949143
-86.8956 10.8229 0.834859
-67.073 8.91481 0.610713
-72.1066 6.81753 0.891211
-72.6151 8.18268 0.85649
-73.4944 10.3195 0.793038
-42.3904 6.26406 0.751414
-57.0615 11.4791 0.764709
-71.3455 29.2136 0.820558
-51.685 8.07842 0.842791
-43.1188 11.6747 0.836969
-35.3879 13.6451 0.825966
-31.3353 6.59684 0.847744
-26.9553 2.526 0.618773
-26.7257 3.50053 0.772452
-11.7051 2.66341 0.736092
10.4812 13.2403 1.02254
2.28549 2.08609 0.680761
1.34536 25.8814 0.895902
18.8154 8.1159 0.647888
13.7797 16.5361 1.00623
18.1649 8.56546 0.720749
11.3596 21.196 0.904505
15.852 2.93706 0.758658
-140.776 12.6898 1.08513
-130.145 8.11089 0.996246
-135.68 3.55926 0.901993
-128.658 19.511 0.964052
-136.055 17.4921 0.879872
-124.072 8.29697 0.918995
-119.328 5.57594 1.0178
-121.891 1.60871 0.975576
-136.275 6.62869 0.968914
-107.849 11.1564 1.02391
-108.313 8.68213 0.988875
-71.9782 11.3922 0.674823
-85.8981 4.34832 0.835337
-104.66 7.51821 0.991565
-94.0808 15.829 0.958675
-93.2196 9.24759 0.816545
-78.4794 9.29964 0.759164
-78.3207 9.23941 0.764269
-98.1784 10.6375 1.0011
-68.1195 26.5786 0.794961
-73.0525 3.47492 0.850568
-65.5674 14.7508 0.810216
-60.1432 10.5513 0.773335
-40.3536 13.7319 0.784643
-41.9984 13.1286 0.880023
-17.7868 10.6477 0.833262
-22.4922 20.5721 0.854425
-24.6436 14.4359 0.778679
-5.56407 20.0905 0.82757
-11.9653 9.05488 0.849324
-10.3572 9.07374 0.876149
0.555698 10.4466 0.974536
8.98681 10.771 0.999978
18.5695 14.7412 0.971454
10.4935 8.57329 0.921132
26.777 2.88361 0.91899
23.122 14.2293 0.913969
28.1414 7.36473 1.03783
-141.273 8.93773 0.881784
-124.586 2.56565 0.961181
-123.388 2.86721 0.965846
-130.123 11.2841 0.998093
-128.928 8.87482 1.00911
-128.245 13.0994 1.01115
-118.776 3.6873 0.969047
-114.313 8.49164 1.0494
-120.746 3.90446 1.00703
-108.565 10.0644 0.961748
-105.097 12.3184 0.91791
-101.53 9.29078 1.06819
-85.3407 4.30307 0.847802
-102.389 20.4231 1.02107
-87.0801 9.44375 0.96303
-84.8004 8.11579 0.990301
-67.8579 15.949 0.785083
-66.0371 21.174 0.816317
-69.8532 10.5153 0.774922
-67.6451 19.9441 0.84362
-60.7342 19.7758 0.740774
-47.069 8.31501 0.768713
-70.7942 6.47717 0.81155
-60.3614 8.64425 0.799558
-41.5837 13.7042 0.881934
-17.5983 8.48466 0.924608
-38.7638 9.3273 0.835771
-16.5353 9.91227 0.784932
-26.4925 3.45629 0.769373
-8.02901 9.87446 0.862479
-18.1859 9.05757 0.914134
6.1142 7.95706 0.809199
6.16161 7.42148 0.804662
-2.55561 21.0765 0.942487
14.076 8.62046 0.882891
32.7232 3.90241 1.0504
17.8093 15.0824 0.972373
15.5779 2.88328 0.666678
-141.189 26.6667 0.876745
-123.657 22.5969 0.961332
-133.723 1.91963 0.905888
-120.388 23.3692 0.961369
-117.055 6.91492 1.10175
-124.189 17.7007 0.982956
-92.2842 1.81764 0.776165
-114.154 9.48978 1.00752
-108.728 15.6601 1.03587
-98.8571 22.8206 0.956019
-103.363 10.1211 0.953984
-104.218 15.378 0.861959
-106.156 24.3659 1.04736
-102.088 8.72142 0.997998
-92.1557 24.0362 0.836539
-84.0207 9.15709 0.937724
-76.406 6.99688 0.881482
-65.4646 14.7536 0.757545
-66.4651 23.408 0.860328
-63.4486 11.9596 0.729773
-58.522 16.328 0.819041
-84.0611 17.1411 0.852087
-57.6634 18.7094 0.771269
-38.8703 29.3083 0.734522
-32.9018 11.8596 0.740513
-36.9276 8.2142 0.742488
-27.2369 8.56256 0.860582
-2.37808 3.04531 0.785133
-13.035 15.0064 0.725217
-20.0088 17.0919 0.827115
-1.61758 19.349 0.944977
13.5101 5.20859 0.774855
-3.41338 2.32805 0.757905
6.03238 8.1238 0.816586
13.3588 17.4673 0.99681
29.8286 8.56934 0.988645
31.3767 4.79895 1.05244
29.4463 10.4183 0.94418
-139.871 33.6376 0.869782
-136.236 7.85543 0.937387
-121.417 8.76754 0.891504
-126.825 3.30639 1.02951
-124.093 8.69482 0.902582
-125.016 3.59938 0.89941
-118.287 3.42838 0.881295
-115.851 7.97303 1.02322
-90.7521 7.38877 0.847555
-113.293 3.04807 0.902166
-107.212 24.0555 1.00054
-87.4536 11.3012 0.899361
-94.7226 8.38768 0.782041
-91.6201 6.32814 0.858721
-86.5707 28.475 0.731473
-86.736 3.81431 0.764173
-65.9825 7.47371 0.62741
-72.4728 7.85735 0.866982
-65.9147 7.73444 0.655541
-61.298 25.0358 0.672831
-48.9072 7.7182 0.772988
-64.6148 12.7406 0.696206
-54.9268 6.20799 0.83535
-63.0068 5.50558 0.744759
-43.9234 12.0802 0.830417
-22.5339 7.69849 0.77126
-25.4202 3.59686 0.729848
-18.7541 15.7369 0.774786
-34.4043 15.608 0.777372
-12.1614 7.89776 0.765293
0.855976 5.57625 0.742183
-16.3039 3.52485 0.955199
0.737962 6.30302 0.760502
3.89701 26.6097 0.915239
12.393 25.0627 0.916987
2.23213 11.8951 0.959932
24.9652 12.8503 0.958674
29.4276 11.0502 1.02293
-140.661 15.2039 1.03043
-141.572 3.87817 0.965446
-128.966 11.4238 0.967971
-129.533 5.55671 0.992673
-129.126 10.635 0.923145
-132.081 3.22632 0.889124
-117.767 12.0191 1.0467
-132.631 3.51289 0.826229
-110.395 14.8291 1.04435
-112.749 14.3125 0.913244
-108.876 8.86523 0.965815
-108.913 9.23501 0.968967
-99.1584 14.8743 0.850568
-96.5298 13.3273 0.904191
-82.848 15.034 0.85525
-91.2575 24.6355 0.826893
-76.1821 15.072 0.882698
-75.2032 15.9306 0.813815
-73.7056 6.68696 0.828265
-60.5615 30.8678 0.713663
-52.0997 13.0722 0.79811
-42.6084 17.4918 0.828752
-31.4012 5.92296 0.781215
-45.7092 13.8347 0.853498
-41.4837 17.8729 0.836975
-38.1288 5.59453 0.760243
-20.9763 12.2083 0.799119
-26.5479 20.1113 0.763141
-7.91452 5.93721 0.755333
-14.1709 16.921 0.790416
5.31019 2.78533 0.808151
0.68426 8.42472 0.902838
0.493418 26.8239 0.806907
9.60318 14.7838 0.949301
15.984 31.4209 0.839801
12.5195 20.3485 0.925002
23.3399 14.8844 0.997314
29.8751 10.092 1.02711
-140.72 1.78443 0.877685
-123.365 9.08903 0.891021
-133.659 7.22779 1.03437
-138.722 17.6957 0.935349
-123.845 15.0947 0.849034
-141.488 24.9852 0.967732
-118.245 12.5142 1.05057
-114.883 19.0733 1.03326
-114.46 10.0689 0.908512
-112.183 14.7668 0.982744
-110.897 8.21025 0.99569
-108.891 8.90554 0.969076
-99.3572 17.2366 0.954406
-92.5658 6.53184 0.892607
-86.0408 17.3248 0.921562
-87.8499 19.1282 0.944366
-76.6026 14.489 0.888327
-61.247 7.55679 0.694615
-64.4386 2.28433 0.716069
-87.8298 19.0952 0.870409
-52.1028 13.3966 0.718002
-49.5616 23.8099 0.859252
-42.3404 11.7684 0.781792
-47.6589 14.4392 0.788746
-25.3244 20.1594 0.805191
-27.2997 14.0244 0.752492
-19.491 14.3781 0.789394
-17.8677 14.8493 0.856524
-17.287 8.46264 0.84563
-12.856 14.9697 0.786855
-6.41 24.6384 0.864558
1.32208 14.6651 0.899702
5.82856 19.3617 0.906379
5.12143 24.8357 0.857324
17.5551 12.7325 0.836003
26.0032 2.51057 0.908661
23.5538 13.0202 0.921914
28.2216 15.7279 1.05385
-141.268 17.4459 0.954281
-141.187 17.4761 0.93646
-134.738 15.3284 0.984911
-135.156 9.83303 0.95962
-129.077 18.8711 0.933824
-125.425 14.3013 0.868327
-117.86 12.3214 1.05397
-118.259 11.4181 1.05302
-119.439 17.4596 0.910999
-114.376 23.4332 1.04106
-94.8951 12.3862 0.84852
-97.5455 4.61801 0.911016
-96.0526 13.4996 0.951722
-90.0162 15.7813 0.857035
-89.6058 27.3351 0.904783
-87.4008 32.2437 0.782348
-76.2021 15.8221 0.838486
-81.892 14.7886 0.845465
-56.9355 11.803 0.726075
-84.2782 15.2238 0.813739
-52.3401 11.5899 0.740598
-50.5225 19.4844 0.735243
-41.3553 7.28982 0.770929
-37.5112 15.9252 0.782969
-38.0793 16.3679 0.861612
-35.4499 16.4007 0.826959
-10.6872 13.7543 0.715615
-23.2707 20.3451 0.803083
-17.2462 11.0884 0.799685
-18.5753 12.9372 0.869565
-4.33531 2.95986 0.793127
-2.43799 10.6409 0.906204
4.55028 24.8505 0.808011
-5.46785 13.9495 0.756503
4.66166 18.6559 0.932319
21.0466 2.48685 0.807855
22.2351 7.25929 0.826125
22.9828 9.40474 0.916911
-141.149 13.2166 1.05079
-134.404 7.23411 0.968393
-133.965 15.7785 0.971677
-128.498 24.5321 0.801308
-124.372 15.5431 0.857955
-111.044 7.10609 1.0269
-117.904 18.6461 0.927474
-94.8957 18.5382 0.910244
-113.817 11.5122 0.953689
-82.3206 5.6071 0.796156
-89.161 14.0271 0.756562
-108.805 13.8585 0.946803
-102.538 19.2917 0.954675
-89.9744 13.4712 0.846274
-106.475 14.686 0.888434
-64.4483 6.65041 0.6399
-81.8661 21.4268 0.833384
-82.6115 14.619 0.867741
-62.6055 16.1976 0.710852
-62.2251 20.3171 0.737321
-53.9191 14.6196 0.763371
-83.3717 16.1581 0.802917
-68.5583 13.8443 0.76917
-76.2598 25.0373 0.740233
-28.2241 9.34621 0.866972
-34.2011 25.3443 0.774909
-53.1339 2.1861 0.694066
-16.3295 28.5862 0.766412
-18.1834 30.1583 0.759016
5.82588 14.0438 0.874478
-1.62331 28.0455 0.809189
-1.42166 9.98232 0.903405
18.0587 31.3226 0.824689
10.7262 20.5911 0.845806
17.7035 19.5303 0.932904
19.7607 18.7732 0.996203
24.9007 28.1607 0.955264
29.2487 16.6596 1.04839
-141.25 8.69182 0.892087
-122.826 16.5653 0.860263
-122.004 7.35597 0.912847
-135.726 14.9755 0.952365
-124.006 22.7489 0.939252
-114.301 8.18319 0.985041
-118.973 12.9467 1.03639
-120.39 11.8102 1.00851
-108.121 20.5639 0.998774
-113.201 14.9866 1.00916
-102.944 11.826 0.824576
-96.0453 13.3426 0.953721
-96.2369 15.3134 0.950022
-98.1415 7.66117 0.943397
-107.644 33.9308 0.841732
-83.0149 14.251 0.870252
-75.3635 15.2468 0.842365
-49.0568 21.031 0.766747
-59.7927 24.0455 0.631835
-61.9173 30.861 0.69636
-53.8419 13.3101 0.75916
-46.9242 16.1579 0.83362
-45.3412 23.7492 0.739706
-41.5704 27.5884 0.712634
-35.1873 19.4342 0.920267
-29.5938 19.6376 0.785076
-27.4273 8.35391 0.787702
-28.5278 16.0395 0.739874
-7.88074 17.7948 0.771151
-6.83141 29.4337 0.719593
-11.8072 31.4346 0.7544
13.2836 26.3287 0.830932
17.8177 15.8388 0.95409
1.35689 2.36076 0.590093
11.7327 15.1861 1.00912
10.6817 24.4093 0.900274
29.5761 16.9413 0.947729
31.0598 11.7462 1.06438
-141.47 8.51258 0.936731
-140.179 29.8398 0.968974
-134.104 19.6632 1.00787
-119.905 15.6071 0.943861
-128.684 11.7822 0.966727
-132.518 2.91186 0.851806
-125.834 12.2935 0.969954
-107.136 5.36816 0.881826
-123.752 8.95121 0.820248
-107.496 9.9512 0.98231
-110.123 2.91644 0.836457
-113.776 15.627 0.930966
-78.9799 2.73331 0.832098
-96.8846 2.8192 0.820978
-100.243 22.8121 0.955386
-84.4949 9.75101 0.932461
-86.9655 9.67275 0.910326
-62.6625 14.335 0.684577
-70.2808 6.33155 0.786827
-59.3996 15.2208 0.699254
-76.2041 10.0686 0.819957
-56.4158 7.6313 0.835254
-46.293 13.5916 0.738116
-48.4942 17.7853 0.739311
-71.0572 12.3788 0.659656
-24.5873 20.1775 0.703832
-24.664 5.55808 0.776757
-29.3244 31.4524 0.755948
-4.51054 5.72572 0.679324
-7.56531 26.3148 0.735982
-4.19294 3.74377 0.76274
6.60979 2.1696 0.717333
-10.7941 32.4932 0.749614
10.3035 2.25118 0.673283
-4.88108 33.1422 0.872101
19.746 22.8178 0.915508
23.641 15.1109 0.955679
29.0017 16.6024 1.05465
-137.941 22.229 1.00366
-129.901 17.0726 0.946297
-135.465 7.36121 0.951223
-117.079 25.7563 1.03651
-124.061 20.5086 0.992606
-127.152 12.419 0.947225
-117.796 24.0752 0.859362
-115.975 25.9957 0.986511
-111.688 25.5336 1.0023
-135.787 12.3477 0.876786
-105.903 22.6487 1.04549
-76.219 2.40686 0.740637
-90.5387 22.8337 0.845691
-93.4117 20.4711 0.849477
-86.1426 21.0319 0.876011
-94.7107 33.4547 1.00933
-84.0701 26.2598 0.781361
-77.8688 27.5057 0.689253
-81.3025 21.324 0.729939
-66.5736 21.7197 0.706123
-71.1898 20.4687 0.790211
-61.0286 23.942 0.63579
-43.8038 24.8835 0.74905
-30.1925 19.2935 0.670853
-46.067 32.0843 0.665029
-39.5292 23.5894 0.682931
-26.6099 27.1485 0.762269
-35.142 15.3521 0.723141
-16.9044 18.2526 0.722891
-10.2874 19.2157 0.690313
10.2872 17.4704 0.840561
24.7275 31.361 0.84953
12.8345 14.1338 0.901448
28.2753 8.54349 0.867843
18.8229 26.5025 0.979589
19.2938 16.4961 1.03504
25.2504 18.9316 0.998834
29.7123 16.9175 1.05145
-141.754 5.87059 1.02682
-123.235 21.07 0.939634
-134.771 14.0481 0.972434
-121.985 6.85493 0.887296
-123.681 22.2035 0.925055
-118.941 11.7599 1.02124
-111.594 22.9311 0.955868
-102.481 16.1909 0.729795
-112.831 26.1524 1.00549
-101.07 10.3512 0.888943
-90.6172 9.66918 0.876075
-90.8648 12.0955 0.844004
-98.1296 4.45611 0.889978
-90.867 14.1003 0.874704
-78.0957 8.3044 0.764375
-83.9964 27.6916 0.805442
-98.0403 13.6717 0.879209
-73.8451 20.2131 0.826366
-71.1494 26.3096 0.672768
-64.0794 26.3352 0.765372
-71.925 21.3604 0.789579
-53.3862 23.5174 0.705467
-35.9016 15.803 0.799193
-35.9753 33.4828 0.638667
-22.2269 25.7105 0.78515
-43.9207 32.4698 0.594716
-26.29 12.1241 0.775233
-16.34 20.937 0.731444
-17.708 28.5977 0.769462
9.40334 28.8282 0.759419
-6.04358 22.7057 0.865578
29.3148 33.2019 0.812525
-3.60323 24.5299 0.799858
2.76227 16.5177 0.966265
5.02683 19.3128 0.832163
27.3257 19.7286 1.00567
25.6245 17.7196 1.00317
29.6443 17.509 1.05912
-141.076 20.9413 1.03851
-137.09 21.8248 1.0584
-133.805 32.4372 0.992963
-128.836 16.4815 0.936847
-131.114 11.9287 0.916869
-136.318 28.2702 0.956872
-112.992 16.2092 1.03519
-106.537 12.031 0.964532
-107.009 18.3574 1.01894
-108.722 16.3146 1.01036
-108.923 14.9812 1.01302
-89.1804 5.69508 0.834314
-103.001 17.0633 0.870489
-100.785 8.57011 0.980276
-101.033 9.59821 0.93924
-78.6751 21.8047 0.95661
-85.2226 25.7697 0.835204
-78.83 22.0313 0.891784
-65.5351 31.0998 0.792769
-55.4023 24.1084 0.709981
-35.7948 29.983 0.690016
-25.5284 23.6547 0.744146
-47.5207 25.1122 0.734289
-41.7471 18.642 0.8502
-48.161 15.6151 0.727722
-36.7254 10.4034 0.725754
-7.30872 16.3047 0.731425
-22.1613 30.8767 0.747799
-8.7693 4.37337 0.618951
-25.4587 13.9789 0.702397
-5.40439 12.2936 0.718631
17.791 26.2081 0.860574
3.40365 20.0907 0.770548
5.06306 23.5205 0.775811
3.16638 20.1348 0.841273
20.01 18.8957 0.933931
20.1797 12.6228 0.931349
31.4698 15.2181 1.04891
-141.58 23.6652 1.03694
-134.57 18.8986 0.960638
-133.712 13.1722 1.02904
-128.404 18.8779 0.950681
-134.204 22.9128 0.900465
-130.826 17.8341 0.940289
-118.742 17.9828 0.920534
-112.174 20.7363 0.871566
-100.596 17.737 0.782521
-107.242 16.9401 0.986316
-101.82 18.4414 0.900727
-80.1189 11.8038 0.773112
-100.049 13.1631 0.854866
-89.6014 13.1635 0.762495
-75.9637 28.1143 0.749681
-79.5593 20.4658 0.915066
-91.4327 21.8212 0.924633
-58.6162 11.8846 0.736254
-79.9779 22.5109 0.926329
-75.3874 8.71399 0.773059
-61.3808 24.7533 0.671966
-78.2649 16.4963 0.774631
-45.4189 29.3081 0.668147
-42.875 18.669 0.852764
-39.8726 14.8284 0.830402
-18.5625 4.65383 0.896666
-22.8991 6.239 0.789128
-33.2243 27.2554 0.700891
-12.5683 31.2908 0.692899
-21.1647 14.312 0.739318
6.24191 30.2831 0.769614
-7.25308 22.0461 0.79884
9.09989 19.5165 0.873599
8.23846 22.473 0.858625
15.7581 18.4863 0.995614
18.5916 11.5234 0.819522
24.8762 13.1415 0.919161
30.7259 23.4344 1.03885
-141.75 29.2515 1.05904
-133.77 11.4303 1.00808
-134.613 20.6994 0.976102
-129.638 17.698 0.90356
-124.749 20.8532 1.03945
-115.733 19.5284 1.01211
-116.628 26.3876 1.02792
-105.188 29.2594 1.04176
-109.629 28.9213 0.96336
-108.508 16.2788 1.0218
-108.25 12.3844 0.921946
-101.897 23.9326 0.972219
-94.4453 8.44065 0.802022
-106.467 20.4496 0.991021
-83.6427 10.609 0.85758
-80.0248 18.6597 0.854417
-70.4926 28.3318 0.73362
-46.1 25.6859 0.81033
-72.5831 20.2491 0.806988
-84.8519 12.7179 0.874683
-61.7987 26.4618 0.704899
-51.4972 22.1108 0.719401
-52.5632 21.2369 0.679497
-44.3367 19.1861 0.855319
-28.4104 26.8283 0.723443
-36.6464 9.72955 0.689565
-21.364 29.1278 0.758777
-29.6848 30.0546 0.758271
-12.2169 18.4727 0.714838
-22.3766 21.0361 0.818404
-10.7184 10.2452 0.747578
-0.40377 24.0387 0.75793
9.80194 19.3325 0.8892
14.3056 26.8873 0.90017
16.9408 21.0822 0.893434
18.3399 14.0686 0.977664
24.9735 23.0054 0.965077
30.9286 21.939 1.03575
-135.405 3.25279 0.908952
-133.091 13.9795 1.06668
-135.204 15.2783 0.900167
-124.017 14.8449 0.838098
-124.319 12.9757 0.9045
-117.702 18.5283 0.885707
-101.436 7.35894 0.945311
-119.581 11.8802 1.01929
-112.672 15.449 1.01107
-120.114 8.51281 1.00716
-108.445 8.91645 0.940816
-98.808 22.6545 0.905115
-92.4816 30.2661 0.949478
-115.555 14.2043 1.03856
-94.2044 22.9484 0.909622
-78.1121 22.1649 0.894924
-91.3871 13.8359 0.900418
-53.6104 6.80751 0.643432
-52.9403 30.5028 0.75517
-77.118 15.7642 0.835562
-72.6473 21.0358 0.767141
-47.9753 20.0668 0.78508
-46.7016 12.989 0.679617
-43.4096 18.7377 0.787421
-24.7391 11.6004 0.749116
-37.1213 22.1086 0.764709
-19.6556 24.6861 0.779873
-20.1194 24.229 0.78832
-10.6457 22.7632 0.726775
-13.8383 24.7031 0.736101
25.733 15.4364 0.795459
-7.78053 22.5128 0.778192
7.07616 18.3897 0.903176
13.2234 18.4254 0.887878
12.2801 10.368 0.904499
11.6163 9.98896 0.87451
30.9789 11.1178 1.02641
30.3845 21.64 1.04109
-141.178 27.1349 1.01879
-141.482 15.4929 0.949931
-127.684 3.56365 1.01137
-126.973 31.9975 0.926883
-129.69 23.2845 0.8418
-132.962 34.1058 0.917781
-121.364 29.0828 1.0175
-122.974 21.6025 0.931572
-123.247 29.1606 0.978722
-107.166 28.1042 0.999406
-105.675 27.4265 1.04644
-95.0073 26.1141 0.783085
-82.1973 25.3478 0.770803
-88.2933 28.2437 0.830653
-88.8073 25.5469 0.907368
-100.51 28.0456 0.903607
-101.254 26.0469 0.963889
-79.8805 26.7816 0.846679
-72.8427 19.8193 0.768652
-58.7982 30.5936 0.695136
-67.5802 14.6384 0.735598
-46.9364 23.3947 0.792283
-47.8308 23.6064 0.78472
-42.779 18.5353 0.792519
-42.0485 18.5677 0.759274
-40.4948 25.79 0.767766
1.29665 7.73088 0.752267
-28.3124 18.0541 0.727305
-11.3058 24.7443 0.774424
-16.9271 3.39456 0.694124
5.4296 5.7461 0.749842
5.75049 24.8011 0.772372
31.0187 27.1158 0.805201
18.0096 25.2894 0.926711
13.134 19.1144 0.891866
21.8866 34.2802 0.69342
24.9182 22.6087 0.890155
31.0298 23.2682 1.0526
-140.862 30.1868 0.990267
-117.709 24.4441 0.881448
-139.932 24.4346 1.03483
-136.05 31.0837 1.02537
-125.087 20.5028 1.02841
-102.727 31.9819 0.914226
-111.636 32.3861 0.873463
-127.589 27.8278 0.838004
-112.421 21.4999 0.940918
-118.624 18.7721 0.839531
-96.9304 24.4937 0.956472
-106.14 22.6391 1.01927
-98.7537 21.7756 0.953978
-97.872 23.0812 0.929334
-87.9501 19.7534 0.868257
-77.3736 1.74604 0.771931
-51.7249 32.9578 0.703639
-60.088 11.0367 0.762034
-72.8678 15.2103 0.754568
-73.3662 31.4679 0.859829
-52.8735 15.5417 0.668737
-54.7314 19.5831 0.7456
-38.0752 21.7894 0.872844
-37.2379 32.8979 0.699463
-28.5771 28.1494 0.879207
-23.6862 29.1201 0.803204
-23.7468 24.5757 0.890851
-13.7543 19.8881 0.75799
-25.0849 25.3673 0.87081
-20.5802 24.0787 0.916539
-9.11493 28.1858 0.764973
-11.6439 21.5404 0.799556
2.08068 33.1139 0.757269
0.0949813 18.826 0.959336
-0.76819 24.0618 0.823607
22.6594 31.0795 0.91886
22.7639 27.1148 1.01529
30.9513 23.0387 1.04307
-139.979 26.3097 1.05144
-130.045 8.92427 0.98131
-134.021 30.2403 1.06168
-135.993 27.4961 0.956446
-124.505 16.1348 0.89119
-118.069 24.6117 0.941091
-123.613 25.3248 0.972836
-118.621 14.2371 0.976675
-112.014 23.7601 0.99399
-99.1812 20.9041 0.935213
-105.926 22.9587 0.99567
-106.196 21.8846 1.04606
-94.5893 18.1328 0.907832
-94.4168 17.873 0.864568
-81.3432 28.7753 0.78513
-93.8647 17.945 0.891894
-78.4854 27.8014 0.767695
-96.2398 21.4152 0.898476
-70.0524 33.581 0.871816
-66.755 26.4853 0.809231
-56.8537 18.209 0.74716
-50.0085 17.7019 0.780866
-43.5257 28.4322 0.852332
-37.9408 9.84446 0.708454
-41.6364 25.5841 0.820705
-32.2604 22.1718 0.752005
-31.9879 21.2171 0.834497
-11.7799 26.4899 0.737046
-19.7093 21.4147 0.817443
-4.94009 18.9226 0.954663
-17.234 33.3641 0.80853
7.5987 26.0562 0.832916
10.0809 25.9817 0.832267
6.58113 28.8684 0.919653
12.7879 33.2322 0.808073
24.1879 30.7826 0.973786
23.2616 23.5489 0.930684
30.3798 23.4279 1.03259
-139.523 20.7349 1.06672
-129.718 17.9934 0.91721
-133.754 31.1361 1.0624
-125.354 25.8211 0.955205
-131.502 23.4155 0.835595
-126.046 33.9133 0.811776
-118.128 22.7349 0.93519
-118.27 22.0894 0.955885
-130.824 23.255 0.846496
-113.918 14.7618 0.977269
-106.222 22.4918 1.02102
-105.315 21.5889 1.07905
-100.121 20.4151 0.951811
-102.794 30.743 1.02685
-82.2312 14.4846 0.817318
-56.2693 17.5321 0.737853
-81.3634 28.6576 0.822006
-87.3433 27.2351 0.880637
-74.207 33.0668 0.827341
-66.2599 20.8281 0.845705
-56.7754 16.0621 0.81572
-63.4076 18.8887 0.731971
-39.6867 23.7334 0.836735
-39.9885 26.8691 0.72162
-33.9621 26.6891 0.787695
-31.1783 22.9949 0.709651
-4.81098 18.9461 0.838204
-11.2649 32.8933 0.673107
-18.9639 25.2158 0.847127
-13.7404 33.7918 0.831229
-8.44438 31.3619 0.794911
-5.88246 28.0886 0.795432
0.995772 34.1332 0.81256
0.784851 32.1016 0.865791
17.8393 33.3532 0.763402
4.01148 30.9679 0.853762
20.0505 30.2026 1.00862
30.505 22.7308 0.962843
-141.901 14.4274 0.992714
-128.738 28.8976 0.946931
-127.715 28.6496 0.863222
-140.345 32.2906 0.864219
-125.007 22.6083 0.993557
-137.275 21.7946 0.985315
-115.84 32.133 0.946373
-113.446 28.3996 0.972791
-111.822 24.3336 1.00607
-118.375 30.6098 1.00616
-103.28 23.8564 1.04831
-102.317 11.2555 0.896922
-96.4882 8.53328 0.85055
-102.394 17.7501 0.889455
-90.0762 17.2348 0.908686
-48.0404 28.7695 0.684805
-69.5499 29.8942 0.901385
-59.811 28.9985 0.616484
-83.9803 26.1537 0.744183
-74.0839 28.7283 0.75751
-52.8116 11.9672 0.692876
-57.7163 18.3532 0.761457
-37.9837 22.7401 0.827324
-35.0644 31.9562 0.709542
-32.9622 26.7492 0.811202
-30.6669 25.5243 0.705984
-16.9181 32.7206 0.704218
-7.80252 27.4489 0.808972
-14.6174 27.1406 0.739366
-17.5231 8.06847 0.845383
-22.7402 29.9326 0.752088
7.92355 15.7225 0.912599
6.80927 31.6113 0.806586
5.98309 25.3259 0.8322
16.6631 32.7132 0.701665
16.6819 31.6444 0.845357
24.8441 24.044 0.924542
30.2662 14.7207 1.04947
-141.643 12.7782 0.877214
-140.609 21.4018 0.955265
-131.57 28.9609 1.0511
-127.22 25.359 0.904377
-116.53 18.5979 0.968716
-133.468 22.6062 0.919555
-113.581 17.2543 0.986896
-132.515 33.1084 1.00671
-111.454 22.924 0.992244
-102.967 11.9036 0.834624
-105.819 21.1319 1.03654
-106.98 21.121 1.07668
-95.3053 20.892 0.948581
-95.6814 28.4098 0.922137
-93.804 32.4569 0.946353
-45.79 23.1271 0.812985
-69.479 17.2006 0.783053
-77.4143 14.9969 0.830044
-48.3278 11.6789 0.779158
-66.498 27.0564 0.827728
-49.5996 19.6859 0.742146
-64.3751 13.4277 0.707737
-39.0562 28.5267 0.814645
-52.1816 32.8648 0.715484
-36.1345 21.6772 0.775167
-32.6166 12.2031 0.67424
-37.5926 22.0611 0.792735
-2.96628 24.5587 0.79818
-19.0799 21.9297 0.845188
9.08465 8.74002 0.854815
-11.5195 10.7408 0.749703
-0.125577 8.45038 0.801578
-3.66333 30.4291 0.852383
6.13307 11.9566 0.801559
5.86893 32.4763 0.836102
17.7975 24.5815 0.945659
21.2956 29.1796 1.00416
28.3051 28.3242 1.06
-140.633 14.511 0.91183
-134.786 25.0284 0.997146
-136.667 29.2617 1.06903
-108.718 26.0897 1.04675
-120.634 27.9289 1.04681
-135.308 33.5117 0.998445
-105.438 33.2229 0.982937
-112.465 20.1586 0.911313
-101.552 26.8015 1.02186
-122.393 28.1191 0.920708
-94.7603 11.9178 0.820223
-121.602 33.2772 0.839522
-90.7201 23.9564 0.867006
-73.0562 21.5656 0.780677
-95.5902 28.2669 0.97363
-73.6399 26.1343 0.699415
-91.1577 33.1829 0.927803
-43.3477 28.0903 0.720221
-54.1053 6.21901 0.686016
-75.4611 26.2412 0.800022
-74.1354 14.2226 0.767038
-50.4743 28.237 0.741681
-55.7541 31.6611 0.670513
-35.6091 32.1496 0.707089
-32.9005 22.1662 0.825132
-34.357 18.4902 0.78487
-13.0176 33.9238 0.705008
-42.2271 33.2533 0.576868
-18.6892 26.3808 0.775025
-6.05759 32.9908 0.702972
-0.654099 28.0509 0.693775
-6.5138 32.7397 0.659631
27.3605 21.8136 0.820295
23.1994 24.5383 0.805363
18.6665 8.63513 0.735385
24.1032 31.1685 0.964149
20.5906 27.744 0.961386
30.3464 27.6322 1.09772
-138.766 6.61852 1.00446
-131.02 8.84622 1.00156
-136.099 33.3656 0.969658
-133.05 29.3501 1.08907
-133.763 22.5326 0.924529
-121.382 28.3758 1.01949
-112.637 32.8414 0.95735
-106.704 28.6276 1.02489
-113.115 29.7594 0.982303
-106.45 18.5125 1.0087
-116.635 28.5882 1.05775
-88.353 6.53377 0.857084
-90.4723 23.7244 0.87369
-93.0739 33.8404 0.847274
-97.2273 20.831 0.953941
-54.3168 26.4287 0.767021
-76.4886 26.3532 0.830438
-54.6497 33.1897 0.75701
-66.4051 19.5926 0.824137
-55.4178 25.0392 0.805247
-86.4394 20.5195 0.831759
-55.4846 26.2958 0.766785
-70.0544 32.6002 0.856686
-58.7769 33.8319 0.734631
-45.9912 33.763 0.659942
-38.7573 33.2241 0.75565
-27.2711 33.4432 0.663505
-19.9801 19.9476 0.748781
-12.8813 13.5043 0.69836
0.218922 29.7162 0.822444
-7.38382 9.84682 0.739044
1.11518 28.1818 0.795669
1.74595 13.8255 0.891268
21.572 2.05474 0.690181
9.53796 33.0501 0.869465
18.5977 27.268 0.954734
26.182 33.658 0.851734
29.3065 27.2172 1.06944
-141.824 23.5961 0.935996
-136.582 33.8111 0.744422
-127.313 33.827 0.874208
-129.86 28.8733 0.995404
-130.615 29.5901 1.03982
-122.327 28.4049 0.986487
-122.42 28.7908 1.01086
-114.139 28.1737 0.993902
-100.75 27.855 0.993673
-108.497 27.9649 1.03302
-108.499 28.054 1.02436
-102.856 27.5403 1.05301
-93.9246 28.0312 0.987406
-69.5927 19.7815 0.896048
-102.177 26.6047 0.960364
-86.4036 19.6179 0.902037
-83.2134 32.6004 0.919718
-69.3079 32.8196 0.949733
-81.2937 31.9807 0.738739
-66.8238 16.7262 0.860896
-38.624 27.5582 0.801744
-49.6085 31.8551 0.757222
-54.2749 21.1467 0.735412
-33.2843 24.7203 0.716216
-25.5347 12.8883 0.740985
-34.4603 27.8078 0.680577
-26.4357 18.6929 0.71786
-19.0035 20.602 0.85111
-14.3645 22.8051 0.696398
-28.2447 17.824 0.766238
3.19904 28.522 0.861615
24.9254 7.9564 0.77994
11.2078 12.486 0.92879
5.93361 32.2301 0.918402
19.3355 28.8054 0.885562
10.7662 30.1906 0.866418
21.8689 33.6448 0.786266
29.604 28.0671 1.07606
-141.735 20.0819 0.917895
-124.741 33.3302 0.946139
-134.066 32.7918 1.03962
-130.053 25.5891 0.871067
-120.402 22.5065 0.9158
-128.681 32.3961 0.926096
-120.938 28.8363 1.05605
-117.084 16.0031 1.08013
-118.296 32.9222 0.8834
-106.996 29.4761 1.04179
-108.382 28.1979 1.07391
-102.38 30.7762 1.10528
-101.114 26.8635 1.03194
-82.9096 31.9767 0.832902
-94.9819 27.178 0.947754
-84.3715 22.4134 0.822568
-86.3547 33.6835 0.739794
-92.4979 18.558 0.877397
-67.3565 33.7941 0.688703
-30.3671 31.6517 0.702291
-69.9464 32.9693 0.864481
-86.8092 22.1918 0.76126
-44.5519 21.4465 0.862547
-50.0529 33.0149 0.764988
-27.649 28.9304 0.859644
-90.2797 30.9467 0.994566
-22.9143 33.7803 0.588757
-25.6126 29.6874 0.779659
-31.507 33.3937 0.700259
-19.6842 15.5057 0.745808
-4.40603 33.1647 0.654902
-17.3709 25.3303 0.775757
10.7844 33.2022 0.737787
12.2991 27.6293 0.889576
20.2597 24.4804 0.922718
12.9309 14.4307 0.976901
24.7473 9.14124 0.801443
27.3822 27.6152 1.06651
-140.581 21.8425 0.979886
-141.366 29.8067 0.915841
-137.042 15.7986 0.885276
-128.866 32.5307 0.928857
-120.329 17.2816 0.938884
-115.375 32.0574 0.910912
-117.593 32.9086 0.900894
-116.675 27.6091 1.02334
-106.127 33.3934 0.955944
-123.463 33.3526 0.943094
-103.837 33.4545 0.896402
-88.4284 19.2158 0.86109
-100.222 27.7693 0.968127
-68.3017 11.3123 0.672095
-93.4472 27.6716 0.99685
-87.8765 27.857 0.858569
-69.5464 33.6326 0.849394
-54.1134 29.0419 0.863463
-96.9033 15.4086 0.872201
-55.4871 26.1285 0.729058
-49.8663 2.28422 0.666957
-79.8313 33.3443 0.614351
-49.5428 28.5354 0.673508
-37.424 20.51 0.761709
-28.3709 13.7528 0.656836
-32.898 6.48366 0.683017
-31.9459 17.8915 0.797337
-2.2932 28.3384 0.790541
-26.8515 25.2453 0.709044
0.241768 9.7814 0.817763
13.6327 26.2707 0.798574
-4.22852 18.1703 0.858668
-1.44634 14.2517 0.872352
11.4442 15.0385 0.974933
12.65 31.5329 0.850729
19.6382 19.3119 0.867426
25.3521 21.0106 0.85148
23.8895 33.9886 0.882682
-141.297 30.9738 0.966318
-134.327 13.1299 0.849729
-136.05 27.0035 0.987527
-138.667 12.2396 1.00964
-128.124 19.2236 0.988937
-124.313 21.3877 0.977163
-127.097 26.3241 0.879749
-112.227 34.159 0.996386
-112.168 33.5796 1.03755
-113.047 28.6008 0.988506
-96.7203 32.4032 0.990182
-91.4173 32.144 0.869214
-97.5814 33.0105 0.92829
-83.3417 33.041 0.886719
-94.2346 32.5718 0.992421
-98.2302 32.9933 1.03583
-89.0648 25.2867 0.912195
-76.2051 33.3106 0.812483
-40.5143 32.9225 0.662486
-65.5356 29.2592 0.751356
-45.6912 33.6272 0.656747
-50.1645 31.3388 0.721058
-45.1045 32.2683 0.721946
-64.3386 32.6606 0.743034
-26.9126 33.7993 0.756393
-50.9012 34.4175 0.63768
0.950227 18.5496 0.858621
-14.1155 22.1864 0.675209
-18.3275 16.4095 0.775141
-19.7318 1.86697 0.699907
-14.2214 2.4509 0.75366
-15.8572 33.2881 0.784834
2.05996 33.3626 0.704427
13.5662 8.54065 0.855203
8.7103 7.14035 0.779617
10.7771 13.33 0.933703
17.9886 22.0896 0.857737
24.5631 25.9107 1.02087
-141.715 10.6168 0.942573
-125.182 34.1014 0.919074
-135.466 27.6779 0.982637
-128.95 26.9687 0.902468
-129.438 29.6627 0.862765
-118.815 33.1473 0.981559
-109.91 34.1088 0.94014
-115.785 34.1333 0.847149
-100.383 32.4425 0.951326
-109.212 33.6647 0.940603
-115.568 27.5154 1.0374
-102.158 33.7218 0.872977
-95.8256 28.2689 0.905992
-95.0297 27.1474 0.851234
-76.8031 3.504 0.764852
-79.2343 20.4195 0.877017
-79.8873 19.035 0.743128
-62.1917 32.0974 0.744661
-67.0101 29.1941 0.733041
-39.3542 32.955 0.637732
-70.7043 33.8957 0.974136
-41.7803 32.6464 0.736403
-76.0322 33.4974 0.683349
-56.4408 33.4046 0.797433
-32.2202 33.3646 0.744119
-33.6864 33.1874 0.617883
-26.9947 33.2003 0.792062
-5.38805 9.10248 0.89912
-19.4001 33.5521 0.684693
-16.4488 27.2973 0.930168
-4.75779 32.9204 0.815797
-23.9638 29.0143 0.981213
1.48327 20.6912 0.790089
10.3617 33.3213 0.988554
-6.27428 25.567 0.834701
30.0558 32.623 0.975846
28.9836 33.4237 0.907964
16.62 31.9554 1.04085
-141.967 6.02411 0.978908
-122.138 27.6302 0.915327
-136.753 33.2582 0.991573
-133.015 33.0232 1.08775
-128.691 22.39 0.932448
-117.676 33.4612 0.96447
-116.806 22.4365 1.07796
-134.195 21.3698 0.941541
-110.078 31.7383 1.04569
-130.896 33.6053 0.906517
-83.3797 20.352 0.88047
-94.8537 29.6639 0.999498
-99.2313 33.5994 1.03863
-87.7192 33.6629 0.858711
-98.1061 33.0424 0.980645
-77.6004 32.9916 0.888364
-67.7325 21.7363 0.816542
-61.1148 33.103 0.7594
-70.3086 25.331 0.710343
-66.0779 30.5805 0.784718
-56.8471 33.3471 0.759508
-55.6502 32.6608 0.768314
-63.1112 24.8741 0.825431
-29.2038 14.2985 0.779578
-22.6177 32.2849 0.830202
-44.3608 22.6313 0.841313
-25.4076 22.7316 0.934857
-19.3847 33.5021 0.679497
-32.6977 22.4975 0.864522
-4.26167 33.1664 0.999303
-25.7091 32.2351 0.887576
-2.54934 7.83049 0.999166
2.27143 15.256 1.08902
12.5886 32.5997 1.04266
15.7059 33.6042 0.842979
11.1474 25.5266 0.986718
21.0128 32.5746 0.950062
26.1993 30.2769 0.989097
-140.99 34.047 0.743953
-140.287 31.6697 0.863578
-135.008 27.1482 1.03611
-142.2 33.1182 0.950715
-115.319 33.8333 1.10935
-119.16 34.0909 1.05543
-127.662 31.6445 1.10964
-121.189 27.6151 1.06949
-118.406 30.9096 1.14231
-99.5794 33.53 1.05703
-105.452 33.024 1.08673
-112.355 21.4964 0.925547
-101.777 33.0636 1.019
-90.2731 32.4801 0.995863
-91.6065 33.4108 0.947313
-82.3241 33.4656 0.818384
-81.7476 32.2963 0.921967
-59.9609 26.3305 0.944445
-55.8388 26.9787 0.809794
-50.2618 28.1177 0.742377
-68.0191 26.2522 0.915196
-54.2391 24.0008 0.778785
-29.2054 33.4364 0.92834
-75.9942 24.0547 0.938777
-38.5465 2.94517 0.663276
-12.2323 25.8235 0.806257
-30.3956 28.2765 0.868675
-17.2738 33.4163 0.725896
-9.13403 33.8255 0.763112
-23.5789 9.8542 0.833571
8.34174 33.7998 0.692113
-5.85728 12.8054 0.801887
-0.477456 33.0284 0.936717
-1.00959 33.272 0.986765
3.12099 32.9802 0.990025
29.3398 32.9037 1.05698
27.2975 26.7116 1.11118
27.4465 28.6036 1.07634
-140.893 26.6465 1.07123
-141.072 33.4993 0.924218
-136.227 26.1504 1.06487
-129.339 22.0571 0.992134
-141.38 33.3012 1.0078
-123.038 33.799 1.05933
-111.706 33.9193 1.12469
-83.0626 32.1972 0.995858
-124.93 31.8822 1.13524
-107.772 33.3038 1.07573
-96.6621 33.1858 1.0703
-103.676 33.1077 1.12352
-100.19 33.2812 1.08874
-87.3506 32.7907 0.808867
-61.3613 33.4759 0.877433
-75.3122 32.9039 0.913822
-90.9728 32.3425 1.13295
-75.6187 32.8597 0.981076
-62.5891 34.1336 0.693675
-70.5644 11.6749 0.782473
-44.4387 8.48318 0.796727
-79.2577 6.99807 0.905595
-48.2375 15.6719 0.848747
-57.4221 19.2183 0.863403
-35.7294 1.98602 0.610206
-19.3488 2.7874 0.796455
-36.2515 17.1353 0.936933
-8.71308 16.5833 0.810426
-32.0936 9.7969 0.823983
4.24891 13.1717 0.915523
23.5534 8.62293 0.682302
14.5387 23.7066 0.915669
13.8947 23.5962 0.915501
6.82168 15.8503 1.14058
-12.0738 28.4569 1.00354
-1.57313 20.2407 1.08567
14.8745 2.99968 0.918891
25.1218 19.8794 1.13418
-140.761 7.91889 1.07147
-140.341 26.5662 1.13853
-133.384 22.4309 1.02167
-120.178 12.5058 1.03356
-129.854 16.4357 1.0484
-121.194 19.7289 1.12355
-112.058 29.3814 1.08924
-112.584 19.9804 1.04903
-121.206 34.1667 1.10172
-87.1295 27.4043 0.903679
-107.85 28.2886 1.1299
-102.099 3.99358 0.966992
-101.216 27.2256 1.07062
-73.2349 33.3307 0.89804
-93.188 20.3946 0.986086
-78.9762 28.462 0.863251
-78.0083 21.911 1.0134
-74.7513 21.6158 0.945379
86.31 3.58652 0.0674376
39.5355 4.52793 0.124616
42.8046 2.82194 0.112216
46.7536 2.44317 0.129032
34.0727 3.7615 0.123865
39.3501 2.84733 0.11672
38.9469 4.4471 0.128985
43.9551 2.70704 0.106786
43.9079 2.27943 0.0995745
50.8712 2.55967 0.0957234
50.1075 3.44753 0.0975111
49.3652 4.28055 0.118864
50.6701 2.62139 0.0940087
56.0983 2.81948 0.131372
55.6264 2.66129 0.132774
57.656 2.73456 0.12575
60.23 3.40586 0.121427
62.8149 3.14135 0.0897084
68.0495 3.60709 0.0942993
70.0119 3.16887 0.09484
75.1261 3.30854 0.0890368
77.1003 3.53991 0.0918146
82.1132 3.69158 0.0998001
84.5714 3.50469 0.102239
87.7084 3.43095 0.0943778
92.7299 3.26135 0.0882034
94.5132 3.24566 0.0868113
100.314 3.56787 0.0867172
102.17 3.26398 0.0865649
105.614 3.57412 0.0836286
110.459 3.40568 0.0851969
112.103 3.72175 0.0824274
118.352 3.84598 0.0558306
124.351 3.19686 0.0597897
126.432 3.02213 0.0734789
134.417 3.27226 0.0724052
134.334 5.41956 0.0847117
141.206 3.4 0.0840792
70.7068 3.42952 0.0598232
32.6904 3.07643 0.0953544
36.0137 3.23504 0.121398
50.279 2.49644 0.0944296
41.0544 3.19751 0.101962
37.3627 2.3515 0.106985
37.2683 3.25176 0.127119
43.7918 3.54736 0.112459
44.4826 2.84456 0.107206
48.3317 2.61322 0.135153
50.6081 3.24921 0.112163
48.8661 3.94299 0.138085
52.8348 3.88721 0.13379
57.6525 3.51128 0.1255
56.2018 2.61899 0.128817
58.395 2.42923 0.118196
60.8158 3.04267 0.110524
63.4612 2.48945 0.0805247
68.6826 2.80312 0.0869245
70.21 3.19773 0.0893825
75.2439 2.81512 0.0833879
76.7602 2.64451 0.0875331
81.9037 2.89383 0.0980113
84.9192 3.29886 0.106403
87.9515 2.91037 0.0948215
92.6793 3.4112 0.0932677
94.2359 3.3138 0.0939958
99.5303 3.27987 0.0922371
102.561 4.03498 0.101583
105.738 3.36362 0.0888174
110.482 3.7053 0.095334
112.701 4.04528 0.0920746
118.397 4.73088 0.0663092
124.232 5.67005 0.0830907
128.753 4.6397 0.0960304
130.724 3.52426 0.0915859
140.467 2.98878 0.0860908
140.885 4.23904 0.102607
70.4522 3.06858 0.0365346
33.3572 3.65404 0.101679
33.443 3.1331 0.0920802
31.7145 2.99942 0.069112
33.1052 2.90495 0.0920001
37.1531 2.72931 0.127208
37.7632 3.49537 0.11791
44.1508 3.74103 0.106873
44.5178 3.48265 0.110384
46.6882 2.85066 0.121767
49.5817 2.84512 0.123037
48.0207 2.80198 0.131019
49.2444 2.95955 0.118243
57.0003 3.69786 0.129153
55.6008 3.24753 0.131076
58.2078 2.93361 0.121978
60.0689 2.73404 0.113424
62.3069 2.60405 0.0937822
68.2055 2.66289 0.0909398
69.4822 2.64863 0.0899336
75.6328 2.83135 0.088077
77.4925 2.74017 0.0909374
82.7373 2.74495 0.0961758
85.0678 2.60768 0.103174
87.4535 2.88198 0.0924213
93.2463 2.58411 0.0901283
94.9511 2.75605 0.0907702
100.405 2.58907 0.0815308
102.882 2.6816 0.0864055
105.304 2.76239 0.0789661
110.963 2.6048 0.0826755
112.726 2.71194 0.0815458
118.541 3.45537 0.0595528
124.069 3.81771 0.0667369
128.194 3.70334 0.0867415
133.457 3.96055 0.0831322
140.457 3.21396 0.0773714
140.236 3.4963 0.0952615
80.8112 3.60868 0.035929
34.7024 9.38034 0.137315
32.7076 4.13283 0.096246
32.6012 2.77959 0.105431
33.7599 3.37557 0.109375
37.5452 2.9532 0.125672
38.3362 3.17953 0.116651
44.8385 3.42974 0.113197
44.157 3.34039 0.107023
50.3296 3.00858 0.102399
49.6799 2.69064 0.102404
49.1308 3.85763 0.117108
50.6863 2.64619 0.0942414
56.0276 3.03987 0.12497
55.5928 2.99469 0.124232
57.7769 2.92643 0.119536
60.041 3.22963 0.113997
63.4381 3.09555 0.0852733
67.6365 3.2351 0.0879148
71.1071 3.2413 0.0935396
74.0984 3.05123 0.0855077
78.0555 2.78652 0.086751
81.6114 2.84484 0.0900389
84.6871 3.24386 0.0986817
88.3586 2.89744 0.0845549
91.7718 2.77238 0.0838945
95.1671 2.70626 0.0852466
99.3334 2.74499 0.0780907
102.178 2.91978 0.0816321
106.142 2.81434 0.0733965
109.469 2.77191 0.0794234
113.196 2.88325 0.0765839
117.187 3.04226 0.0579684
123.915 3.4102 0.0599021
127.819 3.58253 0.0814159
129.749 3.34904 0.0815183
136.669 4.78257 0.0839362
140.684 6.79971 0.0984744
86.0546 2.89559 0.0525999
37.6126 3.03508 0.121414
31.3524 4.55482 0.0812988
37.2294 12.6414 0.129551
41.0857 7.89198 0.0945697
39.2741 5.22298 0.126213
38.5115 2.31858 0.0878604
43.057 3.34117 0.0777033
42.0269 3.66246 0.119306
47.5157 2.64038 0.124312
50.2357 3.91219 0.114677
48.5719 3.47995 0.111059
54.591 2.05854 0.080456
57.7642 2.12242 0.084649
57.3017 4.12678 0.127035
58.419 3.89812 0.123018
61.3805 4.62059 0.105133
64.784 4.83059 0.0782375
68.1525 4.45575 0.0829725
70.8738 4.53358 0.0887692
74.3608 4.68774 0.0886132
77.2878 3.81136 0.0866269
80.3877 4.42978 0.0960971
84.4112 5.35369 0.10148
88.3017 4.17333 0.0906461
92.0287 4.66356 0.0908501
94.7491 4.38324 0.090977
98.0993 4.6398 0.0939831
102.157 6.07937 0.101095
106.207 4.66453 0.091136
110.054 4.93414 0.0939114
113.223 5.55988 0.0834579
118.028 6.22476 0.0641452
124.032 7.70179 0.0746804
131.045 6.09198 0.086498
131.39 6.55182 0.0888826
136.899 3.79467 0.0733051
128.798 5.07481 0.0999611
114.267 14.9244 0.0324777
40.7467 3.81088 0.11995
46.6668 2.67411 0.114228
45.8581 2.53505 0.101934
33.3095 2.50699 0.0644229
38.2875 3.52915 0.0977713
38.8748 2.23721 0.0814648
43.9669 2.44855 0.0917107
43.1104 4.06187 0.0973191
62.7515 4.48074 0.0281422
53.8011 4.83995 0.118439
51.7983 2.26459 0.0700132
51.1945 6.99297 0.0906356
53.4266 8.85861 0.116389
57.8916 10.6656 0.134929
57.4985 11.2947 0.136757
60.7525 12.2633 0.126774
65.6968 11.058 0.0941876
66.3908 11.0877 0.0960754
71.249 10.8158 0.106557
72.9751 10.979 0.1071
77.8181 11.0061 0.105774
79.3075 10.5016 0.103174
84.5783 11.4536 0.0943884
88.9577 11.3809 0.102357
91.0753 11.439 0.106651
95.9192 11.2147 0.0986426
96.9201 11.1546 0.0936444
102.296 11.5071 0.101965
106.849 11.1421 0.103104
108.804 11.293 0.0965331
113.971 11.5853 0.0770378
118.945 11.8358 0.0577435
125.471 12.0113 0.0883531
130.843 13.501 0.0995971
130.187 10.4144 0.092471
132.929 2.79445 0.0617188
113.575 3.15076 0.0898451
104.543 8.60985 0.0761061
35.1366 18.2132 0.0838577
35.3156 9.25931 0.137513
35.0605 7.96605 0.136592
40.9147 7.19148 0.0989313
39.7051 10.5828 0.133209
39.9563 13.3325 0.128388
47.3376 9.2679 0.12171
45.2534 8.69308 0.11037
47.0909 8.95964 0.103835
47.0253 8.43071 0.100164
53.9195 2.57081 0.0721009
54.1029 6.01409 0.111312
55.1664 6.47195 0.128838
57.1824 7.40445 0.135736
58.6263 8.07468 0.126852
60.4935 8.18423 0.116534
62.7366 7.23271 0.094189
66.037 8.02745 0.0810319
71.6263 7.75209 0.0961757
73.6323 7.80253 0.0972274
78.3315 7.97614 0.100578
81.7094 7.18119 0.0987162
85.2288 7.79341 0.0860579
89.0772 7.00922 0.0921719
90.5938 7.15865 0.0898069
96.5306 7.27931 0.0875443
99.1908 7.03955 0.0955854
102.838 7.67087 0.100036
106.764 7.30992 0.100375
108.296 7.42092 0.0940624
113.711 7.6155 0.0737568
120.66 7.45583 0.0652829
127.709 8.92639 0.0873771
129.195 14.6701 0.102405
135.76 14.816 0.100514
129.343 2.88576 0.0618804
124.744 9.88166 0.0941169
101.729 8.42948 0.0575965
33.7737 6.74191 0.147995
35.4658 9.00722 0.145296
35.7024 7.90973 0.136517
39.9319 9.11298 0.130018
39.8915 10.7347 0.13338
40.5758 10.2957 0.127735
46.9667 9.36843 0.124218
45.3717 9.1806 0.116786
46.4259 9.21242 0.112238
46.7398 8.97375 0.102728
53.7092 5.58797 0.104295
55.3667 6.74417 0.126404
54.9111 6.73602 0.126346
57.0046 7.70334 0.13326
57.9408 7.72984 0.13348
60.4253 8.43382 0.11686
63.51 7.80631 0.0896937
65.8322 8.09022 0.0808744
72.5115 8.08107 0.0941099
74.8513 7.73299 0.0987069
78.6467 8.21595 0.0980685
81.4325 7.51341 0.0979862
84.9096 8.07321 0.0841532
89.1398 7.60191 0.0908603
91.2688 7.67225 0.0896847
96.5904 7.55092 0.0872351
98.5077 7.59491 0.0931965
102.363 8.03217 0.100067
106.961 7.80066 0.0991994
108.958 7.76804 0.0931006
113.815 7.81608 0.0715223
120.526 8.24946 0.0661401
126.604 7.98307 0.0827788
129.759 11.0291 0.0977891
136.108 12.829 0.0972875
132.661 9.88881 0.0886358
133.181 11.6528 0.10288
81.5404 8.43183 0.0579593
35.4691 8.74473 0.139406
34.8679 6.426 0.146393
34.7803 8.62798 0.123651
41.5337 9.03815 0.10723
39.6285 12.9559 0.132993
40.2739 12.5637 0.131737
47.5024 8.65616 0.12282
46.4158 8.63072 0.113186
46.5108 8.77416 0.111839
46.7321 8.26633 0.103914
52.7437 6.8868 0.0908783
54.4871 6.77334 0.114792
55.4426 7.20702 0.13239
57.1465 8.0139 0.134629
59.0825 8.72824 0.124695
61.1993 9.02837 0.114909
66.5968 8.62153 0.0824074
68.2424 8.41429 0.0887505
73.275 8.48052 0.0983149
75.839 8.38796 0.102296
78.7531 8.73672 0.098251
80.9028 8.18582 0.101862
84.825 8.79798 0.0836971
89.3335 8.47216 0.0919158
90.9953 8.76028 0.0908893
96.8335 8.47813 0.0840438
98.2683 8.31367 0.0921941
102.819 8.74906 0.0997148
107.038 8.49067 0.0991464
108.688 8.68388 0.090592
114.224 8.52068 0.0660645
120.461 9.35533 0.068372
124.586 10.0095 0.0795272
129.285 11.446 0.100404
136.669 11.6825 0.0952917
133.71 9.79801 0.0908348
135.506 8.25988 0.0856359
71.9786 9.67568 0.0605708
35.0743 8.60138 0.124627
35.1541 6.59334 0.153006
34.6525 8.71533 0.118976
40.6352 9.29668 0.115802
39.566 12.385 0.133383
40.1291 12.4388 0.131939
47.5293 8.77543 0.125544
46.5476 8.13227 0.115145
46.4724 8.65601 0.110488
48.0219 7.24441 0.105313
54.5986 7.27855 0.114385
55.091 7.14349 0.12332
55.0618 7.6232 0.126525
56.5805 7.82611 0.136691
58.5638 9.01692 0.127945
60.8399 9.68151 0.117949
65.2471 8.77829 0.0847319
66.8133 8.53803 0.0850147
72.176 8.53946 0.0930939
73.8307 8.7806 0.0981826
78.4197 8.96192 0.0987787
80.9252 8.75541 0.0992573
85.0751 8.83779 0.0817971
88.9966 9.26066 0.0940064
91.4903 9.08031 0.0938893
95.5937 8.92775 0.0899601
98.0363 8.95126 0.0918686
102.781 8.90241 0.100299
107.068 8.81583 0.0992016
109.054 9.05845 0.0920378
113.782 9.11872 0.0683491
120.449 10.3763 0.071904
124.544 10.5393 0.0811738
129.636 10.7131 0.0975941
136.557 12.6564 0.0975063
137.4 8.95631 0.0822125
131.055 9.03114 0.0870899
96.3684 2.64973 0.021727
40.8521 3.48005 0.0959828
37.2132 2.51706 0.128328
42.4936 10.3529 0.114144
39.7815 10.3106 0.133118
40.2824 7.11233 0.117364
41.1944 9.29192 0.111133
47.6376 9.06527 0.127117
46.7751 8.4848 0.115739
46.449 8.51417 0.0992199
47.5118 9.5212 0.107232
53.4409 9.77792 0.117482
54.0516 9.10528 0.120866
54.6955 9.87512 0.132272
57.3706 9.71095 0.133338
58.311 9.88689 0.132482
60.3217 10.7212 0.126213
64.6406 9.99371 0.0929103
65.7624 9.65792 0.0900363
71.3757 9.64224 0.100613
73.5943 9.62508 0.103707
79.2379 10.0153 0.103545
81.0885 9.58733 0.103495
84.9349 9.83105 0.0861844
88.5596 10.3442 0.0991393
91.2561 10.1851 0.101158
97.2764 10.241 0.0921557
98.5517 10.0877 0.0957854
102.756 9.71292 0.101169
106.414 9.9828 0.1041
108.978 10.0761 0.0944305
115.139 10.7613 0.0682809
119.295 11.1828 0.0634411
125.376 9.65708 0.0797821
130.196 9.98984 0.0909804
136.5 12.1181 0.0968361
135.607 8.90996 0.0844984
140.481 6.71721 0.0743612
108.954 15.8365 0.0505286
35.1581 20.1008 0.0982948
35.6938 8.3749 0.140901
60.3127 6.57636 0.064634
45.7459 7.22757 0.118111
47.5537 8.67951 0.116576
38.8907 2.42556 0.0857619
43.7607 4.49285 0.0951477
41.2904 9.94076 0.100591
46.1538 8.83439 0.102758
47.1499 8.69474 0.101328
53.3275 8.22623 0.105319
52.3474 8.6159 0.106903
54.2359 8.61579 0.121463
57.1415 9.15709 0.134413
58.048 8.79739 0.130997
60.7838 10.0926 0.121684
63.7444 9.16501 0.0927928
66.5612 8.88399 0.0802267
70.7016 8.86052 0.0945918
73.9373 9.43314 0.10106
78.2742 8.66029 0.0979257
81.0755 8.93009 0.099489
85.0795 9.51711 0.0821324
88.2891 8.75717 0.0923044
91.6241 8.99729 0.0907405
96.1231 8.88529 0.0857081
98.8773 8.99251 0.09493
102.829 9.66578 0.100667
105.791 8.88372 0.103499
109.327 9.09748 0.0904755
113.555 9.14114 0.0699329
120.303 8.89288 0.0641639
126.687 6.69044 0.0820755
133.376 6.39898 0.083046
135.854 9.54157 0.0887146
138.103 6.89788 0.0803328
140.265 4.76486 0.0757704
103.851 23.9493 0.0433818
37.7027 16.0498 0.127259
37.2791 9.15184 0.141869
35.9002 16.7481 0.103406
34.5891 11.6866 0.111067
44.1258 14.8119 0.102952
40.834 9.10943 0.120164
45.2389 15.5745 0.12158
44.7996 14.778 0.10911
49.8178 12.647 0.134235
48.9007 12.559 0.136508
51.7727 11.3059 0.100514
53.7903 11.7445 0.12123
58.7053 15.8485 0.133158
57.391 14.732 0.13787
57.8673 14.5284 0.138798
61.3197 15.8835 0.122958
64.3233 15.7742 0.100521
67.1384 14.0537 0.098591
69.479 13.6651 0.10218
74.508 14.3606 0.0986552
78.1793 14.0729 0.100092
81.3463 14.7401 0.103766
84.9931 14.7548 0.100831
88.1128 15.3324 0.100554
92.3067 15.1219 0.105644
94.9116 15.285 0.100475
99.1644 15.2547 0.093504
102.821 15.1722 0.096019
105.93 15.2731 0.0970937
110.156 15.1489 0.10045
113.496 15.2024 0.0882025
121.186 16.4394 0.0668699
125.611 17.4437 0.0866548
138.947 16.168 0.0931724
135.279 10.6188 0.0929384
140.771 8.16304 0.0540092
140.159 7.14267 0.0761385
91.8547 10.1127 0.048316
36.483 13.3368 0.123286
37.5234 12.1886 0.146076
36.1512 17.4461 0.111797
35.4846 9.01355 0.126921
43.157 13.7011 0.104987
42.0487 20.4792 0.11257
46.0847 14.3577 0.116285
42.389 16.8909 0.105044
51.4502 10.9593 0.116525
49.5378 12.8559 0.133211
58.1916 18.989 0.12538
54.7408 18.4554 0.113486
58.0174 15.6943 0.134953
56.563 15.1023 0.135952
57.3735 14.5854 0.137487
60.2336 17.6902 0.129472
63.0135 14.194 0.108506
68.0775 13.078 0.0990424
69.9248 12.7754 0.104627
74.5597 13.2321 0.105387
78.3379 13.2584 0.104317
81.3911 13.1855 0.10711
84.0922 13.9395 0.0992475
88.1402 13.859 0.100831
92.8646 14.0237 0.105537
94.3392 14.0998 0.102681
98.8983 14.0134 0.0954819
102.261 13.9905 0.0954875
105.925 13.871 0.0978152
110.591 14.0123 0.100278
113.477 14.1001 0.0899335
121.59 14.9546 0.0720528
127.301 16.244 0.0959904
131.26 15.9078 0.0976754
135.199 18.4518 0.104622
137.767 18.0747 0.10242
141.35 16.5908 0.0759211
73.0858 11.5691 0.0629835
35.9058 14.3141 0.11746
35.2708 7.10672 0.144208
34.809 15.5233 0.0875361
35.6617 9.63377 0.135938
39.996 12.2644 0.12165
40.8213 8.26144 0.116736
45.0158 14.9004 0.107752
45.1651 14.351 0.106656
53.1266 12.6281 0.11398
50.6354 12.7589 0.125724
51.1257 12.0913 0.108478
52.76 12.2521 0.104087
57.9148 13.9739 0.135578
57.6685 14.2751 0.136243
57.7583 13.7059 0.13735
63.1717 14.6709 0.10837
66.3712 15.1729 0.100061
70.3334 13.9983 0.104318
73.1178 14.6608 0.10396
75.0457 13.9389 0.0999264
77.8941 13.78 0.102218
81.7365 13.9338 0.104217
84.3648 13.8088 0.098874
88.0511 13.9562 0.100223
92.6662 13.704 0.106491
94.4973 13.7869 0.102767
99.3607 13.8869 0.0945517
102.764 13.2854 0.0989725
105.789 13.9736 0.0980643
110.501 13.5588 0.100192
113.306 13.7933 0.0919147
121.576 14.8096 0.0716971
125.55 16.5466 0.0896712
129.131 14.7874 0.101694
134.568 16.9169 0.103037
140.329 15.6424 0.0820615
137.4 15.3982 0.110294
80.2333 13.9068 0.0623726
37.7861 16.1722 0.128693
34.3068 8.60882 0.126815
36.2175 12.013 0.134016
34.815 7.71218 0.13499
44.9696 14.0931 0.101899
40.9191 8.22132 0.117709
46.3505 15.5101 0.123862
45.1438 15.3913 0.115085
52.8512 12.4676 0.113788
50.588 12.4881 0.127563
51.8162 11.9565 0.0986733
51.3633 11.8661 0.102763
58.0106 13.5362 0.134436
57.4495 13.6445 0.135932
57.914 12.911 0.136361
61.842 13.7225 0.117523
64.8197 13.6188 0.102116
69.3833 14.1534 0.100717
70.561 14.1583 0.104195
75.1645 14.6804 0.0961832
77.6743 14.1317 0.0997322
82.4191 14.3627 0.103435
84.3554 14.4451 0.101881
88.0205 14.6393 0.100257
92.7067 14.2923 0.105576
94.6798 14.4359 0.101989
99.3358 14.4742 0.0943388
102.64 14.0921 0.0963319
105.901 14.5837 0.0970598
110.467 14.3176 0.100467
113.783 14.6559 0.0880408
120.91 14.5548 0.0687792
125.975 14.3087 0.0910824
128.189 14.7091 0.100922
134.295 16.0248 0.101708
140.375 14.1919 0.0822187
138.816 14.3629 0.105981
76.7703 6.9733 0.0535173
48.5993 16.2548 0.132001
32.0674 6.68308 0.0854813
35.7233 13.577 0.120119
34.5009 7.38187 0.140612
41.3213 9.58936 0.0976567
40.8369 7.47632 0.113548
46.0831 14.7399 0.107116
45.6598 14.579 0.102365
54.7025 13.19 0.125207
51.4117 12.5456 0.112759
50.9864 12.1982 0.11236
52.558 12.6604 0.106335
57.9332 13.7743 0.13599
57.429 14.7943 0.137163
57.6253 14.508 0.138014
61.6889 14.1922 0.119052
64.206 14.9169 0.101456
68.9499 14.7278 0.0996994
70.3695 14.8332 0.102851
74.0563 15.2461 0.099742
77.6366 14.8208 0.100545
81.9893 15.4218 0.105461
84.5028 15.0543 0.103064
87.9123 15.509 0.102139
92.4781 15.0851 0.10558
94.8776 15.2815 0.102822
99.2816 15.4265 0.0952034
102.462 15.0299 0.0963023
105.739 15.4728 0.0988833
110.323 15.0701 0.100597
113.828 15.3562 0.0881201
120.389 15.0305 0.0635047
127.279 13.9879 0.0958348
128.775 13.9309 0.101091
133.15 15.4411 0.100682
140.37 15.0081 0.0847144
138.843 14.7568 0.106892
92.5881 8.79907 0.0466435
38.8435 13.1509 0.135277
34.9741 27.6327 0.0947517
35.665 9.51666 0.131874
35.1011 13.4027 0.0982784
38.6019 6.41168 0.131569
41.179 9.11132 0.110991
47.5981 14.7513 0.127798
45.5703 15.4473 0.121347
56.2972 11.8377 0.128119
51.3794 12.3244 0.112936
50.8862 11.7733 0.114584
52.4503 12.3938 0.103575
57.6112 13.0948 0.133497
57.2274 13.9314 0.135302
58.1368 13.3697 0.138113
61.2111 13.4212 0.123058
63.3246 13.9182 0.104031
67.0271 13.9092 0.0971609
70.0053 14.7756 0.102706
73.9383 14.8344 0.0991921
77.6299 14.5781 0.0985442
81.8543 14.9777 0.104638
84.3509 14.2351 0.0992521
88.1731 14.8808 0.100044
92.477 14.1309 0.104956
95.1447 14.0767 0.099112
99.1508 14.5345 0.0926256
102.392 13.6442 0.0966223
106.04 14.6656 0.096556
110.261 14.0472 0.100205
113.334 14.0757 0.0912388
120.98 13.5815 0.070791
124.796 12.2952 0.084872
129.423 13.9044 0.10004
133.415 14.964 0.101348
134.62 14.0583 0.0896821
140.295 13.4714 0.0901049
90.3111 14.5124 0.0500572
35.0042 17.5971 0.0933097
34.9621 14.6156 0.0952367
46.9464 19.2901 0.131155
35.6007 16.1104 0.105551
42.3891 19.2114 0.120119
42.2376 17.2595 0.115484
47.3915 18.8539 0.128578
40.2921 20.1823 0.116732
50.785 17.2881 0.106779
49.5587 17.5937 0.120346
55.0653 18.9109 0.120531
52.3475 18.7144 0.0936432
56.2112 16.7124 0.135514
56.2235 15.1094 0.133653
59.0404 20.7947 0.131804
59.7725 18.4239 0.13214
60.2145 16.1966 0.134652
63.9806 20.7284 0.0994134
70.0694 21.6477 0.0896194
75.3893 20.1645 0.0849458
78.2236 20.9733 0.0845953
81.1193 21.2962 0.09248
84.4537 21.1157 0.0946182
88.8738 21.156 0.101743
91.5382 21.3466 0.102483
95.5718 21.3896 0.092705
99.0761 21.2768 0.0939193
102.396 21.235 0.0965498
106.244 21.3339 0.097587
109.267 21.3502 0.0903135
114.274 21.4787 0.0692405
121.801 21.3612 0.0702008
128.007 19.747 0.0950683
131.83 17.9554 0.0965173
134.97 15.2289 0.100776
140.538 10.7816 0.0665749
141.084 9.76793 0.0627081
97.5753 27.5056 0.0569928
41.3373 12.651 0.131618
36.8342 22.1841 0.126173
47.4416 15.3283 0.129579
34.2377 18.6493 0.0837548
41.1233 16.5475 0.112585
40.838 15.9121 0.110124
47.0715 15.9228 0.13111
39.9659 16.5457 0.116261
50.4738 17.0453 0.112216
48.4376 16.2959 0.131985
51.17 17.9084 0.0867529
52.0433 17.6704 0.0838481
55.6786 18.167 0.132023
59.2112 21.5965 0.127582
59.9889 19.4122 0.125426
59.9815 17.4629 0.132985
65.5502 19.4176 0.0848425
70.7505 20.1861 0.0902505
70.5442 21.1516 0.0931023
75.4593 20.7676 0.0869964
78.9567 20.5929 0.086201
83.0943 20.0803 0.0917622
84.839 20.3376 0.093237
88.9126 20.5339 0.0981601
91.535 20.6615 0.0985725
95.6523 20.8327 0.089775
99.208 20.9071 0.091515
102.448 20.5047 0.0926253
106.017 20.8501 0.0941048
109.412 20.8274 0.0861459
114.685 20.7223 0.0626566
120.866 22.0363 0.0653883
126.941 23.1375 0.0937829
131.014 21.9166 0.090614
136.532 21.2878 0.103167
141.233 17.5603 0.0675472
140.868 14.6681 0.0799966
80.2824 27.5274 0.0602458
43.7373 22.6042 0.113718
37.1809 22.6179 0.13298
47.4945 14.9551 0.130712
36.8486 13.6881 0.115268
41.2327 16.733 0.112025
40.2217 15.6912 0.114693
48.1029 16.5147 0.134288
39.9533 16.1717 0.115645
49.541 18.3099 0.121379
46.2014 15.7203 0.124449
51.5266 18.7082 0.0913288
52.6714 18.501 0.0915365
56.4127 16.3924 0.136319
59.9141 20.8298 0.125792
60.3204 19.2118 0.125428
59.5832 16.8399 0.135002
65.8901 19.1357 0.0828421
69.8703 20.5674 0.0895283
70.4378 20.8125 0.0905503
74.1194 19.8392 0.0874818
79.4154 19.8188 0.0892914
80.7047 20.1348 0.095114
84.7229 19.7869 0.0953749
89.0574 19.5357 0.094921
91.52 19.6597 0.0975076
95.7813 19.6475 0.0898362
98.9081 19.5114 0.0933813
102.382 19.6305 0.0915979
106.642 19.5955 0.0964842
109.124 19.7778 0.0846986
115.049 19.536 0.0592579
121.662 19.5132 0.0680719
129.299 18.9258 0.0974797
128.848 19.8929 0.0980835
138.104 19.9746 0.101261
140.718 25.6447 0.066115
140.363 24.5406 0.0859282
79.8546 18.3135 0.0572177
40.932 22.3189 0.126458
36.8876 22.0834 0.121428
49.6794 12.3783 0.135201
34.5704 20.1736 0.0847341
38.6704 15.7941 0.128426
37.8656 13.7703 0.124018
50.6986 17.283 0.105516
43.9625 14.0378 0.104086
54.944 17.3727 0.118873
50.1712 16.448 0.125382
52.8545 17.4784 0.0848783
51.779 17.4793 0.0864944
55.7586 17.4781 0.134184
59.8589 20.8078 0.125493
60.02 19.3871 0.125145
62.351 17.198 0.11168
65.7444 18.4339 0.0864339
69.5156 19.3511 0.091546
71.4015 20.2453 0.0881898
75.4154 18.573 0.0927392
78.7687 19.7405 0.0864515
80.6057 19.7883 0.0958432
84.823 19.1634 0.0987586
88.8673 19.0624 0.0975105
91.6131 19.2599 0.0983518
95.6181 19.3102 0.090888
98.8893 19.0744 0.0944627
102.405 19.3571 0.0931859
106.473 19.1704 0.0980968
109.103 19.2443 0.0862623
114.892 18.783 0.063284
121.454 18.7197 0.0687507
126.031 18.7346 0.0878772
130.536 20.5253 0.0905914
137.33 21.0771 0.103021
140.002 25.0243 0.0822607
141.124 24.0103 0.0736715
98.7036 31.4296 0.0435498
47.9682 20.2377 0.130439
36.5514 25.3554 0.114053
35.462 31.1668 0.10255
35.0855 25.4969 0.0823695
38.838 21.5521 0.127841
41.0098 24.1398 0.123292
47.4058 21.6377 0.116945
46.6026 20.3253 0.122099
52.3132 23.3118 0.111053
51.2679 23.1475 0.105581
52.378 23.6536 0.111734
51.0747 23.345 0.107098
56.5685 22.1448 0.126582
56.191 21.3613 0.130454
56.6986 21.5174 0.133279
57.4489 23.897 0.134004
63.2739 22.6021 0.108979
65.714 17.992 0.0874427
68.5756 17.5738 0.0979589
72.3841 16.9282 0.0972002
79.0028 14.979 0.0980898
80.2912 16.2842 0.104206
84.9816 15.8201 0.101463
88.6074 15.6704 0.0994296
91.4863 16.3694 0.106473
95.5431 16.2348 0.0982498
98.9586 16.0404 0.0924518
102.364 16.5945 0.0981246
106.375 15.9245 0.0982086
109.295 16.4151 0.100465
114.653 16.1687 0.076452
122.145 15.2688 0.0742992
125.438 17.8143 0.0868664
129.702 19.3794 0.0976308
137.309 19.7609 0.103401
134.882 21.4753 0.0934731
141.121 22.151 0.0780301
103.727 31.8422 0.0345528
39.1981 19.2219 0.126228
40.6755 14.8027 0.122916
47.7903 20.0235 0.130327
34.6876 27.7477 0.085636
39.5756 21.0393 0.12902
40.4256 21.2299 0.12103
45.4206 20.6488 0.108444
45.9397 20.7825 0.111035
48.387 21.7597 0.11651
52.8142 22.6727 0.116921
52.1101 22.4853 0.106375
50.9496 22.7667 0.107465
56.9144 22.6339 0.126201
56.3204 21.1086 0.131168
57.0452 20.6729 0.132768
58.4648 27.0543 0.12812
60.5596 24.8334 0.124313
63.0668 22.9468 0.109783
67.4645 19.6591 0.0859911
73.5416 20.561 0.0902259
77.5502 20.4209 0.0845935
83.7818 19.4248 0.0973668
84.5887 19.9612 0.0945739
88.934 19.6793 0.0942625
92.2523 20.1868 0.0970447
94.9232 20.1772 0.0883033
98.972 19.9872 0.0903004
102.518 20.3347 0.0919312
106.51 19.9821 0.0916966
110.102 20.4007 0.0817716
113.94 20.1679 0.0658867
121.79 21.0279 0.0689251
125.835 19.4561 0.0882019
130.516 17.9151 0.101135
135.882 18.6421 0.10499
133.699 20.5688 0.0944678
141.147 21.4524 0.0784883
82.17 33.7478 0.0365877
36.3185 19.5384 0.121682
47.2246 14.6933 0.120692
45.472 19.8935 0.118471
35.4731 15.8114 0.105069
38.7141 22.0313 0.127283
39.5892 21.6755 0.127717
46.0094 21.5005 0.105959
46.1662 20.8857 0.114861
44.9108 21.3254 0.102075
52.2156 23.7663 0.11361
52.8993 23.4755 0.112901
51.4048 23.5768 0.103688
56.7982 22.0669 0.128911
56.4455 22.2881 0.129215
56.9033 21.0582 0.131948
61.5893 25.3921 0.11519
61.6697 23.5318 0.117807
68.3509 27.0625 0.101678
72.7449 19.8705 0.0945914
77.2313 21.778 0.0930857
77.7183 25.9695 0.103691
84.2747 22.6187 0.09186
85.2778 24.9421 0.0907132
88.3077 24.0712 0.107454
92.5894 24.6948 0.0997679
94.7709 24.5906 0.0969135
99.3285 24.3952 0.100197
102.781 25.2774 0.0957467
105.679 24.5679 0.101294
110.475 24.8943 0.101211
113.633 24.6246 0.0826156
122.518 23.7327 0.0803558
129.402 26.2447 0.0938834
129.662 23.4461 0.0975797
136.085 18.7697 0.105336
136.979 19.7494 0.101582
141.516 21.3991 0.073367
71.732 16.5413 0.0523059
42.6901 21.7614 0.116972
53.6235 24.2528 0.135896
35.1447 18.3991 0.10045
34.9323 18.3198 0.100345
39.103 21.7355 0.12868
40.2582 22.3777 0.124938
46.5536 21.5501 0.108629
46.2545 21.1118 0.11229
44.8523 20.3055 0.113126
50.2088 22.2445 0.111218
52.3508 23.0581 0.105874
51.4238 23.1267 0.102594
57.6368 21.3079 0.130948
56.4619 22.367 0.129255
62.5435 25.4838 0.11033
61.8661 25.1828 0.115865
61.9491 22.5506 0.11616
65.6401 24.1892 0.101076
71.8949 19.6117 0.0920731
77.9641 19.6199 0.0861947
77.446 25.4243 0.101515
83.8242 22.551 0.0879379
85.1655 24.0688 0.0932762
88.3914 23.4011 0.107027
92.8962 24.2412 0.100662
95.0653 23.8639 0.0989476
99.1855 23.9525 0.100362
102.644 24.4805 0.0980158
105.879 23.9302 0.102507
110.787 24.4819 0.100037
113.935 23.873 0.0784142
122.645 23.2892 0.0791137
127.44 22.2926 0.0963856
130.463 21.4124 0.0925926
135.683 19.8457 0.104018
139.614 20.178 0.0911054
141.179 21.3698 0.0733037
68.5905 28.3122 0.0447357
37.519 24.1829 0.131367
33.3082 31.3411 0.07616
36.9323 18.9919 0.124448
34.4506 20.0993 0.0852602
41.6174 17.4617 0.116984
43.0261 15.5064 0.121883
46.3746 22.7252 0.119011
46.1123 21.4915 0.101762
50.1685 23.335 0.101259
52.423 16.8184 0.101668
54.9254 17.1315 0.12229
51.818 17.3262 0.0878602
56.7809 18.3637 0.136206
55.2827 18.0752 0.128792
61.8047 23.9242 0.114882
64.703 21.8983 0.0954436
65.055 17.725 0.0912926
64.063 17.932 0.0991143
72.1276 19.1229 0.0979583
77.4669 19.4554 0.0901407
75.3035 22.7742 0.0916225
83.9599 18.9286 0.0998769
84.3526 19.6821 0.0951161
88.7311 19.4713 0.097846
92.2042 19.8938 0.0972007
94.9176 19.9395 0.0887213
99.29 19.8158 0.0900053
102.52 19.912 0.0898445
106.049 19.8232 0.0925481
110.008 20.1147 0.0811001
114.001 19.9095 0.0657152
122.327 20.0327 0.0692902
128.184 19.0421 0.0981129
135.67 24.2485 0.0954157
135.554 26.2627 0.0893965
138.988 28.1778 0.0753869
140.137 28.6155 0.0698059
72.7805 26.0344 0.0417532
35.5166 20.0247 0.10179
39.3249 30.4709 0.120202
47.8915 21.4247 0.125794
34.9065 19.1657 0.0914821
39.6136 22.0373 0.12332
40.9099 22.1852 0.124006
41.8785 19.1987 0.107103
40.8719 19.7413 0.113646
45.0359 20.3908 0.115631
47.1906 22.1966 0.108392
53.4161 23.393 0.113979
51.2928 24.1432 0.105936
57.8854 22.755 0.13181
57.1278 19.7491 0.132117
62.935 24.113 0.109119
62.7917 23.5356 0.111106
70.2996 24.0792 0.100487
66.6441 26.6001 0.104429
73.0557 26.0431 0.0957188
73.6547 27.6695 0.10092
78.8427 26.8729 0.105777
81.7104 26.9542 0.0919967
86.0926 26.8505 0.0930239
87.9424 27.0104 0.104831
92.1668 26.7594 0.101709
94.9713 26.7755 0.101465
99.4075 26.9359 0.104737
102.721 27.3607 0.103296
105.762 26.9261 0.105799
110.061 26.8936 0.103164
113.501 26.7272 0.0825909
121.463 26.5774 0.0730397
125.432 25.5059 0.0850722
132.024 27.8479 0.0921697
135.696 26.1798 0.0887307
138.502 33.4925 0.0653023
139.533 33.646 0.0636356
93.1604 33.0142 0.0280025
35.2608 26.107 0.0983059
36.2974 26.0066 0.103507
66.4455 25.5428 0.0429724
36.6966 24.7295 0.0949137
48.1478 28.3226 0.112883
41.2366 28.3477 0.113712
47.9039 24.7841 0.127639
47.7185 25.9027 0.111944
46.8453 27.2567 0.107311
48.3753 26.8379 0.104699
52.0186 26.936 0.117512
53.4646 27.4844 0.128307
54.927 28.0456 0.134496
56.6729 27.2394 0.133434
57.8488 24.275 0.132369
58.9592 31.5572 0.120938
57.5334 31.6396 0.130496
67.0753 27.4047 0.0937419
69.0871 33.4799 0.0637559
72.0397 27.6912 0.102489
80.2614 27.2309 0.0988944
80.9142 30.1909 0.10871
85.2223 27.7253 0.0883785
88.7386 29.0246 0.0932331
91.5509 28.1682 0.0955341
96.1456 28.8946 0.10114
98.5285 28.8599 0.102867
102.136 28.2488 0.102266
106.653 28.8568 0.10477
109.203 28.3456 0.102419
113.645 28.7255 0.0841802
119.716 27.9055 0.069367
125.99 28.5266 0.0806263
133.431 27.8989 0.0908626
135.873 25.395 0.0919562
133.48 30.3329 0.0773395
141.733 29.6898 0.066012
91.4047 22.9482 0.0584051
35.1645 26.7049 0.0975375
36.4195 26.3223 0.113149
41.5125 25.3344 0.090132
41.8459 31.3652 0.0985425
39.9767 24.8642 0.126716
39.7637 22.4802 0.117048
40.9934 27.5991 0.111461
46.1183 27.789 0.115947
46.3471 28.1978 0.117487
47.4014 27.4991 0.0984017
52.9456 27.4043 0.117561
54.187 26.324 0.133413
55.3533 25.6652 0.136404
56.6578 24.8655 0.133948
58.7877 25.1836 0.130136
63.7537 27.9385 0.105172
64.6778 30.2758 0.0899455
66.9167 24.4073 0.0995435
73.8224 25.7768 0.0980042
71.7899 25.8537 0.106433
80.0902 26.0958 0.0983918
80.3631 27.9898 0.103076
85.8992 25.6613 0.0938994
89.1765 26.6903 0.108026
91.011 25.9761 0.105477
96.9916 26.4616 0.100913
98.1698 26.2218 0.103317
102.672 25.903 0.100812
107.226 26.2789 0.105904
108.567 25.9994 0.102299
114.816 25.7404 0.0741471
120.077 26.1603 0.0692901
125.375 25.3753 0.087118
130.543 26.063 0.0954902
135.796 25.1735 0.0943841
130.869 27.281 0.0851373
141.408 28.4931 0.0698398
77.8994 25.4122 0.0560716
35.3299 26.7816 0.0996741
37.1146 27.7899 0.133682
34.245 26.7711 0.0667304
42.5422 26.9388 0.0920947
38.6135 20.4851 0.130509
40.5364 27.8498 0.112777
41.7382 26.8935 0.107813
46.6874 28.373 0.118356
46.4083 27.527 0.111568
47.2241 27.6434 0.0983417
53.7732 27.9047 0.128527
55.1356 28.3719 0.137002
55.6214 28.5147 0.138752
56.8644 27.5959 0.134292
58.2798 27.568 0.128263
62.5168 26.8531 0.11018
64.8503 31.9006 0.073511
67.8859 24.4688 0.102123
74.6109 26.1022 0.10408
72.0263 26.1349 0.106524
80.1761 25.4949 0.0938068
78.8447 26.8919 0.103608
86.0527 25.6407 0.0964552
88.5287 26.4816 0.107655
91.1743 26.2016 0.105559
96.5183 26.3996 0.102391
97.6861 26.2418 0.103174
102.456 26.255 0.101177
106.495 26.2002 0.106556
108.722 26.328 0.10258
114.423 26.0342 0.0793455
120.179 26.1615 0.0706937
125.58 25.3978 0.0878962
130.047 24.4956 0.100161
136.284 24.5246 0.0954462
136.708 27.0459 0.084707
132.843 26.0327 0.0993793
88.208 25.6185 0.0777602
36.8352 27.0353 0.122217
36.1245 26.1378 0.108624
37.1429 25.9142 0.101793
44.8766 27.8192 0.120879
38.5669 21.2591 0.125851
40.6923 24.4071 0.116545
41.737 26.6933 0.105325
46.6912 28.1466 0.117625
46.7777 26.9657 0.106924
46.7441 27.4334 0.0994211
53.7693 28.0571 0.119824
54.9424 28.4751 0.137274
55.9162 28.4581 0.137385
57.646 28.3052 0.131188
58.0693 27.8697 0.130728
61.7206 27.0567 0.113265
63.8964 29.3204 0.092829
67.8359 24.9807 0.100341
74.9924 25.172 0.0988701
71.9993 26.397 0.10703
79.7367 26.0768 0.0945932
79.3942 27.0861 0.100997
86.2408 25.4394 0.100539
88.4864 26.3525 0.107885
91.4315 26.0605 0.103987
96.9213 26.3959 0.0995059
98.0874 26.2066 0.102041
103.031 25.8861 0.0992195
106.375 26.1847 0.106119
109.15 26.0878 0.103061
114.343 26.1189 0.0793644
121.145 25.6331 0.0769327
125.342 23.7785 0.0878258
130.183 25.0582 0.098077
135.828 20.9977 0.10112
139.419 28.572 0.0766829
128.169 27.0436 0.0986369
109.784 25.9716 0.0822935
37.1643 27.136 0.125207
34.061 27.4501 0.0850952
33.365 27.6539 0.061934
44.2522 27.2667 0.114707
42.5358 27.4126 0.116247
40.6561 28.9558 0.119262
46.4228 25.632 0.119046
47.0354 27.5564 0.111597
50.3204 26.8886 0.108062
47.4809 27.3204 0.0931826
53.6315 29.3691 0.115133
54.86 29.0652 0.136597
56.8265 30.8616 0.130164
58.5529 29.7136 0.123608
58.0469 27.8259 0.130419
61.5608 27.9294 0.112241
64.7803 30.2912 0.0837546
66.2985 24.7851 0.105423
73.5508 25.1061 0.0967446
71.9471 26.4077 0.106152
79.7028 25.0801 0.0953041
79.7509 26.577 0.094123
86.0917 25.196 0.0988091
88.9635 25.8287 0.107582
91.2926 25.5681 0.104455
96.2339 25.7026 0.0994767
98.6919 25.7236 0.101724
102.969 25.7074 0.0982973
106.728 25.7972 0.105189
108.927 25.785 0.102129
113.916 25.7299 0.0809071
120.997 25.0587 0.0744842
125.375 23.4933 0.0868928
130.157 23.6372 0.0973664
136.39 22.1348 0.103279
135.704 31.6904 0.0781924
130.081 30.1976 0.0912579
112.138 24.4522 0.0406826
37.0549 28.2695 0.129016
35.2225 16.9435 0.102608
41.3797 27.6811 0.100851
38.8338 27.7054 0.112883
42.0034 27.9766 0.117788
40.6586 29.507 0.122498
45.6746 26.5206 0.11558
47.0545 27.3106 0.104457
49.9364 28.3312 0.0984363
47.0973 27.712 0.0976344
52.7579 28.4836 0.0999793
52.5135 28.3792 0.101267
55.8019 29.2281 0.138144
58.9238 29.0884 0.122461
58.5555 27.7873 0.125676
62.0648 28.333 0.10875
67.4463 27.2073 0.0957127
65.959 22.8742 0.104081
69.8808 29.103 0.0996609
77.782 31.3796 0.0995329
75.8054 30.6728 0.0968073
82.9611 31.4592 0.0958731
83.8484 30.6283 0.0879555
89.6063 31.0072 0.0862606
91.4912 30.8743 0.0948978
95.3487 30.8404 0.0974464
97.7667 31.0833 0.097278
102.19 30.3353 0.100403
106.889 30.8582 0.0918023
109.166 30.8669 0.0865841
113.772 30.165 0.072055
118.071 30.5656 0.059793
124.468 29.5938 0.0679912
128.615 31.5015 0.0738792
133.066 31.5735 0.0790008
135.727 23.3182 0.096905
120.322 27.3811 0.0883644
105.218 30.2944 0.0484688
39.6564 32.5267 0.11093
47.1139 31.9162 0.11
48.1425 24.1409 0.128711
30.5199 32.5067 0.0334225
42.9673 24.6431 0.100097
37.9717 30.1162 0.123404
44.3449 33.8127 0.0589847
42.8501 33.6205 0.0782117
54.9906 30.2863 0.13039
51.0477 30.3182 0.106095
52.5339 28.5275 0.0906871
53.0845 26.8293 0.123926
55.027 26.3342 0.13383
57.9483 25.4159 0.129821
58.2207 21.424 0.13203
58.2896 23.8445 0.130441
63.8393 30.7797 0.0845881
72.5097 29.0387 0.103462
69.8911 31.3701 0.0875543
76.4838 31.1657 0.100015
76.4653 29.3958 0.107797
82.5771 30.894 0.104681
83.8463 30.3817 0.0949284
89.611 30.568 0.093245
91.691 30.4354 0.0965142
95.2785 30.4594 0.101148
98.1572 30.3802 0.1022
102.168 30.3386 0.103605
106.801 30.3806 0.102339
109.523 30.3287 0.096878
113.538 29.9066 0.0788406
118.017 30.0477 0.0673622
125.375 31.0277 0.0692043
129.497 26.8197 0.0940152
133.666 27.6945 0.0908091
139.3 32.3583 0.0784462
118.115 32.7929 0.0767553
74.1858 32.9963 0.0392407
36.8634 31.8504 0.134329
31.8941 32.8999 0.055264
35.5945 33.7673 0.0716763
31.6895 29.5201 0.0835582
36.5889 33.2097 0.101694
38.7242 31.1352 0.126161
42.1023 31.4675 0.107968
43.3313 32.3953 0.0822608
47.5419 31.903 0.127738
50.1251 31.8598 0.117113
50.7311 31.9969 0.111855
55.3295 32.2458 0.133131
56.6388 33.149 0.102538
55.086 33.7204 0.110668
59.5595 32.084 0.117873
59.3755 28.3005 0.123194
63.4939 32.1682 0.0875109
71.8347 33.0616 0.0837662
70.6577 31.4005 0.0983211
76.6249 30.9298 0.104797
76.3786 31.7387 0.09991
82.4203 31.9587 0.105994
83.9263 31.8493 0.0974955
89.4896 32.3272 0.086781
91.8535 32.0859 0.101288
95.1914 32.1996 0.10241
98.267 32.3451 0.0961544
102.284 31.9576 0.104124
106.643 31.9646 0.097878
109.675 32.0025 0.0905019
113.393 31.9643 0.0797878
118.271 31.9141 0.0676528
124.158 32.2296 0.0692505
127.962 32.1699 0.0783754
131.975 33.451 0.0781665
137.212 32.5611 0.0844865
137.453 32.621 0.0959812
43.7787 32.603 0.121112
38.7341 33.7492 0.096342
36.2148 32.9094 0.108995
34.967 33.627 0.13291
34.0669 33.0533 0.113205
40.6378 32.0286 0.128489
36.3496 32.6783 0.123088
42.2733 32.9475 0.107122
44.5162 32.8216 0.0856987
48.6859 33.4452 0.0929933
51.9172 33.5353 0.0842985
49.8625 33.3636 0.0812948
50.5841 33.0553 0.0865545
54.2589 33.1054 0.129384
54.7361 33.2789 0.128133
57.2071 33.423 0.116904
58.5075 32.6904 0.119164
63.4011 32.307 0.0889908
70.4399 32.5084 0.0844103
70.1972 33.1069 0.0789938
77.5073 33.3465 0.0885994
76.4801 33.3783 0.0830966
82.6514 33.4906 0.0881285
83.6961 33.0577 0.0801389
89.5155 33.526 0.074654
92.1991 33.2995 0.091627
94.991 33.3257 0.0911386
99.4646 33.6601 0.0787177
102.111 32.5993 0.0983466
106.078 33.4755 0.0831547
109.715 33.2929 0.0765572
113.061 32.91 0.0716736
119.347 31.0989 0.0730133
123.842 31.3541 0.0737372
127.255 28.1392 0.10062
131.826 32.4624 0.0936428
139.387 30.45 0.084094
140.913 32.6729 0.0874079
44.5977 32.2719 0.0816721
35.671 32.9271 0.127572
41.9941 33.4679 0.0880423
41.7935 31.8684 0.12419
33.7217 33.1207 0.11569
37.4013 32.5784 0.100583
36.5753 32.9745 0.123622
41.3819 31.3954 0.132509
44.8004 31.8042 0.10758
46.767 32.8846 0.109918
48.9057 33.1291 0.105774
50.4299 33.1342 0.0942281
50.8228 32.5012 0.103333
55.71 32.4847 0.13224
55.179 32.9353 0.130058
59.3519 33.4899 0.112359
57.3728 33.5037 0.119066
63.4759 33.2786 0.0803396
70.8478 32.0536 0.0903386
70.4112 32.1952 0.0851798
77.7906 32.6299 0.102577
76.4739 33.3725 0.0876888
82.2937 33.1848 0.0968762
84.1935 33.4877 0.0811997
89.325 33.5627 0.0751695
93.5665 33.5992 0.0981317
95.0243 33.5522 0.0920168
101.377 33.5435 0.0867379
102.629 33.3711 0.0942421
105.254 33.5529 0.0875754
111.259 33.5956 0.0738894
113.154 33.4804 0.0700081
120.204 32.5479 0.0656816
123.83 31.3524 0.0722139
128.575 33.4386 0.0710254
131.061 31.8272 0.098586
134.475 32.3279 0.0917498
140.95 30.9048 0.102079
77.8694 31.5234 0.0540881
33.8326 32.2381 0.123669
40.2612 29.3279 0.134627
41.0298 25.6614 0.112777
31.4879 33.2717 0.064525
35.9254 31.747 0.116641
36.5838 32.2756 0.120963
40.3601 30.4457 0.136138
44.5549 32.0768 0.114945
48.5844 33.3431 0.109129
51.3087 33.014 0.101852
51.2351 32.6507 0.107117
52.2417 31.7929 0.129109
56.3312 32.3195 0.134033
55.1009 33.2624 0.133294
60.5724 33.4192 0.098658
58.1875 32.2089 0.130449
64.7346 32.7554 0.0821373
70.4459 30.271 0.112686
70.0741 30.19 0.113039
77.3647 31.5586 0.112365
75.9671 31.4405 0.102814
82.301 31.3324 0.116494
84.8856 31.4578 0.10042
89.423 31.7372 0.0948894
93.399 31.7195 0.111846
94.9665 31.6352 0.110598
101.256 31.6813 0.108912
103.082 31.5956 0.112279
105.074 31.7685 0.107835
111.242 31.6899 0.0897596
112.968 31.5776 0.0839211
119.865 31.9308 0.0711841
124.688 30.0877 0.0870867
128.026 32.6672 0.0829916
132.532 33.4851 0.0936113
135.533 32.9956 0.0857914
135.507 32.8511 0.106563
83.6514 32.0854 0.0740762
36.7887 32.7567 0.138816
46.1671 33.0737 0.0982636
39.8552 33.269 0.0929042
34.3522 33.5385 0.127673
46.83 33.5118 0.0892701
37.0634 33.474 0.109701
44.4662 32.9196 0.0885784
43.907 33.1745 0.0929251
49.7204 33.3442 0.0895805
50.4254 33.295 0.0947062
50.5774 33.4532 0.0882798
49.9618 32.8624 0.0935807
55.5038 33.358 0.1254
54.8714 33.4813 0.13441
55.8869 33.1569 0.131177
58.9461 32.3309 0.12824
64.6259 33.0861 0.0708679
end.
