begin.
285.483 253.221 1.20863e+08
288.709 253.222 1.28247e+08
291.935 253.222 1.33495e+08
295.161 253.222 1.36831e+08
298.387 253.222 1.38447e+08
301.613 253.222 1.38447e+08
304.839 253.222 1.36831e+08
308.065 253.222 1.33495e+08
311.291 253.222 1.28247e+08
314.517 253.221 1.20863e+08
275.804 256.448 1.1478e+08
279.031 256.448 1.2996e+08
282.257 256.448 1.42777e+08
285.483 256.448 1.52996e+08
288.709 256.448 1.60642e+08
291.935 256.448 1.65954e+08
295.161 256.449 1.69266e+08
298.387 256.449 1.70848e+08
301.613 256.449 1.70848e+08
304.839 256.449 1.69266e+08
308.065 256.448 1.65954e+08
311.291 256.448 1.60642e+08
314.517 256.448 1.52996e+08
317.743 256.448 1.42777e+08
320.969 256.448 1.2996e+08
324.196 256.448 1.1478e+08
272.578 259.674 1.25393e+08
275.804 259.674 1.43697e+08
279.031 259.674 1.59499e+08
282.257 259.675 1.72385e+08
285.483 259.675 1.82304e+08
288.709 259.675 1.89494e+08
291.935 259.675 1.94355e+08
295.161 259.675 1.97314e+08
298.387 259.675 1.98696e+08
301.613 259.675 1.98696e+08
304.839 259.675 1.97314e+08
308.065 259.675 1.94355e+08
311.291 259.675 1.89494e+08
314.517 259.675 1.82304e+08
317.743 259.675 1.72385e+08
320.969 259.674 1.59499e+08
324.196 259.674 1.43697e+08
327.422 259.674 1.25393e+08
269.352 262.9 1.31449e+08
272.578 262.9 1.52292e+08
275.805 262.901 1.70598e+08
279.031 262.901 1.85785e+08
282.257 262.901 1.97688e+08
285.483 262.902 2.06491e+08
288.709 262.902 2.12625e+08
291.935 262.902 2.16631e+08
295.161 262.902 2.1899e+08
298.387 262.902 2.20059e+08
301.613 262.902 2.20059e+08
304.839 262.902 2.1899e+08
308.065 262.902 2.16631e+08
311.291 262.902 2.12625e+08
314.517 262.902 2.06491e+08
317.743 262.901 1.97688e+08
320.969 262.901 1.85785e+08
324.195 262.901 1.70598e+08
327.422 262.9 1.52292e+08
330.648 262.9 1.31449e+08
266.126 266.126 1.3338e+08
269.352 266.126 1.56323e+08
272.579 266.127 1.76696e+08
275.805 266.127 1.93763e+08
279.031 266.128 2.07269e+08
282.257 266.128 2.17349e+08
285.484 266.128 2.24441e+08
288.709 266.128 2.2915e+08
291.935 266.128 2.32093e+08
295.161 266.128 2.33754e+08
298.387 266.128 2.34486e+08
301.613 266.128 2.34486e+08
304.839 266.128 2.33754e+08
308.065 266.128 2.32093e+08
311.291 266.128 2.2915e+08
314.516 266.128 2.24441e+08
317.743 266.128 2.17349e+08
320.969 266.128 2.07269e+08
324.195 266.127 1.93763e+08
327.421 266.127 1.76696e+08
330.648 266.126 1.56323e+08
333.874 266.126 1.3338e+08
262.9 269.352 1.31449e+08
266.126 269.352 1.56323e+08
269.353 269.353 1.78592e+08
272.579 269.353 1.97356e+08
275.805 269.354 2.12249e+08
279.032 269.354 2.23369e+08
282.258 269.354 2.31168e+08
285.484 269.354 2.3633e+08
288.71 269.355 2.39573e+08
291.936 269.355 2.41486e+08
295.161 269.355 2.42512e+08
298.387 269.355 2.42948e+08
301.613 269.355 2.42948e+08
304.839 269.355 2.42512e+08
308.064 269.355 2.41486e+08
311.29 269.355 2.39573e+08
314.516 269.354 2.3633e+08
317.742 269.354 2.31168e+08
320.968 269.354 2.23369e+08
324.195 269.354 2.12249e+08
327.421 269.353 1.97356e+08
330.647 269.353 1.78592e+08
333.874 269.352 1.56323e+08
337.1 269.352 1.31449e+08
259.674 272.578 1.25393e+08
262.9 272.578 1.52292e+08
266.127 272.579 1.76696e+08
269.353 272.579 1.97356e+08
272.58 272.58 2.13734e+08
275.806 272.58 2.25916e+08
279.032 272.58 2.34399e+08
282.258 272.58 2.39941e+08
285.484 272.581 2.43367e+08
288.71 272.581 2.45368e+08
291.936 272.581 2.46452e+08
295.161 272.581 2.46989e+08
298.387 272.581 2.47205e+08
301.613 272.581 2.47205e+08
304.839 272.581 2.46989e+08
308.064 272.581 2.46452e+08
311.29 272.581 2.45368e+08
314.516 272.581 2.43367e+08
317.742 272.58 2.39941e+08
320.968 272.58 2.34399e+08
324.194 272.58 2.25916e+08
327.42 272.58 2.13734e+08
330.647 272.579 1.97356e+08
333.873 272.579 1.76696e+08
337.1 272.578 1.52292e+08
340.326 272.578 1.25393e+08
256.448 275.804 1.1478e+08
259.674 275.804 1.43697e+08
262.901 275.805 1.70598e+08
266.127 275.805 1.93763e+08
269.354 275.805 2.12249e+08
272.58 275.806 2.25916e+08
275.806 275.806 2.35323e+08
279.032 275.806 2.41363e+08
282.258 275.806 2.45e+08
285.484 275.807 2.47047e+08
288.71 275.807 2.48119e+08
291.936 275.807 2.48627e+08
295.161 275.807 2.48847e+08
298.387 275.807 2.4893e+08
301.613 275.807 2.4893e+08
304.839 275.807 2.48847e+08
308.064 275.807 2.48627e+08
311.29 275.807 2.48119e+08
314.516 275.807 2.47047e+08
317.742 275.806 2.45e+08
320.968 275.806 2.41363e+08
324.194 275.806 2.35323e+08
327.42 275.806 2.25916e+08
330.646 275.805 2.12249e+08
333.873 275.805 1.93763e+08
337.099 275.805 1.70598e+08
340.326 275.804 1.43697e+08
343.552 275.804 1.1478e+08
256.448 279.031 1.2996e+08
259.674 279.031 1.59499e+08
262.901 279.031 1.85785e+08
266.128 279.031 2.07269e+08
269.354 279.032 2.23369e+08
272.58 279.032 2.34399e+08
275.806 279.032 2.41363e+08
279.032 279.032 2.45431e+08
282.258 279.032 2.47618e+08
285.484 279.032 2.48687e+08
288.71 279.032 2.49158e+08
291.936 279.032 2.4934e+08
295.161 279.032 2.49407e+08
298.387 279.032 2.49433e+08
301.613 279.032 2.49433e+08
304.839 279.032 2.49407e+08
308.064 279.032 2.4934e+08
311.29 279.032 2.49158e+08
314.516 279.032 2.48687e+08
317.742 279.032 2.47618e+08
320.968 279.032 2.45431e+08
324.194 279.032 2.41363e+08
327.42 279.032 2.34399e+08
330.646 279.032 2.23369e+08
333.872 279.031 2.07269e+08
337.099 279.031 1.85785e+08
340.326 279.031 1.59499e+08
343.552 279.031 1.2996e+08
256.448 282.257 1.42777e+08
259.675 282.257 1.72385e+08
262.901 282.257 1.97688e+08
266.128 282.257 2.17349e+08
269.354 282.258 2.31168e+08
272.58 282.258 2.39941e+08
275.806 282.258 2.45e+08
279.032 282.258 2.47618e+08
282.258 282.258 2.48811e+08
285.484 282.258 2.49284e+08
288.71 282.258 2.49448e+08
291.936 282.258 2.49503e+08
295.161 282.258 2.49529e+08
298.387 282.258 2.49542e+08
301.613 282.258 2.49542e+08
304.839 282.258 2.49529e+08
308.064 282.258 2.49503e+08
311.29 282.258 2.49448e+08
314.516 282.258 2.49284e+08
317.742 282.258 2.48811e+08
320.968 282.258 2.47618e+08
324.194 282.258 2.45e+08
327.42 282.258 2.39941e+08
330.646 282.258 2.31168e+08
333.872 282.257 2.17349e+08
337.099 282.257 1.97688e+08
340.325 282.257 1.72385e+08
343.552 282.257 1.42777e+08
253.221 285.483 1.20863e+08
256.448 285.483 1.52996e+08
259.675 285.483 1.82304e+08
262.902 285.483 2.06491e+08
266.128 285.484 2.24441e+08
269.354 285.484 2.3633e+08
272.581 285.484 2.43367e+08
275.807 285.484 2.47047e+08
279.032 285.484 2.48687e+08
282.258 285.484 2.49284e+08
285.484 285.484 2.49467e+08
288.71 285.484 2.49528e+08
291.936 285.484 2.4956e+08
295.161 285.484 2.4958e+08
298.387 285.484 2.49589e+08
301.613 285.484 2.49589e+08
304.839 285.484 2.4958e+08
308.064 285.484 2.4956e+08
311.29 285.484 2.49528e+08
314.516 285.484 2.49467e+08
317.742 285.484 2.49284e+08
320.968 285.484 2.48687e+08
324.193 285.484 2.47047e+08
327.419 285.484 2.43367e+08
330.646 285.484 2.3633e+08
333.872 285.484 2.24441e+08
337.098 285.483 2.06491e+08
340.325 285.483 1.82304e+08
343.552 285.483 1.52996e+08
346.779 285.483 1.20863e+08
253.222 288.709 1.28247e+08
256.448 288.709 1.60642e+08
259.675 288.709 1.89494e+08
262.902 288.709 2.12625e+08
266.128 288.709 2.2915e+08
269.355 288.71 2.39573e+08
272.581 288.71 2.45368e+08
275.807 288.71 2.48119e+08
279.032 288.71 2.49158e+08
282.258 288.71 2.49448e+08
285.484 288.71 2.49528e+08
288.71 288.71 2.49569e+08
291.936 288.71 2.49595e+08
295.161 288.71 2.4961e+08
298.387 288.71 2.49617e+08
301.613 288.71 2.49617e+08
304.839 288.71 2.4961e+08
308.064 288.71 2.49595e+08
311.29 288.71 2.49569e+08
314.516 288.71 2.49528e+08
317.742 288.71 2.49448e+08
320.968 288.71 2.49158e+08
324.193 288.71 2.48119e+08
327.419 288.71 2.45368e+08
330.645 288.71 2.39573e+08
333.872 288.709 2.2915e+08
337.098 288.709 2.12625e+08
340.325 288.709 1.89494e+08
343.552 288.709 1.60642e+08
346.778 288.709 1.28247e+08
253.222 291.935 1.33495e+08
256.448 291.935 1.65954e+08
259.675 291.935 1.94355e+08
262.902 291.935 2.16631e+08
266.128 291.935 2.32093e+08
269.355 291.936 2.41486e+08
272.581 291.936 2.46452e+08
275.807 291.936 2.48627e+08
279.032 291.936 2.4934e+08
282.258 291.936 2.49503e+08
285.484 291.936 2.4956e+08
288.71 291.936 2.49595e+08
291.936 291.936 2.49615e+08
295.161 291.936 2.49626e+08
298.387 291.936 2.49631e+08
301.613 291.936 2.49631e+08
304.839 291.936 2.49626e+08
308.064 291.936 2.49615e+08
311.29 291.936 2.49595e+08
314.516 291.936 2.4956e+08
317.742 291.936 2.49503e+08
320.968 291.936 2.4934e+08
324.193 291.936 2.48627e+08
327.419 291.936 2.46452e+08
330.645 291.936 2.41486e+08
333.872 291.935 2.32093e+08
337.098 291.935 2.16631e+08
340.325 291.935 1.94355e+08
343.552 291.935 1.65954e+08
346.778 291.935 1.33495e+08
253.222 295.161 1.36831e+08
256.449 295.161 1.69266e+08
259.675 295.161 1.97314e+08
262.902 295.161 2.1899e+08
266.128 295.161 2.33754e+08
269.355 295.161 2.42512e+08
272.581 295.161 2.46989e+08
275.807 295.161 2.48847e+08
279.032 295.161 2.49407e+08
282.258 295.161 2.49529e+08
285.484 295.161 2.4958e+08
288.71 295.161 2.4961e+08
291.936 295.161 2.49626e+08
295.161 295.161 2.49635e+08
298.387 295.161 2.49638e+08
301.613 295.161 2.49638e+08
304.839 295.161 2.49635e+08
308.064 295.161 2.49626e+08
311.29 295.161 2.4961e+08
314.516 295.161 2.4958e+08
317.742 295.161 2.49529e+08
320.968 295.161 2.49407e+08
324.193 295.161 2.48847e+08
327.419 295.161 2.46989e+08
330.645 295.161 2.42512e+08
333.872 295.161 2.33754e+08
337.098 295.161 2.1899e+08
340.325 295.161 1.97314e+08
343.551 295.161 1.69266e+08
346.778 295.161 1.36831e+08
253.222 298.387 1.38447e+08
256.449 298.387 1.70848e+08
259.675 298.387 1.98696e+08
262.902 298.387 2.20059e+08
266.128 298.387 2.34486e+08
269.355 298.387 2.42948e+08
272.581 298.387 2.47205e+08
275.807 298.387 2.4893e+08
279.032 298.387 2.49433e+08
282.258 298.387 2.49542e+08
285.484 298.387 2.49589e+08
288.71 298.387 2.49617e+08
291.936 298.387 2.49631e+08
295.161 298.387 2.49638e+08
298.387 298.387 2.49641e+08
301.613 298.387 2.49641e+08
304.839 298.387 2.49638e+08
308.064 298.387 2.49631e+08
311.29 298.387 2.49617e+08
314.516 298.387 2.49589e+08
317.742 298.387 2.49542e+08
320.968 298.387 2.49433e+08
324.193 298.387 2.4893e+08
327.419 298.387 2.47205e+08
330.645 298.387 2.42948e+08
333.872 298.387 2.34486e+08
337.098 298.387 2.20059e+08
340.325 298.387 1.98696e+08
343.551 298.387 1.70848e+08
346.778 298.387 1.38447e+08
253.222 301.613 1.38447e+08
256.449 301.613 1.70848e+08
259.675 301.613 1.98696e+08
262.902 301.613 2.20059e+08
266.128 301.613 2.34486e+08
269.355 301.613 2.42948e+08
272.581 301.613 2.47205e+08
275.807 301.613 2.4893e+08
279.032 301.613 2.49433e+08
282.258 301.613 2.49542e+08
285.484 301.613 2.49589e+08
288.71 301.613 2.49617e+08
291.936 301.613 2.49631e+08
295.161 301.613 2.49638e+08
298.387 301.613 2.49641e+08
301.613 301.613 2.49641e+08
304.839 301.613 2.49638e+08
308.064 301.613 2.49631e+08
311.29 301.613 2.49617e+08
314.516 301.613 2.49589e+08
317.742 301.613 2.49542e+08
320.968 301.613 2.49433e+08
324.193 301.613 2.4893e+08
327.419 301.613 2.47205e+08
330.645 301.613 2.42948e+08
333.872 301.613 2.34486e+08
337.098 301.613 2.20059e+08
340.325 301.613 1.98696e+08
343.551 301.613 1.70848e+08
346.778 301.613 1.38447e+08
253.222 304.839 1.36831e+08
256.449 304.839 1.69266e+08
259.675 304.839 1.97314e+08
262.902 304.839 2.1899e+08
266.128 304.839 2.33754e+08
269.355 304.839 2.42512e+08
272.581 304.839 2.46989e+08
275.807 304.839 2.48847e+08
279.032 304.839 2.49407e+08
282.258 304.839 2.49529e+08
285.484 304.839 2.4958e+08
288.71 304.839 2.4961e+08
291.936 304.839 2.49626e+08
295.161 304.839 2.49635e+08
298.387 304.839 2.49638e+08
301.613 304.839 2.49638e+08
304.839 304.839 2.49635e+08
308.064 304.839 2.49626e+08
311.29 304.839 2.4961e+08
314.516 304.839 2.4958e+08
317.742 304.839 2.49529e+08
320.968 304.839 2.49407e+08
324.193 304.839 2.48847e+08
327.419 304.839 2.46989e+08
330.645 304.839 2.42512e+08
333.872 304.839 2.33754e+08
337.098 304.839 2.1899e+08
340.325 304.839 1.97314e+08
343.551 304.839 1.69266e+08
346.778 304.839 1.36831e+08
253.222 308.065 1.33495e+08
256.448 308.065 1.65954e+08
259.675 308.065 1.94355e+08
262.902 308.065 2.16631e+08
266.128 308.065 2.32093e+08
269.355 308.064 2.41486e+08
272.581 308.064 2.46452e+08
275.807 308.064 2.48627e+08
279.032 308.064 2.4934e+08
282.258 308.064 2.49503e+08
285.484 308.064 2.4956e+08
288.71 308.064 2.49595e+08
291.936 308.064 2.49615e+08
295.161 308.064 2.49626e+08
298.387 308.064 2.49631e+08
301.613 308.064 2.49631e+08
304.839 308.064 2.49626e+08
308.064 308.064 2.49615e+08
311.29 308.064 2.49595e+08
314.516 308.064 2.4956e+08
317.742 308.064 2.49503e+08
320.968 308.064 2.4934e+08
324.193 308.064 2.48627e+08
327.419 308.064 2.46452e+08
330.645 308.064 2.41486e+08
333.872 308.065 2.32093e+08
337.098 308.065 2.16631e+08
340.325 308.065 1.94355e+08
343.552 308.065 1.65954e+08
346.778 308.065 1.33495e+08
253.222 311.291 1.28247e+08
256.448 311.291 1.60642e+08
259.675 311.291 1.89494e+08
262.902 311.291 2.12625e+08
266.128 311.291 2.2915e+08
269.355 311.29 2.39573e+08
272.581 311.29 2.45368e+08
275.807 311.29 2.48119e+08
279.032 311.29 2.49158e+08
282.258 311.29 2.49448e+08
285.484 311.29 2.49528e+08
288.71 311.29 2.49569e+08
291.936 311.29 2.49595e+08
295.161 311.29 2.4961e+08
298.387 311.29 2.49617e+08
301.613 311.29 2.49617e+08
304.839 311.29 2.4961e+08
308.064 311.29 2.49595e+08
311.29 311.29 2.49569e+08
314.516 311.29 2.49528e+08
317.742 311.29 2.49448e+08
320.968 311.29 2.49158e+08
324.193 311.29 2.48119e+08
327.419 311.29 2.45368e+08
330.645 311.29 2.39573e+08
333.872 311.291 2.2915e+08
337.098 311.291 2.12625e+08
340.325 311.291 1.89494e+08
343.552 311.291 1.60642e+08
346.778 311.291 1.28247e+08
253.221 314.517 1.20863e+08
256.448 314.517 1.52996e+08
259.675 314.517 1.82304e+08
262.902 314.517 2.06491e+08
266.128 314.516 2.24441e+08
269.354 314.516 2.3633e+08
272.581 314.516 2.43367e+08
275.807 314.516 2.47047e+08
279.032 314.516 2.48687e+08
282.258 314.516 2.49284e+08
285.484 314.516 2.49467e+08
288.71 314.516 2.49528e+08
291.936 314.516 2.4956e+08
295.161 314.516 2.4958e+08
298.387 314.516 2.49589e+08
301.613 314.516 2.49589e+08
304.839 314.516 2.4958e+08
308.064 314.516 2.4956e+08
311.29 314.516 2.49528e+08
314.516 314.516 2.49467e+08
317.742 314.516 2.49284e+08
320.968 314.516 2.48687e+08
324.193 314.516 2.47047e+08
327.419 314.516 2.43367e+08
330.646 314.516 2.3633e+08
333.872 314.516 2.24441e+08
337.098 314.517 2.06491e+08
340.325 314.517 1.82304e+08
343.552 314.517 1.52996e+08
346.779 314.517 1.20863e+08
256.448 317.743 1.42777e+08
259.675 317.743 1.72385e+08
262.901 317.743 1.97688e+08
266.128 317.743 2.17349e+08
269.354 317.742 2.31168e+08
272.58 317.742 2.39941e+08
275.806 317.742 2.45e+08
279.032 317.742 2.47618e+08
282.258 317.742 2.48811e+08
285.484 317.742 2.49284e+08
288.71 317.742 2.49448e+08
291.936 317.742 2.49503e+08
295.161 317.742 2.49529e+08
298.387 317.742 2.49542e+08
301.613 317.742 2.49542e+08
304.839 317.742 2.49529e+08
308.064 317.742 2.49503e+08
311.29 317.742 2.49448e+08
314.516 317.742 2.49284e+08
317.742 317.742 2.48811e+08
320.968 317.742 2.47618e+08
324.194 317.742 2.45e+08
327.42 317.742 2.39941e+08
330.646 317.742 2.31168e+08
333.872 317.743 2.17349e+08
337.099 317.743 1.97688e+08
340.325 317.743 1.72385e+08
343.552 317.743 1.42777e+08
256.448 320.969 1.2996e+08
259.674 320.969 1.59499e+08
262.901 320.969 1.85785e+08
266.128 320.969 2.07269e+08
269.354 320.968 2.23369e+08
272.58 320.968 2.34399e+08
275.806 320.968 2.41363e+08
279.032 320.968 2.45431e+08
282.258 320.968 2.47618e+08
285.484 320.968 2.48687e+08
288.71 320.968 2.49158e+08
291.936 320.968 2.4934e+08
295.161 320.968 2.49407e+08
298.387 320.968 2.49433e+08
301.613 320.968 2.49433e+08
304.839 320.968 2.49407e+08
308.064 320.968 2.4934e+08
311.29 320.968 2.49158e+08
314.516 320.968 2.48687e+08
317.742 320.968 2.47618e+08
320.968 320.968 2.45431e+08
324.194 320.968 2.41363e+08
327.42 320.968 2.34399e+08
330.646 320.968 2.23369e+08
333.872 320.969 2.07269e+08
337.099 320.969 1.85785e+08
340.326 320.969 1.59499e+08
343.552 320.969 1.2996e+08
256.448 324.196 1.1478e+08
259.674 324.196 1.43697e+08
262.901 324.195 1.70598e+08
266.127 324.195 1.93763e+08
269.354 324.195 2.12249e+08
272.58 324.194 2.25916e+08
275.806 324.194 2.35323e+08
279.032 324.194 2.41363e+08
282.258 324.194 2.45e+08
285.484 324.193 2.47047e+08
288.71 324.193 2.48119e+08
291.936 324.193 2.48627e+08
295.161 324.193 2.48847e+08
298.387 324.193 2.4893e+08
301.613 324.193 2.4893e+08
304.839 324.193 2.48847e+08
308.064 324.193 2.48627e+08
311.29 324.193 2.48119e+08
314.516 324.193 2.47047e+08
317.742 324.194 2.45e+08
320.968 324.194 2.41363e+08
324.194 324.194 2.35323e+08
327.42 324.194 2.25916e+08
330.646 324.195 2.12249e+08
333.873 324.195 1.93763e+08
337.099 324.195 1.70598e+08
340.326 324.196 1.43697e+08
343.552 324.196 1.1478e+08
259.674 327.422 1.25393e+08
262.9 327.422 1.52292e+08
266.127 327.421 1.76696e+08
269.353 327.421 1.97356e+08
272.58 327.42 2.13734e+08
275.806 327.42 2.25916e+08
279.032 327.42 2.34399e+08
282.258 327.42 2.39941e+08
285.484 327.419 2.43367e+08
288.71 327.419 2.45368e+08
291.936 327.419 2.46452e+08
295.161 327.419 2.46989e+08
298.387 327.419 2.47205e+08
301.613 327.419 2.47205e+08
304.839 327.419 2.46989e+08
308.064 327.419 2.46452e+08
311.29 327.419 2.45368e+08
314.516 327.419 2.43367e+08
317.742 327.42 2.39941e+08
320.968 327.42 2.34399e+08
324.194 327.42 2.25916e+08
327.42 327.42 2.13734e+08
330.647 327.421 1.97356e+08
333.873 327.421 1.76696e+08
337.1 327.422 1.52292e+08
340.326 327.422 1.25393e+08
262.9 330.648 1.31449e+08
266.126 330.648 1.56323e+08
269.353 330.647 1.78592e+08
272.579 330.647 1.97356e+08
275.805 330.646 2.12249e+08
279.032 330.646 2.23369e+08
282.258 330.646 2.31168e+08
285.484 330.646 2.3633e+08
288.71 330.645 2.39573e+08
291.936 330.645 2.41486e+08
295.161 330.645 2.42512e+08
298.387 330.645 2.42948e+08
301.613 330.645 2.42948e+08
304.839 330.645 2.42512e+08
308.064 330.645 2.41486e+08
311.29 330.645 2.39573e+08
314.516 330.646 2.3633e+08
317.742 330.646 2.31168e+08
320.968 330.646 2.23369e+08
324.195 330.646 2.12249e+08
327.421 330.647 1.97356e+08
330.647 330.647 1.78592e+08
333.874 330.648 1.56323e+08
337.1 330.648 1.31449e+08
266.126 333.874 1.3338e+08
269.352 333.874 1.56323e+08
272.579 333.873 1.76696e+08
275.805 333.873 1.93763e+08
279.031 333.872 2.07269e+08
282.257 333.872 2.17349e+08
285.484 333.872 2.24441e+08
288.709 333.872 2.2915e+08
291.935 333.872 2.32093e+08
295.161 333.872 2.33754e+08
298.387 333.872 2.34486e+08
301.613 333.872 2.34486e+08
304.839 333.872 2.33754e+08
308.065 333.872 2.32093e+08
311.291 333.872 2.2915e+08
314.516 333.872 2.24441e+08
317.743 333.872 2.17349e+08
320.969 333.872 2.07269e+08
324.195 333.873 1.93763e+08
327.421 333.873 1.76696e+08
330.648 333.874 1.56323e+08
333.874 333.874 1.3338e+08
269.352 337.1 1.31449e+08
272.578 337.1 1.52292e+08
275.805 337.099 1.70598e+08
279.031 337.099 1.85785e+08
282.257 337.099 1.97688e+08
285.483 337.098 2.06491e+08
288.709 337.098 2.12625e+08
291.935 337.098 2.16631e+08
295.161 337.098 2.1899e+08
298.387 337.098 2.20059e+08
301.613 337.098 2.20059e+08
304.839 337.098 2.1899e+08
308.065 337.098 2.16631e+08
311.291 337.098 2.12625e+08
314.517 337.098 2.06491e+08
317.743 337.099 1.97688e+08
320.969 337.099 1.85785e+08
324.195 337.099 1.70598e+08
327.422 337.1 1.52292e+08
330.648 337.1 1.31449e+08
272.578 340.326 1.25393e+08
275.804 340.326 1.43697e+08
279.031 340.326 1.59499e+08
282.257 340.325 1.72385e+08
285.483 340.325 1.82304e+08
288.709 340.325 1.89494e+08
291.935 340.325 1.94355e+08
295.161 340.325 1.97314e+08
298.387 340.325 1.98696e+08
301.613 340.325 1.98696e+08
304.839 340.325 1.97314e+08
308.065 340.325 1.94355e+08
311.291 340.325 1.89494e+08
314.517 340.325 1.82304e+08
317.743 340.325 1.72385e+08
320.969 340.326 1.59499e+08
324.196 340.326 1.43697e+08
327.422 340.326 1.25393e+08
275.804 343.552 1.1478e+08
279.031 343.552 1.2996e+08
282.257 343.552 1.42777e+08
285.483 343.552 1.52996e+08
288.709 343.552 1.60642e+08
291.935 343.552 1.65954e+08
295.161 343.551 1.69266e+08
298.387 343.551 1.70848e+08
301.613 343.551 1.70848e+08
304.839 343.551 1.69266e+08
308.065 343.552 1.65954e+08
311.291 343.552 1.60642e+08
314.517 343.552 1.52996e+08
317.743 343.552 1.42777e+08
320.969 343.552 1.2996e+08
324.196 343.552 1.1478e+08
285.483 346.779 1.20863e+08
288.709 346.778 1.28247e+08
291.935 346.778 1.33495e+08
295.161 346.778 1.36831e+08
298.387 346.778 1.38447e+08
301.613 346.778 1.38447e+08
304.839 346.778 1.36831e+08
308.065 346.778 1.33495e+08
311.291 346.778 1.28247e+08
314.517 346.779 1.20863e+08
end.
